0 0.6516736401673641 0.7941176470588235 0.09832635983263599 0.02588235294117647
0 0.12238493723849372 0.8164705882352942 0.24476987447698745 0.09411764705882353
0 0.7866108786610879 0.73 0.24267782426778242 0.0811764705882353
0 0.4884937238493724 0.6170588235294118 0.18619246861924685 0.10470588235294118
0 0.053347280334728034 0.5588235294117647 0.10669456066945607 0.03058823529411765
0 0.3619246861924686 0.5641176470588235 0.0502092050209205 0.04588235294117647
0 0.06694560669456066 0.5005882352941177 0.13389121338912133 0.03882352941176471
0 0.4382845188284519 0.49529411764705883 0.12343096234309624 0.03058823529411765
0 0.9330543933054394 0.48823529411764705 0.13389121338912133 0.04
0 0.038702928870292884 0.45529411764705885 0.07740585774058577 0.023529411764705882
0 0.1087866108786611 0.4535294117647059 0.07531380753138076 0.036470588235294116
0 0.9236401673640168 0.4041176470588235 0.15271966527196654 0.09294117647058824
0 0.04184100418410042 0.34294117647058825 0.04602510460251046 0.01764705882352941
0 0.1297071129707113 0.34294117647058825 0.07112970711297072 0.02235294117647059
0 0.1903765690376569 0.33 0.03765690376569038 0.01764705882352941
0 0.3912133891213389 0.29352941176470587 0.04602510460251046 0.029411764705882353
0 0.7552301255230126 0.29294117647058826 0.13807531380753138 0.058823529411764705
0 0.9414225941422594 0.2641176470588235 0.11715481171548117 0.04352941176470588
0 0.1705020920502092 0.2576470588235294 0.2405857740585774 0.07294117647058823
0 0.9110878661087866 0.19058823529411764 0.17782426778242677 0.08705882352941176
0 0.7322175732217573 0.15411764705882353 0.11715481171548117 0.01647058823529412
0 0.6391213389121339 0.12764705882352942 0.05230125523012552 0.029411764705882353
0 0.4089958158995816 0.05411764705882353 0.12761506276150628 0.10823529411764705
0 0.23221757322175732 0.006470588235294118 0.0502092050209205 0.012941176470588235
0 0.0397489539748954 0.006470588235294118 0.0794979079497908 0.012941176470588235
