0 0.12866108786610878 0.981764705882353 0.25732217573221755 0.036470588235294116
0 0.9152719665271967 0.9735294117647059 0.1694560669456067 0.03176470588235294
0 0.4225941422594142 0.898235294117647 0.029288702928870293 0.029411764705882353
0 0.9267782426778243 0.8794117647058823 0.11297071129707113 0.012941176470588235
0 0.3619246861924686 0.8811764705882353 0.08368200836820083 0.03764705882352941
0 0.4456066945606695 0.8594117647058823 0.058577405857740586 0.03882352941176471
0 0.3577405857740586 0.8441176470588235 0.09623430962343096 0.041176470588235294
0 0.5282426778242678 0.8170588235294117 0.043933054393305436 0.02
0 0.4309623430962343 0.8041176470588235 0.04602510460251046 0.024705882352941175
0 0.2604602510460251 0.78 0.043933054393305436 0.021176470588235293
0 0.26464435146443516 0.7588235294117647 0.05230125523012552 0.018823529411764704
0 0.5951882845188284 0.7611764705882353 0.24476987447698745 0.03764705882352941
0 0.016736401673640166 0.7664705882352941 0.03347280334728033 0.06705882352941177
0 0.4382845188284519 0.7370588235294118 0.056485355648535567 0.024705882352941175
0 0.647489539748954 0.7329411764705882 0.08158995815899582 0.03058823529411765
0 0.28451882845188287 0.7170588235294117 0.24686192468619247 0.03411764705882353
0 0.9895397489539749 0.7094117647058824 0.02092050209205021 0.02588235294117647
0 0.4131799163179916 0.6958823529411765 0.3912133891213389 0.07647058823529412
0 0.7552301255230126 0.6388235294117647 0.17573221757322174 0.09411764705882353
0 0.641213389121339 0.5994117647058823 0.043933054393305436 0.041176470588235294
0 0.5774058577405857 0.611764705882353 0.1087866108786611 0.09411764705882353
0 0.4456066945606695 0.5941176470588235 0.17573221757322174 0.11294117647058824
0 0.9884937238493724 0.53 0.02301255230125523 0.05058823529411765
0 0.11715481171548117 0.3488235294117647 0.23430962343096234 0.04588235294117647
0 0.2615062761506276 0.13647058823529412 0.06276150627615062 0.021176470588235293
0 0.4435146443514644 0.10823529411764705 0.16317991631799164 0.03058823529411765
0 0.04497907949790795 0.09411764705882353 0.0899581589958159 0.03294117647058824
0 0.8190376569037657 0.05647058823529412 0.303347280334728 0.05411764705882353
0 0.4435146443514644 0.03470588235294118 0.2301255230125523 0.04352941176470588
0 0.696652719665272 0.013529411764705882 0.2301255230125523 0.027058823529411764
