0 0.9016736401673641 0.7005882352941176 0.19665271966527198 0.027058823529411764
0 0.9811715481171548 0.6158823529411764 0.03765690376569038 0.027058823529411764
0 0.2730125523012552 0.5905882352941176 0.02301255230125523 0.021176470588235293
0 0.9759414225941423 0.5752941176470588 0.04811715481171548 0.03529411764705882
0 0.897489539748954 0.5723529411764706 0.07112970711297072 0.12117647058823529
0 0.8608786610878661 0.4835294117647059 0.08158995815899582 0.021176470588235293
0 0.401673640167364 0.48411764705882354 0.09205020920502092 0.024705882352941175
0 0.25523012552301255 0.4682352941176471 0.08786610878661087 0.018823529411764704
0 0.16213389121338911 0.4852941176470588 0.027196652719665274 0.05764705882352941
0 0.030334728033472803 0.5035294117647059 0.060669456066945605 0.11294117647058824
0 0.08891213389121339 0.36176470588235293 0.17782426778242677 0.07882352941176471
0 0.8577405857740585 0.3123529411764706 0.04184100418410042 0.02235294117647059
0 0.6328451882845189 0.26529411764705885 0.07322175732217573 0.029411764705882353
0 0.40481171548117156 0.25823529411764706 0.05230125523012552 0.027058823529411764
0 0.9288702928870293 0.20705882352941177 0.10460251046025104 0.07764705882352942
0 0.8901673640167364 0.1635294117647059 0.07740585774058577 0.04
0 0.645397489539749 0.12294117647058823 0.03138075313807531 0.03411764705882353
0 0.9602510460251046 0.09411764705882353 0.0794979079497908 0.023529411764705882
0 0.6286610878661087 0.09352941176470589 0.09414225941422594 0.06705882352941177
0 0.9309623430962343 0.03411764705882353 0.13807531380753138 0.06823529411764706
