0 0.02122641509433962 0.9163179916317992 0.04245283018867924 0.07531380753138076
0 0.7352594339622641 0.606694560669456 0.09787735849056604 0.12133891213389121
0 0.49528301886792453 0.5240585774058577 0.04245283018867924 0.06903765690376569
0 0.5595518867924528 0.5073221757322176 0.024764150943396228 0.09414225941422594
0 0.7718160377358491 0.4686192468619247 0.05070754716981132 0.03347280334728033
0 0.7234669811320755 0.4989539748953975 0.0695754716981132 0.15690376569037656
0 0.9604952830188679 0.4351464435146444 0.07900943396226415 0.09623430962343096
0 0.012382075471698114 0.2719665271966527 0.024764150943396228 0.03765690376569038
0 0.8484669811320755 0.16736401673640167 0.09787735849056604 0.07112970711297072
0 0.9457547169811321 0.12866108786610878 0.030660377358490566 0.05230125523012552
0 0.9262971698113207 0.04079497907949791 0.1474056603773585 0.06903765690376569
0 0.7942216981132075 0.011506276150627616 0.03891509433962264 0.02301255230125523
