0 0.7447698744769874 0.9429411764705883 0.13807531380753138 0.09058823529411765
0 0.8671548117154811 0.87 0.056485355648535567 0.052941176470588235
0 0.5679916317991632 0.8058823529411765 0.04811715481171548 0.058823529411764705
0 0.49686192468619245 0.7941176470588235 0.14435146443514643 0.042352941176470586
0 0.502092050209205 0.7876470588235294 0.03347280334728033 0.029411764705882353
0 0.4372384937238494 0.6941176470588235 0.04184100418410042 0.02588235294117647
0 0.551255230125523 0.6747058823529412 0.03138075313807531 0.027058823529411764
0 0.4769874476987448 0.6741176470588235 0.03765690376569038 0.02823529411764706
0 0.5188284518828452 0.6670588235294118 0.029288702928870293 0.02588235294117647
0 0.5 0.7011764705882353 0.2384937238493724 0.12
0 0.6903765690376569 0.6405882352941177 0.09623430962343096 0.07882352941176471
0 0.6380753138075314 0.5511764705882353 0.05439330543933055 0.02235294117647059
0 0.9299163179916318 0.5323529411764706 0.1401673640167364 0.05529411764705883
0 0.1506276150627615 0.5 0.08786610878661087 0.018823529411764704
0 0.5763598326359832 0.4929411764705882 0.07322175732217573 0.021176470588235293
0 0.13912133891213388 0.46176470588235297 0.0899581589958159 0.052941176470588235
0 0.07426778242677824 0.45235294117647057 0.03556485355648536 0.041176470588235294
0 0.038702928870292884 0.45 0.0397489539748954 0.03882352941176471
0 0.17154811715481172 0.43058823529411766 0.08368200836820083 0.01647058823529412
0 0.9027196652719666 0.4288235294117647 0.043933054393305436 0.015294117647058824
0 0.6956066945606695 0.5 0.09832635983263599 0.24941176470588236
0 0.3263598326359833 0.38529411764705884 0.3054393305439331 0.036470588235294116
0 0.5753138075313807 0.38588235294117645 0.15481171548117154 0.07058823529411765
0 0.4780334728033473 0.36705882352941177 0.06903765690376569 0.05411764705882353
0 0.03138075313807531 0.23588235294117646 0.06276150627615062 0.0811764705882353
0 0.1694560669456067 0.09647058823529411 0.06276150627615062 0.03529411764705882
