0 0.7039748953974896 0.8464705882352941 0.043933054393305436 0.03176470588235294
0 0.6161087866108786 0.54 0.043933054393305436 0.011764705882352941
0 0.04079497907949791 0.4958823529411765 0.08158995815899582 0.027058823529411764
0 0.5889121338912134 0.38588235294117645 0.08577405857740586 0.042352941176470586
0 0.8420502092050209 0.24058823529411766 0.08158995815899582 0.04352941176470588
0 0.7667364016736402 0.23588235294117646 0.08158995815899582 0.03882352941176471
0 0.3002092050209205 0.21411764705882352 0.03556485355648536 0.021176470588235293
0 0.26673640167364016 0.21470588235294116 0.03138075313807531 0.02235294117647059
0 0.3702928870292887 0.21294117647058824 0.03347280334728033 0.021176470588235293
0 0.33472803347280333 0.21294117647058824 0.03347280334728033 0.021176470588235293
0 0.4110878661087866 0.21176470588235294 0.03138075313807531 0.021176470588235293
0 0.446652719665272 0.2111764705882353 0.03138075313807531 0.02235294117647059
0 0.5083682008368201 0.21 0.03347280334728033 0.02235294117647059
0 0.34623430962343094 0.17823529411764705 0.03138075313807531 0.02235294117647059
0 0.2907949790794979 0.17882352941176471 0.04184100418410042 0.023529411764705882
0 0.4131799163179916 0.17705882352941177 0.03138075313807531 0.02235294117647059
0 0.48535564853556484 0.17588235294117646 0.03347280334728033 0.02235294117647059
0 0.448744769874477 0.17588235294117646 0.03138075313807531 0.02235294117647059
0 0.056485355648535567 0.0058823529411764705 0.11297071129707113 0.011764705882352941
