0 0.8127615062761506 0.9923529411764705 0.15690376569037656 0.015294117647058824
0 0.6286610878661087 0.9911764705882353 0.060669456066945605 0.01764705882352941
0 0.3274058577405858 0.9870588235294118 0.043933054393305436 0.02588235294117647
0 0.9424686192468619 0.9788235294117648 0.11506276150627615 0.042352941176470586
0 0.8336820083682008 0.8052941176470588 0.33263598326359833 0.05058823529411765
0 0.8368200836820083 0.7352941176470589 0.1297071129707113 0.03529411764705882
0 0.8451882845188284 0.7058823529411765 0.09623430962343096 0.021176470588235293
0 0.7060669456066946 0.6894117647058824 0.06903765690376569 0.023529411764705882
0 0.9058577405857741 0.6217647058823529 0.18828451882845187 0.03882352941176471
0 0.9748953974895398 0.5829411764705882 0.0502092050209205 0.02
0 0.8682008368200836 0.5588235294117647 0.21338912133891214 0.03529411764705882
0 0.8043933054393305 0.3511764705882353 0.06485355648535565 0.04352941176470588
