0 0.052476415094339625 0.8127615062761506 0.10495283018867925 0.09832635983263599
0 0.9740566037735849 0.7677824267782427 0.05188679245283019 0.03347280334728033
0 0.8219339622641509 0.7269874476987448 0.04716981132075472 0.0397489539748954
0 0.879127358490566 0.6778242677824268 0.0695754716981132 0.02510460251046025
0 0.9575471698113207 0.6673640167364017 0.08490566037735849 0.09205020920502092
0 0.6474056603773585 0.3493723849372385 0.09433962264150944 0.06694560669456066
0 0.6468160377358491 0.2803347280334728 0.09316037735849056 0.06694560669456066
0 0.6149764150943396 0.20502092050209206 0.020047169811320754 0.03765690376569038
0 0.6468160377358491 0.2813807531380753 0.10731132075471699 0.23221757322175732
0 0.388561320754717 0.15585774058577406 0.03419811320754717 0.03556485355648536
0 0.07429245283018868 0.049163179916317995 0.02122641509433962 0.04811715481171548
0 0.9563679245283019 0.014644351464435146 0.03773584905660377 0.029288702928870293
0 0.8248820754716981 0.02405857740585774 0.031839622641509434 0.04811715481171548
0 0.14268867924528303 0.03556485355648536 0.04009433962264151 0.07112970711297072
0 0.10731132075471699 0.009414225941422594 0.04009433962264151 0.01882845188284519
0 0.021816037735849055 0.032426778242677826 0.031839622641509434 0.06485355648535565
