0 0.024764150943396228 0.5638075313807531 0.02122641509433962 0.11506276150627615
0 0.49233490566037735 0.5031380753138075 0.060141509433962265 0.014644351464435146
0 0.3408018867924528 0.7175732217573222 0.04481132075471698 0.49372384937238495
0 0.10436320754716981 0.46129707112970714 0.01768867924528302 0.0397489539748954
0 0.05837264150943396 0.4225941422594142 0.11674528301886793 0.07112970711297072
0 0.4994103773584906 0.42887029288702927 0.0294811320754717 0.100418410041841
0 0.030660377358490566 0.3200836820083682 0.030660377358490566 0.08368200836820083
0 0.0607311320754717 0.1694560669456067 0.031839622641509434 0.04184100418410042
0 0.2529481132075472 0.1788702928870293 0.031839622641509434 0.08158995815899582
0 0.7323113207547169 0.1694560669456067 0.04009433962264151 0.07112970711297072
0 0.6084905660377359 0.16213389121338911 0.21226415094339623 0.07322175732217573
0 0.5094339622641509 0.053347280334728034 0.05660377358490566 0.10669456066945607
0 0.18337264150943397 0.01882845188284519 0.04363207547169811 0.03765690376569038
