0 0.5648535564853556 0.9729411764705882 0.26778242677824265 0.05411764705882353
0 0.7625523012552301 0.92 0.1108786610878661 0.058823529411764705
0 0.7573221757322176 0.8676470588235294 0.0502092050209205 0.04588235294117647
0 0.7217573221757322 0.7547058823529412 0.03765690376569038 0.02235294117647059
0 0.7364016736401674 0.7170588235294117 0.07112970711297072 0.04352941176470588
0 0.11610878661087866 0.4811764705882353 0.23221757322175732 0.03529411764705882
0 0.4225941422594142 0.45941176470588235 0.36401673640167365 0.015294117647058824
0 0.027196652719665274 0.43941176470588234 0.05439330543933055 0.0976470588235294
0 0.14748953974895398 0.4294117647058823 0.19456066945606695 0.10588235294117647
0 0.17154811715481172 0.3988235294117647 0.05439330543933055 0.0611764705882353
0 0.6621338912133892 0.3729411764705882 0.08158995815899582 0.1011764705882353
0 0.19456066945606695 0.3205882352941177 0.16317991631799164 0.012941176470588235
0 0.40794979079497906 0.31529411764705884 0.200836820083682 0.018823529411764704
0 0.3912133891213389 0.3076470588235294 0.21338912133891214 0.02
0 0.6098326359832636 0.29764705882352943 0.22384937238493724 0.042352941176470586
0 0.3389121338912134 0.2711764705882353 0.05439330543933055 0.05058823529411765
0 0.6924686192468619 0.23588235294117646 0.21338912133891214 0.04823529411764706
0 0.6108786610878661 0.18294117647058825 0.0502092050209205 0.036470588235294116
0 0.6746861924686193 0.060588235294117644 0.027196652719665274 0.03411764705882353
0 0.641213389121339 0.031176470588235295 0.05230125523012552 0.027058823529411764
0 0.4895397489539749 0.007058823529411765 0.05439330543933055 0.01411764705882353
