0 0.42573221757322177 0.8364705882352941 0.42887029288702927 0.04941176470588235
0 0.4989539748953975 0.7023529411764706 0.46234309623430964 0.042352941176470586
0 0.25 0.6735294117647059 0.12343096234309624 0.02
0 0.13493723849372385 0.6529411764705882 0.10669456066945607 0.03058823529411765
0 0.029288702928870293 0.6829411764705883 0.058577405857740586 0.09058823529411765
0 0.9518828451882845 0.67 0.09623430962343096 0.10705882352941176
0 0.4382845188284519 0.5429411764705883 0.1108786610878661 0.06235294117647059
0 0.3263598326359833 0.5123529411764706 0.0502092050209205 0.024705882352941175
0 0.12343096234309624 0.5194117647058824 0.0794979079497908 0.04823529411764706
0 0.23117154811715482 0.5158823529411765 0.10251046025104603 0.05529411764705883
0 0.16317991631799164 0.4858823529411765 0.03765690376569038 0.04
0 0.5523012552301255 0.4235294117647059 0.05439330543933055 0.04941176470588235
0 0.5 0.42411764705882354 0.07112970711297072 0.05058823529411765
0 0.8368200836820083 0.2523529411764706 0.17573221757322174 0.12117647058823529
0 0.7625523012552301 0.2541176470588235 0.2196652719665272 0.12941176470588237
