0 0.4424686192468619 0.9570588235294117 0.1108786610878661 0.015294117647058824
0 0.5271966527196653 0.9347058823529412 0.08786610878661087 0.036470588235294116
0 0.6569037656903766 0.92 0.13807531380753138 0.0611764705882353
0 0.6171548117154811 0.8735294117647059 0.11715481171548117 0.08352941176470588
0 0.7803347280334728 0.8011764705882353 0.029288702928870293 0.04
0 0.8106694560669456 0.71 0.027196652719665274 0.11647058823529412
0 0.39435146443514646 0.5511764705882353 0.11506276150627615 0.015294117647058824
0 0.950836820083682 0.40294117647058825 0.09832635983263599 0.11647058823529412
0 0.7133891213389121 0.2447058823529412 0.1506276150627615 0.04
0 0.6642259414225942 0.2023529411764706 0.043933054393305436 0.04
0 0.9372384937238494 0.22588235294117648 0.0794979079497908 0.14823529411764705
0 0.9152719665271967 0.12294117647058823 0.056485355648535567 0.024705882352941175
0 0.9864016736401674 0.12764705882352942 0.027196652719665274 0.052941176470588235
