0 0.5188284518828452 0.9876470588235294 0.24267782426778242 0.024705882352941175
0 0.5868200836820083 0.8641176470588235 0.060669456066945605 0.027058823529411764
0 0.3891213389121339 0.8564705882352941 0.1087866108786611 0.02823529411764706
0 0.698744769874477 0.8605882352941177 0.18410041841004185 0.04352941176470588
0 0.22384937238493724 0.798235294117647 0.08368200836820083 0.02235294117647059
0 0.4320083682008368 0.7570588235294118 0.0899581589958159 0.036470588235294116
0 0.9309623430962343 0.7005882352941176 0.13807531380753138 0.12588235294117647
0 0.3064853556485356 0.6494117647058824 0.17364016736401675 0.023529411764705882
0 0.18514644351464435 0.5547058823529412 0.03138075313807531 0.041176470588235294
0 0.12343096234309624 0.5570588235294117 0.0794979079497908 0.05529411764705883
0 0.37552301255230125 0.5294117647058824 0.06903765690376569 0.042352941176470586
