0 0.29707112970711297 0.9858823529411764 0.13389121338912133 0.02823529411764706
0 0.9675732217573222 0.6270588235294118 0.06485355648535565 0.058823529411764705
0 0.5889121338912134 0.5217647058823529 0.16108786610878661 0.010588235294117647
0 0.4121338912133891 0.5135294117647059 0.07112970711297072 0.02
0 0.5941422594142259 0.4588235294117647 0.16736401673640167 0.02823529411764706
0 0.7646443514644351 0.44823529411764707 0.12761506276150628 0.021176470588235293
0 0.645397489539749 0.3735294117647059 0.03556485355648536 0.029411764705882353
0 0.6150627615062761 0.3735294117647059 0.03347280334728033 0.029411764705882353
0 0.5836820083682008 0.3735294117647059 0.029288702928870293 0.029411764705882353
0 0.549163179916318 0.3735294117647059 0.03138075313807531 0.029411764705882353
0 0.6422594142259415 0.3341176470588235 0.02510460251046025 0.03764705882352941
