0 0.4696652719665272 0.6817647058823529 0.20292887029288703 0.029411764705882353
0 0.6673640167364017 0.6629411764705883 0.18410041841004185 0.02
0 0.6673640167364017 0.6170588235294118 0.10460251046025104 0.03176470588235294
0 0.39330543933054396 0.6029411764705882 0.07531380753138076 0.041176470588235294
0 0.854602510460251 0.5629411764705883 0.03138075313807531 0.02235294117647059
0 0.27615062761506276 0.5529411764705883 0.06694560669456066 0.04
0 0.06380753138075314 0.5488235294117647 0.12761506276150628 0.03411764705882353
0 0.5460251046025104 0.5252941176470588 0.04184100418410042 0.03176470588235294
0 0.36715481171548114 0.5229411764705882 0.06903765690376569 0.05529411764705883
0 0.44037656903765693 0.5011764705882353 0.0397489539748954 0.02823529411764706
0 0.6809623430962343 0.12588235294117647 0.07740585774058577 0.03529411764705882
0 0.13284518828451883 0.026470588235294117 0.043933054393305436 0.04352941176470588
