0 0.2783018867924528 0.7573221757322176 0.04009433962264151 0.06694560669456066
0 0.4964622641509434 0.5010460251046025 0.014150943396226415 0.12761506276150628
0 0.5430424528301887 0.49476987447698745 0.012971698113207548 0.12343096234309624
0 0.39327830188679247 0.4476987447698745 0.02240566037735849 0.19246861924686193
0 0.7729952830188679 0.42887029288702927 0.045990566037735846 0.19665271966527198
0 0.6279481132075472 0.26464435146443516 0.024764150943396228 0.0397489539748954
0 0.6645047169811321 0.2615062761506276 0.04834905660377359 0.03765690376569038
0 0.7270047169811321 0.2395397489539749 0.024764150943396228 0.09832635983263599
0 0.2759433962264151 0.2280334728033473 0.054245283018867926 0.09623430962343096
0 0.9628537735849056 0.07112970711297072 0.04834905660377359 0.14225941422594143
