0 0.27405857740585776 0.9141176470588235 0.11297071129707113 0.03058823529411765
0 0.6328451882845189 0.7670588235294118 0.1694560669456067 0.03058823529411765
0 0.2730125523012552 0.6329411764705882 0.09414225941422594 0.03294117647058824
0 0.36715481171548114 0.6088235294117647 0.08158995815899582 0.02
0 0.9707112970711297 0.5858823529411765 0.058577405857740586 0.05411764705882353
0 0.3786610878661088 0.5535294117647059 0.200836820083682 0.036470588235294116
0 0.1589958158995816 0.5952941176470589 0.14225941422594143 0.1223529411764706
0 0.6799163179916318 0.5264705882352941 0.11297071129707113 0.052941176470588235
0 0.5627615062761506 0.5058823529411764 0.07112970711297072 0.047058823529411764
0 0.027196652719665274 0.44882352941176473 0.05439330543933055 0.02
0 0.5826359832635983 0.4258823529411765 0.056485355648535567 0.042352941176470586
0 0.06799163179916318 0.40176470588235297 0.13598326359832635 0.0811764705882353
0 0.16631799163179917 0.3023529411764706 0.12761506276150628 0.06823529411764706
