0 0.4722877358490566 0.8357740585774058 0.10966981132075472 0.06903765690376569
0 0.9127358490566038 0.7332635983263598 0.05188679245283019 0.0397489539748954
0 0.8744103773584906 0.5502092050209205 0.08136792452830188 0.11715481171548117
0 0.2847877358490566 0.45397489539748953 0.07900943396226415 0.04602510460251046
0 0.902122641509434 0.32322175732217573 0.1957547169811321 0.17782426778242677
0 0.7505896226415094 0.21652719665271966 0.03891509433962264 0.056485355648535567
0 0.7476415094339622 0.15690376569037656 0.04245283018867924 0.058577405857740586
0 0.8702830188679245 0.04602510460251046 0.02358490566037736 0.03347280334728033
0 0.9345518867924528 0.038702928870292884 0.13089622641509435 0.06485355648535565
0 0.05778301886792453 0.009414225941422594 0.04009433962264151 0.01882845188284519
