0 0.4424686192468619 0.9564705882352941 0.10251046025104603 0.01411764705882353
0 0.23640167364016737 0.9458823529411765 0.20502092050209206 0.04
0 0.5366108786610879 0.9252941176470588 0.09414225941422594 0.052941176470588235
0 0.6652719665271967 0.9176470588235294 0.14225941422594143 0.06588235294117648
0 0.2186192468619247 0.8858823529411765 0.0899581589958159 0.03529411764705882
0 0.6317991631799164 0.8641176470588235 0.09623430962343096 0.06941176470588235
0 0.7771966527196653 0.8382352941176471 0.05230125523012552 0.036470588235294116
0 0.7845188284518828 0.798235294117647 0.029288702928870293 0.041176470588235294
0 0.8138075313807531 0.7094117647058824 0.029288702928870293 0.11294117647058824
0 0.39748953974895396 0.5488235294117647 0.11715481171548117 0.012941176470588235
0 0.3776150627615063 0.5094117647058823 0.09832635983263599 0.03058823529411765
0 0.9518828451882845 0.40294117647058825 0.09623430962343096 0.11647058823529412
