0 0.8402122641509434 0.9414225941422594 0.03419811320754717 0.11715481171548117
0 0.8183962264150944 0.6192468619246861 0.025943396226415096 0.03347280334728033
0 0.9929245283018868 0.5721757322175732 0.014150943396226415 0.13598326359832635
0 0.9587264150943396 0.37656903765690375 0.08018867924528301 0.18828451882845187
0 0.7004716981132075 0.25627615062761505 0.05660377358490566 0.060669456066945605
0 0.5943396226415094 0.21338912133891214 0.018867924528301886 0.05439330543933055
0 0.7069575471698113 0.19351464435146443 0.07665094339622641 0.06485355648535565
0 0.9487028301886793 0.05230125523012552 0.10259433962264151 0.10460251046025104
0 0.8413915094339622 0.016736401673640166 0.027122641509433963 0.03347280334728033
0 0.7299528301886793 0.028242677824267783 0.08018867924528301 0.056485355648535567
