0 0.8326359832635983 0.8458823529411764 0.08786610878661087 0.03294117647058824
0 0.27719665271966526 0.7411764705882353 0.17782426778242677 0.05647058823529412
0 0.9707112970711297 0.6788235294117647 0.058577405857740586 0.01411764705882353
0 0.9769874476987448 0.6535294117647059 0.04602510460251046 0.015294117647058824
0 0.9309623430962343 0.6288235294117647 0.03765690376569038 0.06470588235294118
0 0.053347280334728034 0.51 0.10669456066945607 0.029411764705882353
0 0.350418410041841 0.538235294117647 0.03138075313807531 0.08823529411764706
0 0.9801255230125523 0.5358823529411765 0.0397489539748954 0.10470588235294118
0 0.07845188284518828 0.40176470588235297 0.15690376569037656 0.010588235294117647
0 0.06276150627615062 0.3764705882352941 0.12552301255230125 0.01647058823529412
0 0.22280334728033474 0.3611764705882353 0.06903765690376569 0.01647058823529412
0 0.8410041841004184 0.26941176470588235 0.058577405857740586 0.04
0 0.5 0.05647058823529412 1.0 0.004705882352941176
0 0.8765690376569037 0.01411764705882353 0.100418410041841 0.02823529411764706
0 0.6725941422594143 0.018235294117647058 0.03556485355648536 0.036470588235294116
0 0.5972803347280334 0.01647058823529412 0.09832635983263599 0.03294117647058824
0 0.4393305439330544 0.02 0.11715481171548117 0.04
