0 0.5 0.8859832635983264 1.0 0.2280334728033473
0 0.02653301886792453 0.7384937238493724 0.05306603773584906 0.100418410041841
0 0.010023584905660377 0.6255230125523012 0.020047169811320754 0.0502092050209205
0 0.024174528301886794 0.5575313807531381 0.04834905660377359 0.060669456066945605
0 0.5483490566037735 0.5010460251046025 0.03537735849056604 0.06485355648535565
0 0.7877358490566038 0.5240585774058577 0.09669811320754718 0.2112970711297071
0 0.8272405660377359 0.4393305439330544 0.06485849056603774 0.04602510460251046
0 0.754127358490566 0.4089958158995816 0.027122641509433963 0.0397489539748954
0 0.9834905660377359 0.35251046025104604 0.0330188679245283 0.05230125523012552
0 0.041273584905660375 0.25 0.08254716981132075 0.060669456066945605
0 0.8649764150943396 0.13179916317991633 0.04363207547169811 0.06276150627615062
0 0.8920990566037735 0.13284518828451883 0.09316037735849056 0.07322175732217573
0 0.20813679245283018 0.04497907949790795 0.01768867924528302 0.05230125523012552
0 0.6515330188679245 0.010460251046025104 0.1214622641509434 0.02092050209205021
0 0.5701650943396226 0.012552301255230125 0.02240566037735849 0.02510460251046025
0 0.33785377358490565 0.030334728033472803 0.10966981132075472 0.060669456066945605
