0 0.5 0.9822175732217573 1.0 0.03556485355648536
0 0.6698113207547169 0.9278242677824268 0.08254716981132075 0.08577405857740586
0 0.5395047169811321 0.9006276150627615 0.03419811320754717 0.043933054393305436
0 0.504127358490566 0.8870292887029289 0.024764150943396228 0.06276150627615062
0 0.47877358490566035 0.7740585774058577 0.08254716981132075 0.02510460251046025
0 0.1320754716981132 0.6338912133891214 0.014150943396226415 0.07112970711297072
0 0.7099056603773585 0.5543933054393305 0.018867924528301886 0.07112970711297072
0 0.7323113207547169 0.5502092050209205 0.03537735849056604 0.08368200836820083
0 0.785377358490566 0.5376569037656904 0.06132075471698113 0.12133891213389121
0 0.7252358490566038 0.4707112970711297 0.04009433962264151 0.06694560669456066
0 0.8549528301886793 0.553347280334728 0.014150943396226415 0.23640167364016737
0 0.2346698113207547 0.3389121338912134 0.03537735849056604 0.07531380753138076
0 0.27476415094339623 0.3305439330543933 0.04245283018867924 0.07112970711297072
0 0.1645047169811321 0.33158995815899583 0.1615566037735849 0.08158995815899582
0 0.3154481132075472 0.3263598326359833 0.03419811320754717 0.07531380753138076
0 0.033608490566037735 0.1997907949790795 0.06721698113207547 0.1108786610878661
0 0.3909198113207547 0.14644351464435146 0.04363207547169811 0.02092050209205021
0 0.7665094339622641 0.03556485355648536 0.01179245283018868 0.04602510460251046
0 0.9917452830188679 0.027196652719665274 0.01650943396226415 0.05439330543933055
0 0.9663915094339622 0.027196652719665274 0.020047169811320754 0.05439330543933055
0 0.7841981132075472 0.030334728033472803 0.01179245283018868 0.060669456066945605
0 0.41627358490566035 0.012552301255230125 0.030660377358490566 0.02510460251046025
0 0.10141509433962265 0.051255230125523014 0.10377358490566038 0.10251046025104603
