0 0.07845188284518828 0.9782352941176471 0.0397489539748954 0.04352941176470588
0 0.09728033472803348 0.8876470588235295 0.08158995815899582 0.052941176470588235
0 0.04184100418410042 0.8741176470588236 0.029288702928870293 0.03764705882352941
0 0.10669456066945607 0.8435294117647059 0.08368200836820083 0.042352941176470586
0 0.6391213389121339 0.8352941176470589 0.04811715481171548 0.04470588235294118
0 0.04184100418410042 0.8288235294117647 0.04184100418410042 0.05529411764705883
0 0.5805439330543933 0.7158823529411765 0.043933054393305436 0.05764705882352941
0 0.6056485355648535 0.6794117647058824 0.05230125523012552 0.03176470588235294
0 0.641213389121339 0.6794117647058824 0.03138075313807531 0.052941176470588235
0 0.09623430962343096 0.6282352941176471 0.0502092050209205 0.023529411764705882
0 0.2196652719665272 0.6094117647058823 0.04184100418410042 0.058823529411764705
0 0.11715481171548117 0.5741176470588235 0.07531380753138076 0.03529411764705882
0 0.100418410041841 0.55 0.07112970711297072 0.015294117647058824
0 0.2698744769874477 0.5547058823529412 0.058577405857740586 0.06
0 0.09309623430962342 0.5341176470588235 0.07322175732217573 0.018823529411764704
0 0.08577405857740586 0.5105882352941177 0.06276150627615062 0.01647058823529412
0 0.12238493723849372 0.48470588235294115 0.060669456066945605 0.018823529411764704
0 0.3127615062761506 0.4258823529411765 0.06485355648535565 0.04
0 0.5815899581589958 0.3452941176470588 0.0502092050209205 0.07176470588235294
0 0.5502092050209205 0.3382352941176471 0.05439330543933055 0.08823529411764706
0 0.9435146443514645 0.2994117647058824 0.04602510460251046 0.01764705882352941
0 0.04811715481171548 0.3164705882352941 0.09623430962343096 0.08941176470588236
0 0.5930962343096234 0.23470588235294118 0.19874476987447698 0.11411764705882353
0 0.10146443514644352 0.17411764705882352 0.03138075313807531 0.03058823529411765
0 0.6171548117154811 0.12529411764705883 0.06694560669456066 0.03882352941176471
0 0.555439330543933 0.09647058823529411 0.043933054393305436 0.023529411764705882
0 0.7531380753138075 0.09411764705882353 0.1087866108786611 0.02823529411764706
0 0.9581589958158996 0.08941176470588236 0.08368200836820083 0.02823529411764706
0 0.9006276150627615 0.06764705882352941 0.19874476987447698 0.13529411764705881
0 0.1506276150627615 0.010588235294117647 0.19665271966527198 0.021176470588235293
0 0.02510460251046025 0.011176470588235295 0.0502092050209205 0.02235294117647059
