0 0.08018867924528301 0.9142259414225942 0.0589622641509434 0.0502092050209205
0 0.53125 0.856694560669456 0.027122641509433963 0.1192468619246862
0 0.5996462264150944 0.7771966527196653 0.02240566037735849 0.060669456066945605
0 0.8413915094339622 0.7018828451882845 0.031839622641509434 0.03556485355648536
0 0.7954009433962265 0.7039748953974896 0.036556603773584904 0.05230125523012552
0 0.09846698113207547 0.6642259414225942 0.02240566037735849 0.056485355648535567
0 0.8095518867924528 0.6223849372384938 0.027122641509433963 0.09832635983263599
0 0.9811320754716981 0.5847280334728033 0.02830188679245283 0.060669456066945605
0 0.4321933962264151 0.5606694560669456 0.1875 0.06694560669456066
0 0.7311320754716981 0.6422594142259415 0.05660377358490566 0.30962343096234307
0 0.7936320754716981 0.4696652719665272 0.0589622641509434 0.04811715481171548
0 0.8696933962264151 0.5366108786610879 0.09787735849056604 0.3075313807531381
0 0.6079009433962265 0.3368200836820084 0.041273584905660375 0.0502092050209205
0 0.024764150943396228 0.3106694560669456 0.02122641509433962 0.043933054393305436
0 0.357311320754717 0.29916317991631797 0.02358490566037736 0.08786610878661087
0 0.6067216981132075 0.27405857740585776 0.03419811320754717 0.04184100418410042
0 0.09669811320754718 0.17677824267782427 0.049528301886792456 0.04811715481171548
0 0.01650943396226415 0.14539748953974896 0.0330188679245283 0.03556485355648536
