0 0.5972803347280334 0.8688235294117647 0.19456066945606695 0.015294117647058824
0 0.38389121338912136 0.8647058823529412 0.26569037656903766 0.01647058823529412
0 0.5031380753138075 0.7247058823529412 0.5376569037656904 0.03294117647058824
0 0.9748953974895398 0.6676470588235294 0.0502092050209205 0.08352941176470588
0 0.0397489539748954 0.6641176470588235 0.0794979079497908 0.12352941176470589
0 0.5094142259414226 0.5829411764705882 0.1108786610878661 0.029411764705882353
0 0.3912133891213389 0.548235294117647 0.05439330543933055 0.023529411764705882
0 0.3002092050209205 0.57 0.12761506276150628 0.07647058823529412
0 0.21548117154811716 0.5317647058823529 0.04184100418410042 0.02823529411764706
0 0.5449790794979079 0.45235294117647057 0.056485355648535567 0.03882352941176471
0 0.7855648535564853 0.28823529411764703 0.22384937238493724 0.10352941176470588
0 0.7175732217573222 0.2564705882352941 0.05439330543933055 0.042352941176470586
0 0.5230125523012552 0.0711764705882353 0.4476987447698745 0.04352941176470588
0 0.9790794979079498 0.0488235294117647 0.04184100418410042 0.06470588235294118
