0 0.8106694560669456 0.7511764705882353 0.15690376569037656 0.03176470588235294
0 0.9163179916317992 0.7358823529411764 0.07531380753138076 0.02235294117647059
0 0.9707112970711297 0.7252941176470589 0.058577405857740586 0.027058823529411764
0 0.029288702928870293 0.7547058823529412 0.058577405857740586 0.10705882352941176
0 0.41422594142259417 0.6794117647058824 0.1297071129707113 0.04588235294117647
0 0.5564853556485355 0.6494117647058824 0.17573221757322174 0.02823529411764706
0 0.649581589958159 0.6335294117647059 0.07740585774058577 0.015294117647058824
0 0.36610878661087864 0.6247058823529412 0.08786610878661087 0.023529411764705882
0 0.7730125523012552 0.62 0.060669456066945605 0.018823529411764704
0 0.7112970711297071 0.6205882352941177 0.07112970711297072 0.027058823529411764
0 0.5156903765690377 0.5935294117647059 0.1903765690376569 0.03176470588235294
0 0.6171548117154811 0.5764705882352941 0.06694560669456066 0.01411764705882353
0 0.75 0.5405882352941176 0.08577405857740586 0.05764705882352941
0 0.39644351464435146 0.5035294117647059 0.1694560669456067 0.0611764705882353
0 0.3075313807531381 0.48823529411764705 0.05439330543933055 0.042352941176470586
0 0.8441422594142259 0.4717647058823529 0.11506276150627615 0.05176470588235294
0 0.04602510460251046 0.45588235294117646 0.09205020920502092 0.029411764705882353
0 0.7751046025104602 0.4535294117647059 0.08158995815899582 0.04588235294117647
0 0.33472803347280333 0.4435294117647059 0.06276150627615062 0.03529411764705882
0 0.28765690376569036 0.44588235294117645 0.0899581589958159 0.20470588235294118
0 0.23326359832635984 0.30823529411764705 0.13179916317991633 0.05647058823529412
0 0.32217573221757323 0.28647058823529414 0.03347280334728033 0.05058823529411765
