0 0.6709905660377359 0.9414225941422594 0.03773584905660377 0.03347280334728033
0 0.7393867924528302 0.9215481171548117 0.04009433962264151 0.056485355648535567
0 0.7446933962264151 0.8744769874476988 0.027122641509433963 0.09205020920502092
0 0.722877358490566 0.856694560669456 0.02122641509433962 0.06903765690376569
0 0.1821933962264151 0.8315899581589958 0.036556603773584904 0.03556485355648536
0 0.16096698113207547 0.7646443514644351 0.027122641509433963 0.043933054393305436
0 0.6998820754716981 0.8347280334728033 0.012971698113207548 0.2510460251046025
0 0.9569575471698113 0.7343096234309623 0.05778301886792453 0.08786610878661087
0 0.4428066037735849 0.7102510460251046 0.031839622641509434 0.1401673640167364
0 0.15035377358490565 0.6652719665271967 0.031839622641509434 0.14225941422594143
0 0.8278301886792453 0.5889121338912134 0.025943396226415096 0.03138075313807531
0 0.18985849056603774 0.5889121338912134 0.014150943396226415 0.0899581589958159
0 0.6627358490566038 0.602510460251046 0.07547169811320754 0.14225941422594143
0 0.33549528301886794 0.49581589958158995 0.036556603773584904 0.058577405857740586
0 0.13620283018867924 0.5104602510460251 0.024764150943396228 0.13389121338912133
0 0.1580188679245283 0.3880753138075314 0.030660377358490566 0.02301255230125523
0 0.1391509433962264 0.3598326359832636 0.04716981132075472 0.029288702928870293
0 0.7417452830188679 0.24790794979079497 0.018867924528301886 0.03556485355648536
0 0.17688679245283018 0.2395397489539749 0.018867924528301886 0.0899581589958159
0 0.10200471698113207 0.2112970711297071 0.012971698113207548 0.12133891213389121
0 0.05129716981132076 0.18410041841004185 0.06485849056603774 0.15481171548117154
0 0.44634433962264153 0.09518828451882845 0.024764150943396228 0.06485355648535565
0 0.05483490566037736 0.05439330543933055 0.041273584905660375 0.06694560669456066
0 0.9864386792452831 0.07426778242677824 0.027122641509433963 0.14853556485355648
0 0.8826650943396226 0.09518828451882845 0.05306603773584906 0.1903765690376569
0 0.6591981132075472 0.02510460251046025 0.0330188679245283 0.0502092050209205
0 0.27299528301886794 0.009414225941422594 0.06721698113207547 0.01882845188284519
