0 0.9707112970711297 0.991764705882353 0.058577405857740586 0.01647058823529412
0 0.08263598326359832 0.9088235294117647 0.16527196652719664 0.06941176470588235
0 0.02301255230125523 0.8488235294117648 0.04602510460251046 0.03176470588235294
0 0.4361924686192469 0.79 0.10251046025104603 0.03176470588235294
0 0.4299163179916318 0.8158823529411765 0.25313807531380755 0.1423529411764706
0 0.36401673640167365 0.7711764705882352 0.2301255230125523 0.08352941176470588
0 0.38598326359832635 0.6735294117647059 0.16108786610878661 0.03882352941176471
0 0.9100418410041841 0.6341176470588236 0.06276150627615062 0.03294117647058824
0 0.8922594142259415 0.6129411764705882 0.056485355648535567 0.02823529411764706
0 0.032426778242677826 0.5241176470588236 0.06485355648535565 0.024705882352941175
0 0.9728033472803347 0.4711764705882353 0.05439330543933055 0.024705882352941175
0 0.6328451882845189 0.47705882352941176 0.043933054393305436 0.04588235294117647
0 0.04184100418410042 0.46647058823529414 0.08368200836820083 0.029411764705882353
0 0.696652719665272 0.47705882352941176 0.06276150627615062 0.05529411764705883
0 0.9717573221757322 0.4294117647058823 0.056485355648535567 0.01411764705882353
0 0.056485355648535567 0.4123529411764706 0.11297071129707113 0.024705882352941175
0 0.5083682008368201 0.4235294117647059 0.04602510460251046 0.07294117647058823
0 0.4121338912133891 0.33941176470588236 0.06276150627615062 0.052941176470588235
0 0.027196652719665274 0.3088235294117647 0.05439330543933055 0.02
0 0.18410041841004185 0.2964705882352941 0.07531380753138076 0.023529411764705882
0 0.09100418410041841 0.29470588235294115 0.04811715481171548 0.02
0 0.9822175732217573 0.24176470588235294 0.03556485355648536 0.041176470588235294
0 0.8420502092050209 0.21705882352941178 0.15690376569037656 0.027058823529411764
0 0.702928870292887 0.22 0.100418410041841 0.03294117647058824
0 0.6276150627615062 0.2188235294117647 0.06694560669456066 0.03058823529411765
0 0.05753138075313807 0.22941176470588234 0.11506276150627615 0.07294117647058823
0 0.15585774058577406 0.18823529411764706 0.12761506276150628 0.01411764705882353
0 0.7918410041841004 0.14882352941176472 0.20711297071129708 0.03411764705882353
0 0.09309623430962342 0.13823529411764707 0.18619246861924685 0.02
0 0.9696652719665272 0.13 0.060669456066945605 0.012941176470588235
0 0.2102510460251046 0.12411764705882353 0.4205020920502092 0.03882352941176471
