0 0.6631799163179917 0.8988235294117647 0.13389121338912133 0.042352941176470586
0 0.7510460251046025 0.8694117647058823 0.0502092050209205 0.04
0 0.06589958158995816 0.8952941176470588 0.06903765690376569 0.12470588235294118
0 0.799163179916318 0.7629411764705882 0.029288702928870293 0.06705882352941177
0 0.8535564853556485 0.7735294117647059 0.11715481171548117 0.10705882352941176
0 0.9309623430962343 0.7129411764705882 0.13807531380753138 0.021176470588235293
0 0.12343096234309624 0.46176470588235297 0.24686192468619247 0.04823529411764706
0 0.9257322175732218 0.4429411764705882 0.14853556485355648 0.10941176470588235
0 0.2186192468619247 0.37470588235294117 0.060669456066945605 0.06
0 0.6621338912133892 0.2782352941176471 0.07740585774058577 0.04588235294117647
0 0.2280334728033473 0.2788235294117647 0.04602510460251046 0.047058823529411764
0 0.6589958158995816 0.28058823529411764 0.12133891213389121 0.06941176470588235
0 0.647489539748954 0.19411764705882353 0.0899581589958159 0.04470588235294118
0 0.7259414225941423 0.18529411764705883 0.12133891213389121 0.03882352941176471
0 0.9246861924686193 0.1111764705882353 0.11715481171548117 0.015294117647058824
0 0.8650627615062761 0.019411764705882354 0.043933054393305436 0.03882352941176471
0 0.7437238493723849 0.023529411764705882 0.16108786610878661 0.047058823529411764
0 0.20920502092050208 0.015294117647058824 0.1087866108786611 0.03058823529411765
