0 0.9435146443514645 0.9770588235294118 0.04602510460251046 0.024705882352941175
0 0.5397489539748954 0.9505882352941176 0.08368200836820083 0.08235294117647059
0 0.6035564853556485 0.7847058823529411 0.12761506276150628 0.08941176470588236
0 0.9550209205020921 0.8176470588235294 0.060669456066945605 0.24705882352941178
0 0.06171548117154812 0.7641176470588236 0.12343096234309624 0.17058823529411765
0 0.8326359832635983 0.6441176470588236 0.05439330543933055 0.01764705882352941
0 0.696652719665272 0.6170588235294118 0.09205020920502092 0.041176470588235294
0 0.06799163179916318 0.5994117647058823 0.05230125523012552 0.07411764705882352
0 0.7374476987447699 0.5335294117647059 0.06485355648535565 0.06705882352941177
0 0.9790794979079498 0.5135294117647059 0.04184100418410042 0.036470588235294116
0 0.8023012552301255 0.47352941176470587 0.07322175732217573 0.015294117647058824
0 0.9759414225941423 0.4176470588235294 0.04811715481171548 0.09647058823529411
0 0.6443514644351465 0.3847058823529412 0.11297071129707113 0.058823529411764705
0 0.9403765690376569 0.33705882352941174 0.08577405857740586 0.024705882352941175
0 0.858786610878661 0.39235294117647057 0.08158995815899582 0.1423529411764706
0 0.4811715481171548 0.34705882352941175 0.07112970711297072 0.05411764705882353
0 0.9843096234309623 0.2847058823529412 0.03138075313807531 0.0611764705882353
0 0.8682008368200836 0.11588235294117646 0.1087866108786611 0.029411764705882353
0 0.6182008368200836 0.10176470588235294 0.056485355648535567 0.024705882352941175
0 0.3985355648535565 0.11235294117647059 0.056485355648535567 0.13529411764705881
0 0.8347280334728033 0.009411764705882352 0.029288702928870293 0.018823529411764704
