0 0.1799163179916318 0.7758823529411765 0.02510460251046025 0.06705882352941177
0 0.7855648535564853 0.8023529411764706 0.0397489539748954 0.1388235294117647
0 0.5899581589958159 0.6811764705882353 0.39330543933054396 0.03294117647058824
0 0.5282426778242678 0.6741176470588235 0.3075313807531381 0.021176470588235293
0 0.3514644351464435 0.41 0.02092050209205021 0.02
0 0.7384937238493724 0.3776470588235294 0.02092050209205021 0.021176470588235293
0 0.6108786610878661 0.3776470588235294 0.02092050209205021 0.021176470588235293
0 0.5585774058577406 0.3776470588235294 0.02092050209205021 0.021176470588235293
0 0.40794979079497906 0.31470588235294117 0.49372384937238495 0.05764705882352941
0 0.7248953974895398 0.29294117647058826 0.1401673640167364 0.08705882352941176
0 0.6485355648535565 0.20411764705882354 0.1589958158995816 0.03882352941176471
0 0.6307531380753139 0.08411764705882353 0.05230125523012552 0.04352941176470588
0 0.702928870292887 0.10882352941176471 0.22594142259414227 0.10705882352941176
0 0.952928870292887 0.06705882352941177 0.01882845188284519 0.1011764705882353
