0 0.24790794979079497 0.9782352941176471 0.027196652719665274 0.01764705882352941
0 0.20606694560669456 0.9741176470588235 0.03138075313807531 0.018823529411764704
0 0.40690376569037656 0.9729411764705882 0.06485355648535565 0.03294117647058824
0 0.6589958158995816 0.9682352941176471 0.4309623430962343 0.06352941176470588
0 0.6548117154811716 0.8929411764705882 0.23430962343096234 0.05411764705882353
0 0.8263598326359832 0.8576470588235294 0.13807531380753138 0.02588235294117647
0 0.3294979079497908 0.7735294117647059 0.10669456066945607 0.041176470588235294
0 0.9843096234309623 0.5870588235294117 0.03138075313807531 0.05411764705882353
0 0.23117154811715482 0.43411764705882355 0.043933054393305436 0.03529411764705882
0 0.5146443514644351 0.4288235294117647 0.20502092050209206 0.04352941176470588
0 0.9864016736401674 0.43588235294117644 0.027196652719665274 0.06
0 0.696652719665272 0.34294117647058825 0.5648535564853556 0.01764705882352941
0 0.8117154811715481 0.31941176470588234 0.08368200836820083 0.02235294117647059
0 0.12238493723849372 0.31882352941176473 0.24476987447698745 0.02823529411764706
0 0.03347280334728033 0.25529411764705884 0.06694560669456066 0.021176470588235293
0 0.9037656903765691 0.2676470588235294 0.19246861924686193 0.10235294117647059
0 0.4571129707112971 0.10882352941176471 0.05230125523012552 0.05058823529411765
0 0.34518828451882844 0.060588235294117644 0.03765690376569038 0.04823529411764706
0 0.9225941422594143 0.051176470588235295 0.08368200836820083 0.10235294117647059
0 0.3399581589958159 0.017058823529411765 0.0397489539748954 0.03411764705882353
