0 0.08431603773584906 0.9058577405857741 0.05778301886792453 0.0502092050209205
0 0.5330188679245284 0.850418410041841 0.02830188679245283 0.12343096234309624
0 0.6574292452830188 0.7939330543933054 0.060141509433962265 0.07740585774058577
0 0.6025943396226415 0.7709205020920502 0.02122641509433962 0.060669456066945605
0 0.839622641509434 0.702928870292887 0.02358490566037736 0.029288702928870293
0 0.6332547169811321 0.7039748953974896 0.04009433962264151 0.043933054393305436
0 0.7977594339622641 0.698744769874477 0.036556603773584904 0.05439330543933055
0 0.10023584905660378 0.6548117154811716 0.02122641509433962 0.05439330543933055
0 0.9829009433962265 0.5794979079497908 0.0294811320754717 0.06276150627615062
0 0.7246462264150944 0.6349372384937239 0.07429245283018868 0.3075313807531381
0 0.7971698113207547 0.46234309623430964 0.06132075471698113 0.05439330543933055
0 0.8602594339622641 0.5303347280334728 0.12382075471698113 0.3075313807531381
0 0.5825471698113207 0.3106694560669456 0.04716981132075472 0.060669456066945605
0 0.34375 0.27405857740585776 0.020047169811320754 0.08786610878661087
0 0.1008254716981132 0.16736401673640167 0.05070754716981132 0.0502092050209205
0 0.01768867924528302 0.13598326359832635 0.03537735849056604 0.03765690376569038
0 0.33490566037735847 0.19769874476987448 0.06132075471698113 0.39539748953974896
