0 0.549163179916318 0.7182352941176471 0.19874476987447698 0.00823529411764706
0 0.9027196652719666 0.6841176470588235 0.08577405857740586 0.02
0 0.48535564853556484 0.6764705882352942 0.09205020920502092 0.03529411764705882
0 0.9707112970711297 0.6811764705882353 0.058577405857740586 0.07058823529411765
0 0.8221757322175732 0.5882352941176471 0.11715481171548117 0.04
0 0.48326359832635984 0.5488235294117647 0.3305439330543933 0.06470588235294118
0 0.9748953974895398 0.5329411764705883 0.03765690376569038 0.0611764705882353
0 0.8211297071129707 0.5 0.2405857740585774 0.07764705882352942
0 0.6830543933054394 0.34941176470588237 0.38284518828451886 0.06588235294117648
0 0.25732217573221755 0.34647058823529414 0.5146443514644351 0.06470588235294118
0 0.151673640167364 0.3235294117647059 0.2824267782426778 0.04
0 0.5753138075313807 0.3058823529411765 0.04184100418410042 0.02588235294117647
0 0.8441422594142259 0.31176470588235294 0.1903765690376569 0.04
0 0.18200836820083682 0.28411764705882353 0.28870292887029286 0.03176470588235294
0 0.8253138075313807 0.2735294117647059 0.1108786610878661 0.012941176470588235
0 0.7405857740585774 0.27941176470588236 0.497907949790795 0.03176470588235294
0 0.29602510460251047 0.2576470588235294 0.26569037656903766 0.03529411764705882
0 0.38389121338912136 0.22647058823529412 0.09414225941422594 0.02
0 0.08054393305439331 0.23470588235294118 0.16108786610878661 0.06941176470588235
0 0.348326359832636 0.1652941176470588 0.056485355648535567 0.01764705882352941
0 0.5449790794979079 0.15705882352941178 0.29497907949790797 0.06470588235294118
0 0.39539748953974896 0.09529411764705882 0.08368200836820083 0.01411764705882353
0 0.747907949790795 0.10235294117647059 0.05230125523012552 0.05176470588235294
0 0.8483263598326359 0.012941176470588235 0.16108786610878661 0.02588235294117647
0 0.11506276150627615 0.020588235294117647 0.2301255230125523 0.041176470588235294
