0 0.8357740585774058 0.5682352941176471 0.0397489539748954 0.03058823529411765
0 0.7939330543933054 0.5564705882352942 0.03556485355648536 0.03058823529411765
0 0.7552301255230126 0.5535294117647059 0.03347280334728033 0.03176470588235294
0 0.7186192468619247 0.55 0.027196652719665274 0.029411764705882353
0 0.3294979079497908 0.47823529411764704 0.14435146443514643 0.06941176470588235
0 0.28765690376569036 0.11823529411764706 0.02301255230125523 0.02
0 0.2625523012552301 0.11647058823529412 0.24476987447698745 0.06823529411764706
0 0.1589958158995816 0.10823529411764705 0.07112970711297072 0.05647058823529412
0 0.5439330543933054 0.13588235294117648 0.8744769874476988 0.13529411764705881
0 0.13389121338912133 0.01588235294117647 0.26778242677824265 0.03176470588235294
