0 0.15690376569037656 0.9658823529411765 0.03347280334728033 0.03529411764705882
0 0.16631799163179917 0.8776470588235294 0.08577405857740586 0.05647058823529412
0 0.09832635983263599 0.8664705882352941 0.02092050209205021 0.03882352941176471
0 0.17573221757322174 0.8352941176470589 0.08786610878661087 0.04
0 0.694560669456067 0.8211764705882353 0.03765690376569038 0.04470588235294118
0 0.100418410041841 0.8205882352941176 0.04602510460251046 0.05529411764705883
0 0.08158995815899582 0.7888235294117647 0.03347280334728033 0.029411764705882353
0 0.1307531380753138 0.7747058823529411 0.060669456066945605 0.06705882352941177
0 0.6903765690376569 0.6670588235294118 0.02510460251046025 0.04941176470588235
0 0.14539748953974896 0.6188235294117647 0.05230125523012552 0.02588235294117647
0 0.8242677824267782 0.59 0.05439330543933055 0.015294117647058824
0 0.27405857740585776 0.5894117647058823 0.04184100418410042 0.07764705882352942
0 0.16422594142259414 0.5652941176470588 0.08158995815899582 0.036470588235294116
0 0.14330543933054393 0.5417647058823529 0.07740585774058577 0.015294117647058824
0 0.12447698744769875 0.5376470588235294 0.10251046025104603 0.04
0 0.32217573221757323 0.5441176470588235 0.06276150627615062 0.06
0 0.12447698744769875 0.5041176470588236 0.07322175732217573 0.01764705882352941
0 0.17259414225941422 0.49470588235294116 0.056485355648535567 0.01764705882352941
0 0.16631799163179917 0.4764705882352941 0.06903765690376569 0.018823529411764704
0 0.944560669456067 0.29764705882352943 0.04811715481171548 0.018823529411764704
0 0.5805439330543933 0.33 0.060669456066945605 0.08823529411764706
0 0.05753138075313807 0.3170588235294118 0.11506276150627615 0.09529411764705882
0 0.6182008368200836 0.22647058823529412 0.18200836820083682 0.10705882352941176
0 0.1087866108786611 0.1711764705882353 0.04184100418410042 0.029411764705882353
0 0.7552301255230126 0.09117647058823529 0.1087866108786611 0.029411764705882353
0 0.9592050209205021 0.08588235294117647 0.08158995815899582 0.02588235294117647
0 0.13179916317991633 0.0888235294117647 0.08786610878661087 0.03882352941176471
0 0.9016736401673641 0.06647058823529411 0.19665271966527198 0.13294117647058823
0 0.13179916317991633 0.009411764705882352 0.14644351464435146 0.018823529411764704
0 0.02510460251046025 0.01 0.0502092050209205 0.02
