0 0.8466981132075472 0.9633891213389121 0.02358490566037736 0.07322175732217573
0 0.8207547169811321 0.6182008368200836 0.02358490566037736 0.04811715481171548
0 0.9929245283018868 0.5648535564853556 0.014150943396226415 0.13389121338912133
0 0.7152122641509434 0.3054393305439331 0.03891509433962264 0.05439330543933055
0 0.9599056603773585 0.3692468619246862 0.08018867924528301 0.1903765690376569
0 0.7700471698113207 0.301255230125523 0.01650943396226415 0.05439330543933055
0 0.6196933962264151 0.25627615062761505 0.020047169811320754 0.05230125523012552
0 0.7340801886792453 0.24476987447698745 0.08372641509433962 0.058577405857740586
0 0.9504716981132075 0.04497907949790795 0.09905660377358491 0.0899581589958159
0 0.8413915094339622 0.012552301255230125 0.027122641509433963 0.02510460251046025
