0 0.5 0.9801255230125523 1.0 0.0397489539748954
0 0.41214622641509435 0.9623430962343096 0.020047169811320754 0.03347280334728033
0 0.9905660377358491 0.950836820083682 0.018867924528301886 0.027196652719665274
0 0.5630896226415094 0.9299163179916318 0.024764150943396228 0.043933054393305436
0 0.15742924528301888 0.9341004184100419 0.01768867924528302 0.060669456066945605
0 0.5206367924528302 0.9267782426778243 0.045990566037735846 0.08368200836820083
0 0.05837264150943396 0.9288702928870293 0.11674528301886793 0.1087866108786611
0 0.6957547169811321 0.891213389121339 0.08962264150943396 0.09205020920502092
0 0.777122641509434 0.8786610878661087 0.07783018867924528 0.08786610878661087
0 0.9033018867924528 0.8493723849372385 0.02122641509433962 0.07112970711297072
0 0.29009433962264153 0.852510460251046 0.15566037735849056 0.08577405857740586
0 0.42452830188679247 0.8138075313807531 0.07311320754716981 0.02510460251046025
0 0.9616745283018868 0.8357740585774058 0.07665094339622641 0.08577405857740586
0 0.5949292452830188 0.7792887029288703 0.22995283018867924 0.04811715481171548
0 0.8867924528301887 0.6286610878661087 0.04245283018867924 0.06485355648535565
0 0.9681603773584906 0.6276150627615062 0.06367924528301887 0.100418410041841
0 0.8089622641509434 0.6129707112970711 0.06367924528301887 0.12133891213389121
0 0.9392688679245284 0.3786610878661088 0.031839622641509434 0.029288702928870293
0 0.8920990566037735 0.399581589958159 0.055424528301886794 0.1297071129707113
0 0.9799528301886793 0.33263598326359833 0.04009433962264151 0.029288702928870293
0 0.012971698113207548 0.29497907949790797 0.025943396226415096 0.06694560669456066
0 0.11556603773584906 0.3200836820083682 0.23113207547169812 0.12552301255230125
0 0.04068396226415094 0.2897489539748954 0.027122641509433963 0.07322175732217573
0 0.06780660377358491 0.2834728033472803 0.024764150943396228 0.06903765690376569
0 0.09551886792452831 0.27824267782426776 0.030660377358490566 0.07112970711297072
0 0.12441037735849056 0.2730125523012552 0.024764150943396228 0.06903765690376569
0 0.14622641509433962 0.26778242677824265 0.01650943396226415 0.06694560669456066
0 0.16981132075471697 0.26464435146443516 0.030660377358490566 0.06903765690376569
0 0.19693396226415094 0.2583682008368201 0.025943396226415096 0.06903765690376569
0 0.7617924528301887 0.15585774058577406 0.10377358490566038 0.08577405857740586
0 0.9428066037735849 0.11192468619246862 0.0294811320754717 0.0397489539748954
0 0.9787735849056604 0.10355648535564854 0.030660377358490566 0.03556485355648536
0 0.7558962264150944 0.08158995815899582 0.10377358490566038 0.08368200836820083
0 0.941627358490566 0.0502092050209205 0.03419811320754717 0.04602510460251046
0 0.9752358490566038 0.043933054393305436 0.04245283018867924 0.0502092050209205
0 0.7570754716981132 0.1108786610878661 0.125 0.19665271966527198
0 0.8826650943396226 0.04497907949790795 0.05778301886792453 0.06903765690376569
0 0.9274764150943396 0.038702928870292884 0.03891509433962264 0.07740585774058577
