0 0.17782426778242677 0.8488235294117648 0.06694560669456066 0.02
0 0.0700836820083682 0.8576470588235294 0.1401673640167364 0.04941176470588235
0 0.28765690376569036 0.8170588235294117 0.060669456066945605 0.01764705882352941
0 0.7102510460251046 0.7717647058823529 0.014644351464435146 0.03294117647058824
0 0.7583682008368201 0.7647058823529411 0.014644351464435146 0.03529411764705882
0 0.6014644351464435 0.7747058823529411 0.01882845188284519 0.05529411764705883
0 0.2583682008368201 0.701764705882353 0.06903765690376569 0.02
0 0.7803347280334728 0.7029411764705882 0.07112970711297072 0.041176470588235294
0 0.038702928870292884 0.6629411764705883 0.07740585774058577 0.027058823529411764
0 0.3274058577405858 0.5094117647058823 0.4916317991631799 0.08
0 0.1192468619246862 0.45941176470588235 0.2384937238493724 0.03411764705882353
0 0.6370292887029289 0.43117647058823527 0.19874476987447698 0.036470588235294116
0 0.029288702928870293 0.41705882352941176 0.058577405857740586 0.029411764705882353
0 0.14225941422594143 0.4117647058823529 0.1506276150627615 0.03058823529411765
0 0.2688284518828452 0.40058823529411763 0.03138075313807531 0.024705882352941175
0 0.12866108786610878 0.38176470588235295 0.0397489539748954 0.027058823529411764
0 0.32217573221757323 0.3905882352941176 0.0502092050209205 0.058823529411764705
0 0.15271966527196654 0.35411764705882354 0.100418410041841 0.03294117647058824
0 0.23430962343096234 0.3417647058823529 0.08368200836820083 0.02
0 0.02510460251046025 0.35352941176470587 0.0502092050209205 0.04352941176470588
0 0.7039748953974896 0.33647058823529413 0.056485355648535567 0.018823529411764704
0 0.551255230125523 0.36411764705882355 0.4121338912133891 0.1
0 0.5669456066945606 0.3052941176470588 0.100418410041841 0.03411764705882353
0 0.4769874476987448 0.25588235294117645 0.03765690376569038 0.036470588235294116
0 0.9225941422594143 0.28823529411764703 0.15481171548117154 0.10352941176470588
0 0.7771966527196653 0.22176470588235295 0.027196652719665274 0.024705882352941175
0 0.6935146443514645 0.23294117647058823 0.14435146443514643 0.047058823529411764
0 0.9205020920502092 0.1323529411764706 0.08368200836820083 0.09058823529411765
0 0.8148535564853556 0.05588235294117647 0.0397489539748954 0.04823529411764706
0 0.6527196652719666 0.02 0.08368200836820083 0.04
