0 0.11506276150627615 0.9647058823529412 0.2301255230125523 0.03764705882352941
0 0.7928870292887029 0.9376470588235294 0.14225941422594143 0.03529411764705882
0 0.3274058577405858 0.8647058823529412 0.03138075313807531 0.03058823529411765
0 0.952928870292887 0.87 0.09414225941422594 0.05058823529411765
0 0.8242677824267782 0.8435294117647059 0.11715481171548117 0.01411764705882353
0 0.26569037656903766 0.8476470588235294 0.0794979079497908 0.03882352941176471
0 0.34623430962343094 0.8252941176470588 0.060669456066945605 0.04352941176470588
0 0.2615062761506276 0.8105882352941176 0.09205020920502092 0.042352941176470586
0 0.42573221757322177 0.7829411764705883 0.0397489539748954 0.02235294117647059
0 0.3294979079497908 0.7711764705882352 0.043933054393305436 0.024705882352941175
0 0.1589958158995816 0.7476470588235294 0.04184100418410042 0.02235294117647059
0 0.15481171548117154 0.7247058823529412 0.07112970711297072 0.023529411764705882
0 0.4916317991631799 0.7258823529411764 0.2510460251046025 0.03529411764705882
0 0.33263598326359833 0.7041176470588235 0.05439330543933055 0.029411764705882353
0 0.17782426778242677 0.6847058823529412 0.24686192468619247 0.03529411764705882
0 0.9518828451882845 0.6735294117647059 0.09623430962343096 0.029411764705882353
0 0.8922594142259415 0.6729411764705883 0.056485355648535567 0.02823529411764706
0 0.9152719665271967 0.648235294117647 0.09832635983263599 0.04941176470588235
0 0.5209205020920502 0.6252941176470588 0.04184100418410042 0.02235294117647059
0 0.9560669456066946 0.5952941176470589 0.08786610878661087 0.06823529411764706
0 0.643305439330544 0.6041176470588235 0.1694560669456067 0.09529411764705882
0 0.49267782426778245 0.5729411764705883 0.10669456066945607 0.08
0 0.32322175732217573 0.5635294117647058 0.15271966527196654 0.11058823529411765
0 0.14853556485355648 0.5405882352941176 0.19246861924686193 0.10235294117647059
0 0.9152719665271967 0.5158823529411765 0.14435146443514643 0.08588235294117647
0 0.9069037656903766 0.4688235294117647 0.12343096234309624 0.02235294117647059
0 0.9100418410041841 0.45294117647058824 0.13807531380753138 0.02823529411764706
