0 0.5 0.9079497907949791 1.0 0.18410041841004185
0 0.6650943396226415 0.8336820083682008 0.054245283018867926 0.043933054393305436
0 0.38325471698113206 0.8179916317991632 0.03537735849056604 0.03765690376569038
0 0.42629716981132076 0.8043933054393305 0.041273584905660375 0.0397489539748954
0 0.6008254716981132 0.799163179916318 0.05306603773584906 0.04184100418410042
0 0.5424528301886793 0.7918410041841004 0.05188679245283019 0.043933054393305436
0 0.47759433962264153 0.7468619246861925 0.04481132075471698 0.03347280334728033
0 0.7216981132075472 0.7374476987447699 0.049528301886792456 0.043933054393305436
0 0.03596698113207547 0.5951882845188284 0.07193396226415094 0.056485355648535567
0 0.9545990566037735 0.4790794979079498 0.0294811320754717 0.04184100418410042
0 0.5872641509433962 0.44037656903765693 0.009433962264150943 0.10251046025104603
0 0.4009433962264151 0.40794979079497906 0.025943396226415096 0.14644351464435146
0 0.5689858490566038 0.3117154811715481 0.027122641509433963 0.0794979079497908
0 0.6721698113207547 0.2719665271966527 0.08726415094339622 0.06276150627615062
0 0.4209905660377358 0.3368200836820084 0.014150943396226415 0.19665271966527198
0 0.3856132075471698 0.3253138075313807 0.018867924528301886 0.22384937238493724
0 0.6869103773584906 0.19351464435146443 0.05306603773584906 0.060669456066945605
0 0.6468160377358491 0.19351464435146443 0.041273584905660375 0.06485355648535565
0 0.35023584905660377 0.05439330543933055 0.04245283018867924 0.058577405857740586
