0 0.9089958158995816 0.9376470588235294 0.056485355648535567 0.023529411764705882
0 0.2918410041841004 0.9035294117647059 0.15690376569037656 0.018823529411764704
0 0.3922594142259414 0.8723529411764706 0.07740585774058577 0.07411764705882352
0 0.4393305439330544 0.84 0.11715481171548117 0.04
0 0.303347280334728 0.8311764705882353 0.06276150627615062 0.03411764705882353
0 0.3493723849372385 0.79 0.03765690376569038 0.041176470588235294
0 0.5941422594142259 0.6452941176470588 0.09205020920502092 0.07647058823529412
0 0.8608786610878661 0.6129411764705882 0.27824267782426776 0.06352941176470588
0 0.8514644351464435 0.5270588235294118 0.21338912133891214 0.0611764705882353
0 0.7615062761506276 0.3888235294117647 0.03347280334728033 0.03176470588235294
0 0.9456066945606695 0.3841176470588235 0.1087866108786611 0.03411764705882353
0 0.9341004184100419 0.28058823529411764 0.13179916317991633 0.1188235294117647
0 0.10146443514644352 0.2576470588235294 0.12343096234309624 0.1411764705882353
0 0.03138075313807531 0.1423529411764706 0.06276150627615062 0.058823529411764705
0 0.301255230125523 0.11764705882352941 0.05439330543933055 0.011764705882352941
0 0.895397489539749 0.021176470588235293 0.03347280334728033 0.042352941176470586
