0 0.11401673640167365 0.7558823529411764 0.043933054393305436 0.14941176470588236
0 0.7897489539748954 0.6352941176470588 0.06485355648535565 0.021176470588235293
0 0.06903765690376569 0.5747058823529412 0.0502092050209205 0.1
0 0.9330543933054394 0.3558823529411765 0.13389121338912133 0.07411764705882352
0 0.6464435146443515 0.2752941176470588 0.16736401673640167 0.03764705882352941
0 0.5847280334728033 0.23470588235294118 0.043933054393305436 0.036470588235294116
0 0.07845188284518828 0.13470588235294118 0.15690376569037656 0.09294117647058824
0 0.39748953974895396 0.06823529411764706 0.03765690376569038 0.021176470588235293
0 0.27719665271966526 0.11647058823529412 0.18200836820083682 0.12470588235294118
0 0.4696652719665272 0.05823529411764706 0.09832635983263599 0.03176470588235294
0 0.6997907949790795 0.06764705882352941 0.09832635983263599 0.05764705882352941
0 0.5407949790794979 0.08 0.07322175732217573 0.11764705882352941
0 0.6673640167364017 0.025294117647058825 0.14644351464435146 0.05058823529411765
