0 0.4699292452830189 0.8462343096234309 0.08608490566037735 0.06485355648535565
0 0.9133254716981132 0.7437238493723849 0.05306603773584906 0.0397489539748954
0 0.5047169811320755 0.7102510460251046 0.08962264150943396 0.03556485355648536
0 0.8891509433962265 0.5658995815899581 0.05660377358490566 0.10669456066945607
0 0.8466981132075472 0.5292887029288703 0.02358490566037736 0.05439330543933055
0 0.294811320754717 0.45083682008368203 0.08254716981132075 0.05230125523012552
0 0.9015330188679245 0.36401673640167365 0.020047169811320754 0.06694560669456066
0 0.9139150943396226 0.3389121338912134 0.1721698113207547 0.16736401673640167
0 0.7529481132075472 0.23221757322175732 0.07665094339622641 0.06276150627615062
0 0.7517688679245284 0.1694560669456067 0.07665094339622641 0.06276150627615062
0 0.8732311320754716 0.05439330543933055 0.024764150943396228 0.03765690376569038
0 0.9257075471698113 0.04602510460251046 0.14858490566037735 0.07112970711297072
0 0.060141509433962265 0.011506276150627616 0.04009433962264151 0.02301255230125523
