0 0.11401673640167365 0.7941176470588235 0.1192468619246862 0.08235294117647059
0 0.7081589958158996 0.8170588235294117 0.14853556485355648 0.16588235294117648
0 0.9884937238493724 0.7394117647058823 0.02301255230125523 0.06235294117647059
0 0.2112970711297071 0.5835294117647059 0.02510460251046025 0.03294117647058824
0 0.34518828451882844 0.5676470588235294 0.03765690376569038 0.03176470588235294
0 0.2824267782426778 0.5605882352941176 0.05439330543933055 0.05529411764705883
0 0.4131799163179916 0.5523529411764706 0.1108786610878661 0.05058823529411765
0 0.5910041841004184 0.538235294117647 0.0397489539748954 0.03411764705882353
0 0.11506276150627615 0.5723529411764706 0.12552301255230125 0.10470588235294118
0 0.10669456066945607 0.5176470588235295 0.14225941422594143 0.03294117647058824
0 0.17154811715481172 0.33941176470588236 0.34309623430962344 0.010588235294117647
0 0.5083682008368201 0.31941176470588234 0.28451882845188287 0.03176470588235294
0 0.13493723849372385 0.3088235294117647 0.060669456066945605 0.04352941176470588
0 0.06694560669456066 0.3029411764705882 0.05439330543933055 0.05058823529411765
0 0.4027196652719665 0.2952941176470588 0.08158995815899582 0.05411764705882353
0 0.7594142259414226 0.23176470588235293 0.200836820083682 0.042352941176470586
0 0.5271966527196653 0.06764705882352941 0.04184100418410042 0.01764705882352941
0 0.4309623430962343 0.03588235294117647 0.1087866108786611 0.07176470588235294
