0 0.8002092050209205 0.6505882352941177 0.043933054393305436 0.011764705882352941
0 0.6464435146443515 0.6458823529411765 0.08368200836820083 0.011764705882352941
0 0.5732217573221757 0.5152941176470588 0.08368200836820083 0.07529411764705882
0 0.8943514644351465 0.48764705882352943 0.06485355648535565 0.02235294117647059
0 0.4476987447698745 0.4976470588235294 0.09205020920502092 0.06352941176470588
0 0.950836820083682 0.45647058823529413 0.09832635983263599 0.009411764705882352
0 0.016736401673640166 0.4123529411764706 0.03347280334728033 0.029411764705882353
0 0.9874476987447699 0.4158823529411765 0.02510460251046025 0.04588235294117647
0 0.9163179916317992 0.4 0.12133891213389121 0.05176470588235294
0 0.09100418410041841 0.3288235294117647 0.18200836820083682 0.06705882352941177
0 0.05439330543933055 0.19470588235294117 0.1087866108786611 0.02235294117647059
0 0.27615062761506276 0.18823529411764706 0.0502092050209205 0.03058823529411765
0 0.07322175732217573 0.08235294117647059 0.14644351464435146 0.023529411764705882
0 0.25313807531380755 0.08 0.06694560669456066 0.021176470588235293
0 0.3776150627615063 0.07823529411764706 0.10669456066945607 0.02
