0 0.20711297071129708 0.9711764705882353 0.10460251046025104 0.03882352941176471
0 0.9121338912133892 0.8405882352941176 0.17573221757322174 0.04823529411764706
0 0.8619246861924686 0.7335294117647059 0.06694560669456066 0.010588235294117647
0 0.9027196652719666 0.7347058823529412 0.19456066945606695 0.11647058823529412
0 0.9089958158995816 0.6188235294117647 0.09414225941422594 0.02588235294117647
0 0.4236401673640167 0.6105882352941177 0.06903765690376569 0.1223529411764706
0 0.8274058577405857 0.5852941176470589 0.027196652719665274 0.09294117647058824
0 0.9738493723849372 0.3947058823529412 0.05230125523012552 0.015294117647058824
0 0.9006276150627615 0.4117647058823529 0.060669456066945605 0.13647058823529412
0 0.4476987447698745 0.37 0.18410041841004185 0.14
0 0.6610878661087866 0.2964705882352941 0.20920502092050208 0.05411764705882353
0 0.5847280334728033 0.2464705882352941 0.056485355648535567 0.04823529411764706
0 0.5972803347280334 0.2711764705882353 0.12343096234309624 0.12117647058823529
0 0.7207112970711297 0.2411764705882353 0.10669456066945607 0.06588235294117648
0 0.9267782426778243 0.21411764705882352 0.14644351464435146 0.10588235294117647
0 0.9675732217573222 0.13411764705882354 0.06485355648535565 0.042352941176470586
0 0.9675732217573222 0.05 0.06485355648535565 0.05058823529411765
