0 0.3023012552301255 0.9847058823529412 0.13598326359832635 0.03058823529411765
0 0.6171548117154811 0.5211764705882352 0.17154811715481172 0.011764705882352941
0 0.7960251046025104 0.45235294117647057 0.16108786610878661 0.029411764705882353
0 0.6234309623430963 0.43941176470588234 0.13389121338912133 0.06705882352941177
0 0.7782426778242678 0.37529411764705883 0.03347280334728033 0.02823529411764706
0 0.6380753138075314 0.37588235294117645 0.029288702928870293 0.029411764705882353
0 0.604602510460251 0.37529411764705883 0.03347280334728033 0.02823529411764706
0 0.5648535564853556 0.37529411764705883 0.03347280334728033 0.02823529411764706
0 0.7981171548117155 0.33647058823529413 0.05230125523012552 0.03764705882352941
0 0.6673640167364017 0.33647058823529413 0.03347280334728033 0.03764705882352941
0 0.6286610878661087 0.33647058823529413 0.03556485355648536 0.03764705882352941
0 0.5899581589958159 0.33647058823529413 0.03347280334728033 0.03764705882352941
0 0.7855648535564853 0.28647058823529414 0.060669456066945605 0.03176470588235294
0 0.8138075313807531 0.21294117647058824 0.0794979079497908 0.06352941176470588
0 0.5387029288702929 0.21176470588235294 0.0899581589958159 0.06352941176470588
0 0.7395397489539749 0.20176470588235293 0.08158995815899582 0.06
0 0.6150627615062761 0.20176470588235293 0.06694560669456066 0.06
0 0.6736401673640168 0.1988235294117647 0.02510460251046025 0.05647058823529412
0 0.6401673640167364 0.14294117647058824 0.12552301255230125 0.012941176470588235
0 0.24372384937238495 0.3658823529411765 0.09414225941422594 0.4776470588235294
0 0.0794979079497908 0.05352941176470588 0.11715481171548117 0.052941176470588235
