0 0.8786610878661087 0.8223529411764706 0.100418410041841 0.03529411764705882
0 0.8797071129707112 0.7847058823529411 0.1694560669456067 0.04
0 0.9016736401673641 0.7382352941176471 0.08786610878661087 0.03176470588235294
0 0.8420502092050209 0.7152941176470589 0.07322175732217573 0.04
0 0.8849372384937239 0.6135294117647059 0.14644351464435146 0.09294117647058824
0 0.06276150627615062 0.6005882352941176 0.12552301255230125 0.0976470588235294
0 0.19142259414225943 0.48764705882352943 0.056485355648535567 0.03411764705882353
0 0.9089958158995816 0.4758823529411765 0.18200836820083682 0.03411764705882353
0 0.9497907949790795 0.4582352941176471 0.100418410041841 0.015294117647058824
0 0.4320083682008368 0.44058823529411767 0.043933054393305436 0.08352941176470588
0 0.20815899581589958 0.43941176470588234 0.06903765690376569 0.0811764705882353
0 0.348326359832636 0.4335294117647059 0.06485355648535565 0.11176470588235295
0 0.6317991631799164 0.41352941176470587 0.1087866108786611 0.11647058823529412
0 0.21234309623430964 0.38176470588235295 0.06485355648535565 0.06235294117647059
0 0.100418410041841 0.36470588235294116 0.14225941422594143 0.03294117647058824
0 0.14644351464435146 0.29764705882352943 0.07112970711297072 0.03294117647058824
0 0.01882845188284519 0.28352941176470586 0.03765690376569038 0.03294117647058824
0 0.6956066945606695 0.2564705882352941 0.10251046025104603 0.04
0 0.6129707112970711 0.2488235294117647 0.09205020920502092 0.041176470588235294
