0 0.946652719665272 0.9788235294117648 0.10669456066945607 0.042352941176470586
0 0.5868200836820083 0.9429411764705883 0.34518828451882844 0.0035294117647058825
0 0.9424686192468619 0.9288235294117647 0.04811715481171548 0.01764705882352941
0 0.9822175732217573 0.9258823529411765 0.03556485355648536 0.03294117647058824
0 0.6244769874476988 0.8794117647058823 0.07740585774058577 0.01764705882352941
0 0.7311715481171548 0.6352941176470588 0.10251046025104603 0.047058823529411764
0 0.75418410041841 0.5294117647058824 0.1694560669456067 0.03764705882352941
0 0.606694560669456 0.3488235294117647 0.14225941422594143 0.015294117647058824
0 0.7228033472803347 0.34411764705882353 0.09832635983263599 0.010588235294117647
0 0.07531380753138076 0.36058823529411765 0.08368200836820083 0.06235294117647059
0 0.35460251046025104 0.35058823529411764 0.08158995815899582 0.058823529411764705
0 0.5010460251046025 0.32941176470588235 0.04811715481171548 0.03294117647058824
0 0.4351464435146444 0.33705882352941174 0.07531380753138076 0.05058823529411765
0 0.6276150627615062 0.3170588235294118 0.016736401673640166 0.036470588235294116
0 0.752092050209205 0.2964705882352941 0.060669456066945605 0.021176470588235293
0 0.5460251046025104 0.2511764705882353 0.15481171548117154 0.03411764705882353
0 0.7092050209205021 0.24764705882352941 0.15481171548117154 0.03411764705882353
