0 0.12238493723849372 0.8117647058823529 0.1903765690376569 0.06588235294117648
0 0.4916317991631799 0.6211764705882353 0.1799163179916318 0.10352941176470588
0 0.04079497907949791 0.5864705882352941 0.08158995815899582 0.06941176470588235
0 0.36715481171548114 0.5752941176470588 0.04811715481171548 0.05411764705882353
0 0.44037656903765693 0.5023529411764706 0.1192468619246862 0.03058823529411765
0 0.05543933054393305 0.5035294117647059 0.1108786610878661 0.042352941176470586
0 0.9246861924686193 0.4958823529411765 0.1506276150627615 0.04823529411764706
0 0.09518828451882845 0.46176470588235297 0.056485355648535567 0.036470588235294116
0 0.9027196652719666 0.4147058823529412 0.19456066945606695 0.11176470588235295
0 0.03347280334728033 0.35 0.04602510460251046 0.01764705882352941
0 0.1202928870292887 0.34941176470588237 0.06485355648535565 0.021176470588235293
0 0.7489539748953975 0.3064705882352941 0.1087866108786611 0.05764705882352941
0 0.9372384937238494 0.2664705882352941 0.12552301255230125 0.04588235294117647
0 0.42887029288702927 0.25882352941176473 0.03347280334728033 0.03294117647058824
0 0.16631799163179917 0.24294117647058824 0.24476987447698745 0.12117647058823529
0 0.7123430962343096 0.17176470588235293 0.10669456066945607 0.01647058823529412
0 0.9048117154811716 0.19647058823529412 0.1903765690376569 0.09411764705882353
0 0.6244769874476988 0.14411764705882352 0.05230125523012552 0.029411764705882353
0 0.40585774058577406 0.057058823529411766 0.16317991631799164 0.11411764705882353
0 0.2290794979079498 0.01 0.07322175732217573 0.02
0 0.036610878661087864 0.01 0.07322175732217573 0.02
