0 0.08158995815899582 0.9594117647058824 0.16317991631799164 0.0811764705882353
0 0.41422594142259417 0.638235294117647 0.09623430962343096 0.03882352941176471
0 0.5376569037656904 0.6235294117647059 0.11715481171548117 0.03529411764705882
0 0.9811715481171548 0.6364705882352941 0.03765690376569038 0.07294117647058823
0 0.4089958158995816 0.59 0.09414225941422594 0.03411764705882353
0 0.5209205020920502 0.5258823529411765 0.11297071129707113 0.02588235294117647
0 0.42677824267782427 0.44588235294117645 0.19665271966527198 0.007058823529411765
0 0.9832635983263598 0.4052941176470588 0.03347280334728033 0.03411764705882353
0 0.9843096234309623 0.3611764705882353 0.03138075313807531 0.02823529411764706
0 0.08263598326359832 0.33294117647058824 0.16527196652719664 0.06588235294117648
