0 0.2446933962264151 0.8859832635983264 0.015330188679245283 0.056485355648535567
0 0.2028301886792453 0.8755230125523012 0.01650943396226415 0.056485355648535567
0 0.18337264150943397 0.8755230125523012 0.01768867924528302 0.056485355648535567
0 0.3449292452830189 0.7897489539748954 0.05778301886792453 0.03556485355648536
0 0.022995283018867923 0.803347280334728 0.045990566037735846 0.2594142259414226
0 0.01179245283018868 0.645397489539749 0.02358490566037736 0.1108786610878661
0 0.9327830188679245 0.5983263598326359 0.10141509433962265 0.058577405857740586
0 0.37087264150943394 0.5324267782426778 0.055424528301886794 0.08577405857740586
0 0.1509433962264151 0.5418410041841004 0.014150943396226415 0.11715481171548117
0 0.964622641509434 0.5125523012552301 0.03537735849056604 0.06276150627615062
0 0.02122641509433962 0.5146443514644351 0.04245283018867924 0.11715481171548117
0 0.8490566037735849 0.40481171548117156 0.0589622641509434 0.043933054393305436
0 0.06308962264150944 0.4131799163179916 0.05778301886792453 0.08158995815899582
0 0.7570754716981132 0.3577405857740586 0.10141509433962265 0.04602510460251046
0 0.40860849056603776 0.2834728033472803 0.08372641509433962 0.056485355648535567
0 0.33785377358490565 0.2813807531380753 0.04834905660377359 0.056485355648535567
0 0.5996462264150944 0.17364016736401675 0.027122641509433963 0.08368200836820083
0 0.38089622641509435 0.1412133891213389 0.02122641509433962 0.05230125523012552
0 0.35141509433962265 0.11401673640167365 0.03773584905660377 0.08577405857740586
