0 0.6886792452830188 0.9163179916317992 0.030660377358490566 0.029288702928870293
0 0.6910377358490566 0.8807531380753139 0.030660377358490566 0.029288702928870293
0 0.1804245283018868 0.7573221757322176 0.05660377358490566 0.04184100418410042
0 0.04481132075471698 0.7688284518828452 0.06132075471698113 0.06903765690376569
0 0.12912735849056603 0.694560669456067 0.07193396226415094 0.08368200836820083
0 0.7995283018867925 0.6265690376569037 0.02358490566037736 0.09414225941422594
0 0.09846698113207547 0.5313807531380753 0.060141509433962265 0.07531380753138076
0 0.8030660377358491 0.5230125523012552 0.02830188679245283 0.0794979079497908
0 0.5766509433962265 0.38493723849372385 0.025943396226415096 0.058577405857740586
0 0.6167452830188679 0.19665271966527198 0.06839622641509434 0.03347280334728033
0 0.5636792452830188 0.1705020920502092 0.0330188679245283 0.03556485355648536
0 0.8319575471698113 0.14435146443514643 0.01061320754716981 0.058577405857740586
0 0.3956367924528302 0.20188284518828453 0.027122641509433963 0.17364016736401675
0 0.44575471698113206 0.200836820083682 0.07547169811320754 0.18410041841004185
0 0.2270047169811321 0.13702928870292888 0.0294811320754717 0.07740585774058577
0 0.19044811320754718 0.10146443514644352 0.045990566037735846 0.06903765690376569
0 0.2606132075471698 0.06694560669456066 0.07547169811320754 0.06694560669456066
0 0.6061320754716981 0.08054393305439331 0.09198113207547169 0.10669456066945607
0 0.6627358490566038 0.09205020920502092 0.05188679245283019 0.1506276150627615
0 0.3608490566037736 0.03765690376569038 0.02830188679245283 0.04184100418410042
0 0.7511792452830188 0.08263598326359832 0.01179245283018868 0.16527196652719664
0 0.5943396226415094 0.013598326359832637 0.125 0.027196652719665274
