0 0.7583682008368201 0.9876470588235294 0.0397489539748954 0.024705882352941175
0 0.6265690376569037 0.9529411764705882 0.18619246861924685 0.03764705882352941
0 0.6600418410041841 0.9658823529411765 0.2615062761506276 0.06823529411764706
0 0.032426778242677826 0.9205882352941176 0.027196652719665274 0.024705882352941175
0 0.9864016736401674 0.9135294117647059 0.027196652719665274 0.17294117647058824
0 0.7573221757322176 0.3788235294117647 0.03765690376569038 0.05176470588235294
0 0.7510460251046025 0.31588235294117645 0.497907949790795 0.02235294117647059
0 0.02510460251046025 0.3205882352941177 0.0502092050209205 0.04588235294117647
0 0.013598326359832637 0.19176470588235295 0.027196652719665274 0.02823529411764706
0 0.24686192468619247 0.17647058823529413 0.1087866108786611 0.03294117647058824
0 0.8713389121338913 0.11705882352941177 0.12343096234309624 0.012941176470588235
0 0.7719665271966527 0.06352941176470588 0.02092050209205021 0.11529411764705882
