0 0.21338912133891214 0.9876470588235294 0.03765690376569038 0.024705882352941175
0 0.100418410041841 0.9588235294117647 0.17573221757322174 0.05176470588235294
0 0.02510460251046025 0.7917647058823529 0.04602510460251046 0.04
0 0.3200836820083682 0.6894117647058824 0.07531380753138076 0.023529411764705882
0 0.19142259414225943 0.6705882352941176 0.10669456066945607 0.05411764705882353
0 0.27824267782426776 0.648235294117647 0.04602510460251046 0.03294117647058824
0 0.858786610878661 0.6 0.03556485355648536 0.018823529411764704
0 0.9435146443514645 0.5823529411764706 0.08786610878661087 0.021176470588235293
0 0.8723849372384938 0.5411764705882353 0.15481171548117154 0.023529411764705882
0 0.8347280334728033 0.4047058823529412 0.19246861924686193 0.03764705882352941
0 0.7656903765690377 0.36941176470588233 0.04184100418410042 0.02588235294117647
0 0.2217573221757322 0.07705882352941176 0.11297071129707113 0.05764705882352941
0 0.649581589958159 0.06941176470588235 0.13598326359832635 0.05176470588235294
0 0.5010460251046025 0.05941176470588235 0.13598326359832635 0.04823529411764706
0 0.9476987447698745 0.022941176470588236 0.10460251046025104 0.04588235294117647
