0 0.6586084905660378 0.8650627615062761 0.041273584905660375 0.043933054393305436
0 0.9882075471698113 0.7060669456066946 0.02358490566037736 0.06903765690376569
0 0.02653301886792453 0.6809623430962343 0.024764150943396228 0.1108786610878661
0 0.1403301886792453 0.6976987447698745 0.01650943396226415 0.19874476987447698
0 0.9811320754716981 0.5073221757322176 0.03773584905660377 0.09832635983263599
0 0.22228773584905662 0.41422594142259417 0.09316037735849056 0.06694560669456066
0 0.21933962264150944 0.3493723849372385 0.09198113207547169 0.06276150627615062
0 0.1821933962264151 0.2897489539748954 0.02240566037735849 0.056485355648535567
0 0.9540094339622641 0.2384937238493724 0.04009433962264151 0.03347280334728033
0 0.018867924528301886 0.10146443514644352 0.03773584905660377 0.12761506276150628
0 0.3856132075471698 0.03347280334728033 0.009433962264150943 0.06694560669456066
0 0.33549528301886794 0.02301255230125523 0.03419811320754717 0.04602510460251046
