0 0.35669456066945604 0.7523529411764706 0.06903765690376569 0.02
0 0.8274058577405857 0.6935294117647058 0.04811715481171548 0.06941176470588235
0 0.608786610878661 0.6905882352941176 0.0502092050209205 0.07058823529411765
0 0.7269874476987448 0.6717647058823529 0.08158995815899582 0.03764705882352941
0 0.9016736401673641 0.6535294117647059 0.06276150627615062 0.012941176470588235
0 0.6725941422594143 0.36764705882352944 0.0397489539748954 0.029411764705882353
0 0.7751046025104602 0.31176470588235294 0.08158995815899582 0.01411764705882353
0 0.3200836820083682 0.2782352941176471 0.09205020920502092 0.05764705882352941
0 0.1809623430962343 0.27941176470588236 0.056485355648535567 0.07647058823529412
0 0.45188284518828453 0.26705882352941174 0.09205020920502092 0.058823529411764705
0 0.23744769874476987 0.2747058823529412 0.07322175732217573 0.07411764705882352
0 0.5397489539748954 0.25823529411764706 0.08786610878661087 0.05529411764705883
0 0.3786610878661088 0.26235294117647057 0.04602510460251046 0.07529411764705882
0 0.854602510460251 0.17294117647058824 0.060669456066945605 0.009411764705882352
0 0.8336820083682008 0.13705882352941176 0.06903765690376569 0.01764705882352941
0 0.9079497907949791 0.16176470588235295 0.04602510460251046 0.12352941176470589
