0 0.7656903765690377 0.8088235294117647 0.11715481171548117 0.09529411764705882
0 0.8274058577405857 0.74 0.08577405857740586 0.0988235294117647
0 0.9016736401673641 0.6811764705882353 0.04602510460251046 0.03529411764705882
0 0.9832635983263598 0.6476470588235295 0.03347280334728033 0.041176470588235294
0 0.9623430962343096 0.61 0.04184100418410042 0.041176470588235294
0 0.6924686192468619 0.5788235294117647 0.14644351464435146 0.08941176470588236
0 0.944560669456067 0.5429411764705883 0.1108786610878661 0.07176470588235294
0 0.2196652719665272 0.4229411764705882 0.4393305439330544 0.027058823529411764
0 0.7196652719665272 0.3941176470588235 0.1799163179916318 0.011764705882352941
0 0.09832635983263599 0.2747058823529412 0.19665271966527198 0.00823529411764706
0 0.24581589958158995 0.22294117647058823 0.056485355648535567 0.06
0 0.7416317991631799 0.13941176470588235 0.11506276150627615 0.05529411764705883
0 0.8410041841004184 0.13176470588235295 0.0794979079497908 0.05176470588235294
