0 0.9392688679245284 0.9361924686192469 0.055424528301886794 0.09832635983263599
0 0.8413915094339622 0.7981171548117155 0.045990566037735846 0.07322175732217573
0 0.6792452830188679 0.6056485355648535 0.07547169811320754 0.04811715481171548
0 0.2865566037735849 0.5606694560669456 0.018867924528301886 0.1297071129707113
0 0.8720518867924528 0.3723849372384937 0.09080188679245282 0.06694560669456066
0 0.34846698113207547 0.16736401673640167 0.024764150943396228 0.058577405857740586
0 0.23879716981132076 0.1788702928870293 0.05778301886792453 0.15690376569037656
0 0.9669811320754716 0.04184100418410042 0.0660377358490566 0.08368200836820083
0 0.6762971698113207 0.032426778242677826 0.027122641509433963 0.06485355648535565
0 0.5760613207547169 0.04079497907949791 0.03891509433962264 0.08158995815899582
