0 0.6774764150943396 0.9497907949790795 0.08372641509433962 0.05439330543933055
0 0.5365566037735849 0.9089958158995816 0.05660377358490566 0.14435146443514643
0 0.7393867924528302 0.8253138075313807 0.09198113207547169 0.03138075313807531
0 0.6497641509433962 0.8221757322175732 0.08726415094339622 0.029288702928870293
0 0.5660377358490566 0.8138075313807531 0.030660377358490566 0.02092050209205021
0 0.9516509433962265 0.8472803347280334 0.07075471698113207 0.1589958158995816
0 0.7847877358490566 0.7102510460251046 0.06485849056603774 0.05230125523012552
0 0.8030660377358491 0.6548117154811716 0.01650943396226415 0.04184100418410042
0 0.691627358490566 0.643305439330544 0.01768867924528302 0.03556485355648536
0 0.9298349056603774 0.5857740585774058 0.06721698113207547 0.04602510460251046
0 0.03596698113207547 0.606694560669456 0.05070754716981132 0.08786610878661087
0 0.7712264150943396 0.5847280334728033 0.05188679245283019 0.12761506276150628
0 0.8060141509433962 0.549163179916318 0.03419811320754717 0.060669456066945605
0 0.6928066037735849 0.6161087866108786 0.08844339622641509 0.20292887029288703
0 0.8579009433962265 0.5303347280334728 0.031839622641509434 0.0899581589958159
0 0.6020047169811321 0.5941422594142259 0.03891509433962264 0.22594142259414227
0 0.02358490566037736 0.5083682008368201 0.04716981132075472 0.06276150627615062
0 0.4227594339622642 0.5094142259414226 0.0294811320754717 0.1108786610878661
0 0.20400943396226415 0.5596234309623431 0.10377358490566038 0.2112970711297071
0 0.25825471698113206 0.44037656903765693 0.09433962264150944 0.10251046025104603
0 0.9846698113207547 0.38284518828451886 0.030660377358490566 0.0794979079497908
0 0.7912735849056604 0.3723849372384937 0.06132075471698113 0.06694560669456066
0 0.7293632075471698 0.36715481171548114 0.060141509433962265 0.06903765690376569
0 0.6527122641509434 0.36401673640167365 0.08136792452830188 0.06694560669456066
0 0.5931603773584906 0.3587866108786611 0.03773584905660377 0.06485355648535565
0 0.9121462264150944 0.3064853556485356 0.03891509433962264 0.03556485355648536
0 0.21933962264150944 0.24267782426778242 0.04716981132075472 0.029288702928870293
0 0.8366745283018868 0.23326359832635984 0.024764150943396228 0.03138075313807531
0 0.09433962264150944 0.23744769874476987 0.1509433962264151 0.043933054393305436
0 0.9675707547169812 0.32322175732217573 0.06485849056603774 0.24476987447698745
0 0.04068396226415094 0.19874476987447698 0.08136792452830188 0.02092050209205021
0 0.4345518867924528 0.14330543933054393 0.0294811320754717 0.05230125523012552
0 0.5813679245283019 0.14853556485355648 0.07547169811320754 0.06694560669456066
0 0.2806603773584906 0.08158995815899582 0.02122641509433962 0.05439330543933055
0 0.3178066037735849 0.038702928870292884 0.13561320754716982 0.07740585774058577
0 0.22169811320754718 0.04184100418410042 0.10849056603773585 0.08368200836820083
0 0.05188679245283019 0.014644351464435146 0.05188679245283019 0.029288702928870293
