0 0.2688284518828452 0.8423529411764706 0.04811715481171548 0.01411764705882353
0 0.2290794979079498 0.8429411764705882 0.29916317991631797 0.052941176470588235
0 0.4424686192468619 0.8288235294117647 0.23221757322175732 0.03411764705882353
0 0.7384937238493724 0.7770588235294118 0.13389121338912133 0.06470588235294118
0 0.7112970711297071 0.7441176470588236 0.16736401673640167 0.04588235294117647
0 0.0397489539748954 0.71 0.0794979079497908 0.21058823529411766
0 0.9393305439330544 0.5164705882352941 0.12133891213389121 0.03764705882352941
0 0.8148535564853556 0.4970588235294118 0.14853556485355648 0.029411764705882353
0 0.6391213389121339 0.3735294117647059 0.09832635983263599 0.03882352941176471
0 0.606694560669456 0.28705882352941176 0.16736401673640167 0.03294117647058824
0 0.45083682008368203 0.19705882352941176 0.05230125523012552 0.03176470588235294
0 0.9006276150627615 0.19294117647058823 0.07322175732217573 0.14588235294117646
0 0.4341004184100418 0.08 0.04811715481171548 0.03058823529411765
0 0.2510460251046025 0.11352941176470588 0.09205020920502092 0.14470588235294118
0 0.16213389121338911 0.047058823529411764 0.07740585774058577 0.03058823529411765
