0 0.75 0.9476987447698745 0.02358490566037736 0.07112970711297072
0 0.6727594339622641 0.8378661087866108 0.045990566037735846 0.08158995815899582
0 0.6332547169811321 0.8232217573221757 0.025943396226415096 0.06485355648535565
0 0.5123820754716981 0.8106694560669456 0.03419811320754717 0.056485355648535567
0 0.47877358490566035 0.7960251046025104 0.030660377358490566 0.060669456066945605
0 0.27240566037735847 0.7186192468619247 0.08726415094339622 0.02301255230125523
0 0.6126179245283019 0.6380753138075314 0.045990566037735846 0.02092050209205021
0 0.6704009433962265 0.6213389121338913 0.0695754716981132 0.02510460251046025
0 0.8042452830188679 0.5920502092050209 0.07547169811320754 0.05439330543933055
0 0.6550707547169812 0.46338912133891214 0.020047169811320754 0.04811715481171548
0 0.6933962264150944 0.446652719665272 0.018867924528301886 0.07322175732217573
0 0.7240566037735849 0.4456066945606695 0.018867924528301886 0.07531380753138076
