0 0.23430962343096234 0.9688235294117648 0.0794979079497908 0.01764705882352941
0 0.20920502092050208 0.8047058823529412 0.0794979079497908 0.04941176470588235
0 0.5658995815899581 0.7741176470588236 0.04811715481171548 0.023529411764705882
0 0.4309623430962343 0.7688235294117647 0.058577405857740586 0.02235294117647059
0 0.5167364016736402 0.7594117647058823 0.10460251046025104 0.01764705882352941
0 0.647489539748954 0.7564705882352941 0.05230125523012552 0.023529411764705882
0 0.22594142259414227 0.7611764705882353 0.08786610878661087 0.03294117647058824
0 0.10146443514644352 0.7623529411764706 0.056485355648535567 0.04
0 0.3399581589958159 0.7488235294117647 0.13598326359832635 0.05764705882352941
0 0.5763598326359832 0.731764705882353 0.10251046025104603 0.03294117647058824
0 0.48640167364016734 0.7352941176470589 0.11506276150627615 0.05647058823529412
0 0.9194560669456067 0.7341176470588235 0.08577405857740586 0.058823529411764705
0 0.0794979079497908 0.5676470588235294 0.06276150627615062 0.05529411764705883
0 0.14748953974895398 0.5611764705882353 0.060669456066945605 0.05411764705882353
0 0.8629707112970711 0.5376470588235294 0.056485355648535567 0.01647058823529412
0 0.21338912133891214 0.5541176470588235 0.05439330543933055 0.05411764705882353
0 0.2719665271966527 0.5494117647058824 0.058577405857740586 0.05411764705882353
0 0.3410041841004184 0.5452941176470588 0.07112970711297072 0.052941176470588235
0 0.5 0.5329411764705883 0.02092050209205021 0.05411764705882353
0 0.16317991631799164 0.4758823529411765 0.24267782426778242 0.029411764705882353
0 0.14539748953974896 0.3264705882352941 0.2907949790794979 0.015294117647058824
0 0.6579497907949791 0.3688235294117647 0.23640167364016737 0.1588235294117647
0 0.0794979079497908 0.2858823529411765 0.05439330543933055 0.05647058823529412
0 0.19769874476987448 0.28294117647058825 0.056485355648535567 0.05529411764705883
0 0.3723849372384937 0.2676470588235294 0.05439330543933055 0.05529411764705883
0 0.42887029288702927 0.26 0.05439330543933055 0.05647058823529412
0 0.6558577405857741 0.18529411764705883 0.060669456066945605 0.03882352941176471
0 0.7834728033472803 0.18588235294117647 0.12761506276150628 0.047058823529411764
0 0.6485355648535565 0.13647058823529412 0.058577405857740586 0.04941176470588235
0 0.7353556485355649 0.14058823529411765 0.27405857740585776 0.08823529411764706
0 0.3179916317991632 0.05529411764705883 0.0794979079497908 0.01647058823529412
0 0.16317991631799164 0.057058823529411766 0.16736401673640167 0.027058823529411764
0 0.012552301255230125 0.05529411764705883 0.02510460251046025 0.02588235294117647
