0 0.9127358490566038 0.8472803347280334 0.17452830188679244 0.11297071129707113
0 0.1615566037735849 0.8096234309623431 0.0330188679245283 0.03765690376569038
0 0.08608490566037735 0.8096234309623431 0.0589622641509434 0.04184100418410042
0 0.9563679245283019 0.7907949790794979 0.04481132075471698 0.04184100418410042
0 0.9192216981132075 0.8253138075313807 0.1615566037735849 0.1108786610878661
0 0.7954009433962265 0.7730125523012552 0.05778301886792453 0.03556485355648536
0 0.9209905660377359 0.7667364016736402 0.02830188679245283 0.03138075313807531
0 0.6308962264150944 0.6485355648535565 0.02122641509433962 0.12552301255230125
0 0.04658018867924528 0.6725941422594143 0.041273584905660375 0.2489539748953975
0 0.8018867924528302 0.5219665271966527 0.049528301886792456 0.027196652719665274
0 0.4946933962264151 0.5868200836820083 0.10259433962264151 0.20292887029288703
0 0.9504716981132075 0.47280334728033474 0.04481132075471698 0.05439330543933055
0 0.9923349056603774 0.4989539748953975 0.015330188679245283 0.1108786610878661
0 0.7099056603773585 0.4424686192468619 0.11084905660377359 0.20292887029288703
0 0.5819575471698113 0.3263598326359833 0.09080188679245282 0.03765690376569038
0 0.9563679245283019 0.3158995815899582 0.08726415094339622 0.10460251046025104
0 0.8036556603773585 0.2918410041841004 0.08136792452830188 0.060669456066945605
0 0.47818396226415094 0.3138075313807531 0.041273584905660375 0.10460251046025104
0 0.8012971698113207 0.23221757322175732 0.08136792452830188 0.058577405857740586
0 0.7370283018867925 0.2583682008368201 0.20047169811320756 0.17364016736401675
0 0.25825471698113206 0.16631799163179917 0.054245283018867926 0.03138075313807531
0 0.7971698113207547 0.09937238493723849 0.06132075471698113 0.0397489539748954
0 0.7393867924528302 0.06276150627615062 0.0660377358490566 0.0502092050209205
0 0.5737028301886793 0.08891213389121339 0.13797169811320756 0.12343096234309624
0 0.7759433962264151 0.04602510460251046 0.018867924528301886 0.04184100418410042
0 0.060141509433962265 0.06903765690376569 0.12028301886792453 0.08786610878661087
0 0.43985849056603776 0.07217573221757322 0.1320754716981132 0.14435146443514643
