0 0.7887029288702929 0.7770588235294118 0.16317991631799164 0.16588235294117648
0 0.9016736401673641 0.6858823529411765 0.04602510460251046 0.042352941176470586
0 0.9832635983263598 0.6476470588235295 0.03347280334728033 0.041176470588235294
0 0.9623430962343096 0.61 0.04184100418410042 0.041176470588235294
0 0.7081589958158996 0.5788235294117647 0.10669456066945607 0.09647058823529411
0 0.9435146443514645 0.5417647058823529 0.11297071129707113 0.07411764705882352
0 0.21548117154811716 0.4211764705882353 0.4309623430962343 0.02823529411764706
0 0.7133891213389121 0.39294117647058824 0.1799163179916318 0.011764705882352941
0 0.1108786610878661 0.27294117647058824 0.2217573221757322 0.009411764705882352
0 0.23744769874476987 0.22176470588235295 0.056485355648535567 0.06
0 0.7343096234309623 0.1388235294117647 0.11297071129707113 0.05411764705882353
0 0.8336820083682008 0.13176470588235295 0.07740585774058577 0.05176470588235294
