0 0.7582547169811321 0.9539748953974896 0.4834905660377358 0.09205020920502092
0 0.7564858490566038 0.9058577405857741 0.055424528301886794 0.04184100418410042
0 0.2688679245283019 0.8389121338912134 0.030660377358490566 0.06276150627615062
0 0.9658018867924528 0.6129707112970711 0.04481132075471698 0.04602510460251046
0 0.22346698113207547 0.643305439330544 0.10023584905660378 0.15690376569037656
0 0.033608490566037735 0.6171548117154811 0.06721698113207547 0.1799163179916318
0 0.44575471698113206 0.5 0.05188679245283019 0.22594142259414227
0 0.7222877358490566 0.4790794979079498 0.09080188679245282 0.20920502092050208
0 0.8113207547169812 0.4027196652719665 0.07311320754716981 0.2489539748953975
0 0.9475235849056604 0.2625523012552301 0.012971698113207548 0.11506276150627615
0 0.018278301886792452 0.21652719665271966 0.036556603773584904 0.10251046025104603
0 0.41922169811320753 0.18828451882845187 0.3290094339622642 0.14644351464435146
