0 0.7228033472803347 0.7952941176470588 0.3702928870292887 0.05176470588235294
0 0.5031380753138075 0.8223529411764706 0.28661087866108786 0.12470588235294118
0 0.7405857740585774 0.5205882352941177 0.07112970711297072 0.027058823529411764
0 0.9278242677824268 0.49529411764705883 0.14435146443514643 0.03529411764705882
0 0.75418410041841 0.4788235294117647 0.06485355648535565 0.018823529411764704
0 0.3901673640167364 0.4752941176470588 0.043933054393305436 0.03529411764705882
0 0.40794979079497906 0.4611764705882353 0.07531380753138076 0.03294117647058824
0 0.5271966527196653 0.45941176470588235 0.1087866108786611 0.03882352941176471
0 0.7981171548117155 0.40941176470588236 0.03138075313807531 0.021176470588235293
0 0.043933054393305436 0.4229411764705882 0.08786610878661087 0.052941176470588235
0 0.5271966527196653 0.38529411764705884 0.13807531380753138 0.06470588235294118
0 0.7667364016736402 0.36764705882352944 0.05230125523012552 0.036470588235294116
0 0.8179916317991632 0.32823529411764707 0.14644351464435146 0.01647058823529412
0 0.5261506276150628 0.2911764705882353 0.027196652719665274 0.04352941176470588
0 0.07635983263598327 0.28294117647058825 0.15271966527196654 0.07882352941176471
0 0.9309623430962343 0.30823529411764705 0.08786610878661087 0.15294117647058825
0 0.7071129707112971 0.24352941176470588 0.1087866108786611 0.08235294117647059
0 0.9320083682008368 0.21058823529411766 0.027196652719665274 0.03294117647058824
0 0.9748953974895398 0.21 0.04184100418410042 0.03411764705882353
0 0.8410041841004184 0.22176470588235295 0.09623430962343096 0.11176470588235295
0 0.060669456066945605 0.17705882352941177 0.04602510460251046 0.04352941176470588
0 0.6140167364016736 0.13352941176470587 0.09414225941422594 0.06235294117647059
