0 0.5 0.9769874476987448 1.0 0.04602510460251046
0 0.5076650943396226 0.9372384937238494 0.04834905660377359 0.0502092050209205
0 0.4534198113207547 0.9152719665271967 0.045990566037735846 0.04811715481171548
0 0.3555424528301887 0.897489539748954 0.031839622641509434 0.04184100418410042
0 0.6527122641509434 0.8723849372384938 0.06485849056603774 0.05439330543933055
0 0.39681603773584906 0.850418410041841 0.036556603773584904 0.03556485355648536
0 0.9545990566037735 0.4121338912133891 0.041273584905660375 0.04602510460251046
0 0.5972877358490566 0.3493723849372385 0.11202830188679246 0.0794979079497908
0 0.5648584905660378 0.2625523012552301 0.049528301886792456 0.07740585774058577
0 0.6167452830188679 0.25418410041841005 0.07075471698113207 0.06485355648535565
