0 0.9665271966527197 0.9947058823529412 0.06694560669456066 0.010588235294117647
0 0.16317991631799164 0.8329411764705882 0.11715481171548117 0.047058823529411764
0 0.42887029288702927 0.8223529411764706 0.03765690376569038 0.03529411764705882
0 0.01778242677824268 0.8023529411764706 0.03556485355648536 0.023529411764705882
0 0.27719665271966526 0.7694117647058824 0.04811715481171548 0.02823529411764706
0 0.1087866108786611 0.7323529411764705 0.08368200836820083 0.03176470588235294
0 0.41841004184100417 0.7341176470588235 0.14225941422594143 0.10823529411764705
0 0.2186192468619247 0.7023529411764706 0.0899581589958159 0.07058823529411765
0 0.6935146443514645 0.49176470588235294 0.13179916317991633 0.08470588235294117
0 0.9769874476987448 0.4429411764705882 0.04602510460251046 0.015294117647058824
0 0.8964435146443515 0.4447058823529412 0.09414225941422594 0.02823529411764706
0 0.6150627615062761 0.4511764705882353 0.05439330543933055 0.06705882352941177
0 0.9267782426778243 0.4052941176470588 0.08368200836820083 0.012941176470588235
0 0.7343096234309623 0.4176470588235294 0.06694560669456066 0.04470588235294118
0 0.7416317991631799 0.37588235294117645 0.09414225941422594 0.04352941176470588
0 0.6684100418410042 0.3552941176470588 0.060669456066945605 0.03294117647058824
0 0.9435146443514645 0.29294117647058826 0.11297071129707113 0.04941176470588235
0 0.5983263598326359 0.22764705882352942 0.30962343096234307 0.01764705882352941
0 0.38702928870292885 0.18529411764705883 0.06276150627615062 0.04588235294117647
0 0.641213389121339 0.19647058823529412 0.3368200836820084 0.07764705882352942
0 0.40481171548117156 0.18705882352941178 0.1192468619246862 0.06588235294117648
0 0.9790794979079498 0.13647058823529412 0.04184100418410042 0.04
0 0.9320083682008368 0.04764705882352941 0.05230125523012552 0.09058823529411765
