0 0.7205188679245284 0.9330543933054394 0.018867924528301886 0.05439330543933055
0 0.43042452830188677 0.893305439330544 0.02830188679245283 0.04184100418410042
0 0.7175707547169812 0.8828451882845189 0.020047169811320754 0.03765690376569038
0 0.7393867924528302 0.897489539748954 0.02358490566037736 0.12133891213389121
0 0.7694575471698113 0.8880753138075314 0.0294811320754717 0.14435146443514643
0 0.18160377358490565 0.8336820083682008 0.03773584905660377 0.03556485355648536
0 0.7158018867924528 0.8378661087866108 0.01650943396226415 0.04811715481171548
0 0.6928066037735849 0.8859832635983264 0.03419811320754717 0.17364016736401675
0 0.9545990566037735 0.7343096234309623 0.05778301886792453 0.08786610878661087
0 0.42924528301886794 0.7186192468619247 0.0330188679245283 0.1401673640167364
0 0.14976415094339623 0.6663179916317992 0.030660377358490566 0.14435146443514643
0 0.6762971698113207 0.6328451882845189 0.0294811320754717 0.09832635983263599
0 0.8242924528301887 0.5889121338912134 0.030660377358490566 0.03138075313807531
0 0.1733490566037736 0.5930962343096234 0.014150943396226415 0.09414225941422594
0 0.6397405660377359 0.5836820083682008 0.041273584905660375 0.100418410041841
0 0.34610849056603776 0.5543933054393305 0.031839622641509434 0.12133891213389121
0 0.3248820754716981 0.4884937238493724 0.0294811320754717 0.043933054393305436
0 0.13502358490566038 0.5104602510460251 0.024764150943396228 0.13389121338912133
0 0.15683962264150944 0.38598326359832635 0.030660377358490566 0.02301255230125523
0 0.13856132075471697 0.3587866108786611 0.04363207547169811 0.027196652719665274
0 0.7346698113207547 0.26778242677824265 0.02122641509433962 0.08786610878661087
0 0.049528301886792456 0.18200836820083682 0.0660377358490566 0.15481171548117154
0 0.4321933962264151 0.08577405857740586 0.024764150943396228 0.06694560669456066
0 0.7989386792452831 0.0700836820083682 0.06721698113207547 0.06903765690376569
0 0.054245283018867926 0.05230125523012552 0.04245283018867924 0.06694560669456066
0 0.9846698113207547 0.07635983263598327 0.030660377358490566 0.15271966527196654
0 0.8803066037735849 0.09518828451882845 0.05306603773584906 0.1903765690376569
0 0.6586084905660378 0.02092050209205021 0.03891509433962264 0.04184100418410042
