0 0.6579497907949791 0.9923529411764705 0.060669456066945605 0.015294117647058824
0 0.5 0.9911764705882353 0.029288702928870293 0.01764705882352941
0 0.23117154811715482 0.9911764705882353 0.027196652719665274 0.01764705882352941
0 0.19142259414225943 0.9888235294117647 0.027196652719665274 0.02235294117647059
0 0.5669456066945606 0.9882352941176471 0.05439330543933055 0.023529411764705882
0 0.3901673640167364 0.9852941176470589 0.06485355648535565 0.029411764705882353
0 0.7792887029288703 0.9805882352941176 0.17364016736401675 0.03882352941176471
0 0.6328451882845189 0.8964705882352941 0.22384937238493724 0.06352941176470588
0 0.7981171548117155 0.8641176470588235 0.1401673640167364 0.03882352941176471
0 0.4686192468619247 0.8364705882352941 0.2510460251046025 0.15058823529411763
0 0.9456066945606695 0.5776470588235294 0.1087866108786611 0.0611764705882353
0 0.4696652719665272 0.44529411764705884 0.18200836820083682 0.041176470588235294
0 0.9351464435146444 0.44 0.1297071129707113 0.0988235294117647
0 0.8106694560669456 0.3123529411764706 0.08577405857740586 0.02235294117647059
0 0.39748953974895396 0.29 0.06276150627615062 0.02
0 0.030334728033472803 0.24941176470588236 0.060669456066945605 0.018823529411764704
0 0.9069037656903766 0.26 0.18619246861924685 0.10352941176470588
0 0.45397489539748953 0.10294117647058823 0.04184100418410042 0.04823529411764706
0 0.9184100418410042 0.04823529411764706 0.0794979079497908 0.09647058823529411
0 0.34414225941422594 0.039411764705882354 0.056485355648535567 0.07882352941176471
