0 0.8964435146443515 0.6952941176470588 0.20711297071129708 0.02823529411764706
0 0.9822175732217573 0.6129411764705882 0.03556485355648536 0.02588235294117647
0 0.8106694560669456 0.6005882352941176 0.027196652719665274 0.029411764705882353
0 0.29916317991631797 0.5788235294117647 0.02092050209205021 0.021176470588235293
0 0.25418410041841005 0.5788235294117647 0.02301255230125523 0.021176470588235293
0 0.9769874476987448 0.571764705882353 0.04602510460251046 0.03529411764705882
0 0.8985355648535565 0.57 0.07322175732217573 0.1188235294117647
0 0.8535564853556485 0.48058823529411765 0.100418410041841 0.02235294117647059
0 0.3817991631799163 0.4717647058823529 0.09414225941422594 0.023529411764705882
0 0.016736401673640166 0.5058823529411764 0.03347280334728033 0.10823529411764705
0 0.0794979079497908 0.35294117647058826 0.1589958158995816 0.08470588235294117
0 0.8462343096234309 0.30823529411764705 0.06903765690376569 0.023529411764705882
0 0.5721757322175732 0.2511764705882353 0.1401673640167364 0.03176470588235294
0 0.4246861924686193 0.2488235294117647 0.14225941422594143 0.03176470588235294
0 0.9330543933054394 0.20470588235294118 0.10460251046025104 0.07529411764705882
0 0.8807531380753139 0.15941176470588236 0.10460251046025104 0.041176470588235294
0 0.7186192468619247 0.11352941176470588 0.03556485355648536 0.036470588235294116
0 0.6129707112970711 0.11176470588235295 0.03347280334728033 0.03294117647058824
0 0.9602510460251046 0.09 0.0794979079497908 0.024705882352941175
0 0.9142259414225942 0.03176470588235294 0.17154811715481172 0.06352941176470588
0 0.8964435146443515 0.6952941176470588 0.20711297071129708 0.02823529411764706
0 0.9822175732217573 0.6129411764705882 0.03556485355648536 0.02588235294117647
0 0.8106694560669456 0.6005882352941176 0.027196652719665274 0.029411764705882353
0 0.29916317991631797 0.5788235294117647 0.02092050209205021 0.021176470588235293
0 0.25418410041841005 0.5788235294117647 0.02301255230125523 0.021176470588235293
0 0.9769874476987448 0.571764705882353 0.04602510460251046 0.03529411764705882
0 0.8985355648535565 0.57 0.07322175732217573 0.1188235294117647
0 0.8535564853556485 0.48058823529411765 0.100418410041841 0.02235294117647059
0 0.3817991631799163 0.4717647058823529 0.09414225941422594 0.023529411764705882
0 0.016736401673640166 0.5058823529411764 0.03347280334728033 0.10823529411764705
0 0.0794979079497908 0.35294117647058826 0.1589958158995816 0.08470588235294117
0 0.8462343096234309 0.30823529411764705 0.06903765690376569 0.023529411764705882
0 0.5721757322175732 0.2511764705882353 0.1401673640167364 0.03176470588235294
0 0.4246861924686193 0.2488235294117647 0.14225941422594143 0.03176470588235294
0 0.9330543933054394 0.20470588235294118 0.10460251046025104 0.07529411764705882
0 0.8807531380753139 0.15941176470588236 0.10460251046025104 0.041176470588235294
0 0.7186192468619247 0.11352941176470588 0.03556485355648536 0.036470588235294116
0 0.6129707112970711 0.11176470588235295 0.03347280334728033 0.03294117647058824
0 0.9602510460251046 0.09 0.0794979079497908 0.024705882352941175
0 0.9142259414225942 0.03176470588235294 0.17154811715481172 0.06352941176470588
