0 0.34518828451882844 0.9217647058823529 0.100418410041841 0.03882352941176471
0 0.9079497907949791 0.8047058823529412 0.18410041841004185 0.04941176470588235
0 0.9027196652719666 0.5805882352941176 0.09414225941422594 0.03882352941176471
0 0.9654811715481172 0.3623529411764706 0.06903765690376569 0.01647058823529412
0 0.8891213389121339 0.37941176470588234 0.05439330543933055 0.14
0 0.696652719665272 0.29470588235294115 0.07112970711297072 0.03882352941176471
0 0.7740585774058577 0.29294117647058826 0.07112970711297072 0.03764705882352941
0 0.9435146443514645 0.20470588235294118 0.11297071129707113 0.058823529411764705
0 0.4696652719665272 0.11470588235294117 0.027196652719665274 0.029411764705882353
0 0.9560669456066946 0.10588235294117647 0.08786610878661087 0.04470588235294118
0 0.9602510460251046 0.02235294117647059 0.0794979079497908 0.04470588235294118
