0 0.06721698113207547 0.7897489539748954 0.13443396226415094 0.09414225941422594
0 0.9846698113207547 0.7468619246861925 0.030660377358490566 0.02510460251046025
0 0.8242924528301887 0.7050209205020921 0.030660377358490566 0.04184100418410042
0 0.9369103773584906 0.6443514644351465 0.12617924528301888 0.09205020920502092
0 0.6692216981132075 0.33577405857740583 0.08844339622641509 0.06485355648535565
0 0.6692216981132075 0.2698744769874477 0.08844339622641509 0.06276150627615062
0 0.6656839622641509 0.3023012552301255 0.09787735849056604 0.15690376569037656
0 0.01650943396226415 0.1705020920502092 0.0330188679245283 0.03556485355648536
0 0.38207547169811323 0.12238493723849372 0.03537735849056604 0.03138075313807531
0 0.1391509433962264 0.01882845188284519 0.03773584905660377 0.03765690376569038
0 0.05660377358490566 0.01882845188284519 0.04245283018867924 0.03765690376569038
