0 0.8138075313807531 0.9941176470588236 0.10460251046025104 0.011764705882352941
0 0.9696652719665272 0.9929411764705882 0.060669456066945605 0.01411764705882353
0 0.015690376569037656 0.9223529411764706 0.03138075313807531 0.023529411764705882
0 0.07635983263598327 0.9341176470588235 0.15271966527196654 0.06823529411764706
0 0.3410041841004184 0.8352941176470589 0.25523012552301255 0.1411764705882353
0 0.3190376569037657 0.7729411764705882 0.10251046025104603 0.02588235294117647
0 0.200836820083682 0.7694117647058824 0.07531380753138076 0.05176470588235294
0 0.5387029288702929 0.6905882352941176 0.03556485355648536 0.03529411764705882
0 0.3002092050209205 0.6876470588235294 0.16108786610878661 0.03882352941176471
0 0.8441422594142259 0.6688235294117647 0.06485355648535565 0.03411764705882353
0 0.0397489539748954 0.5235294117647059 0.0794979079497908 0.02588235294117647
0 0.04079497907949791 0.46588235294117647 0.08158995815899582 0.02823529411764706
0 0.056485355648535567 0.41294117647058826 0.11297071129707113 0.023529411764705882
0 0.9456066945606695 0.39647058823529413 0.1087866108786611 0.09176470588235294
0 0.34414225941422594 0.35411764705882354 0.04811715481171548 0.05411764705882353
