0 0.7252358490566038 0.944560669456067 0.04245283018867924 0.04811715481171548
0 0.7099056603773585 0.9414225941422594 0.04009433962264151 0.04184100418410042
0 0.6945754716981132 0.9288702928870293 0.04245283018867924 0.04184100418410042
0 0.6798349056603774 0.9131799163179917 0.041273584905660375 0.05230125523012552
0 0.008254716981132075 0.7039748953974896 0.01650943396226415 0.10669456066945607
0 0.6061320754716981 0.6600418410041841 0.04245283018867924 0.07322175732217573
0 0.11733490566037735 0.7311715481171548 0.020047169811320754 0.32426778242677823
0 0.20931603773584906 0.49476987447698745 0.09551886792452831 0.06903765690376569
0 0.9870283018867925 0.4675732217573222 0.025943396226415096 0.09832635983263599
0 0.20695754716981132 0.4382845188284519 0.09551886792452831 0.04811715481171548
0 0.22287735849056603 0.4246861924686193 0.06367924528301887 0.05439330543933055
0 0.17275943396226415 0.36297071129707115 0.020047169811320754 0.04811715481171548
0 0.5412735849056604 0.24581589958158995 0.06839622641509434 0.027196652719665274
0 0.6415094339622641 0.22594142259414227 0.09905660377358491 0.03765690376569038
0 0.9557783018867925 0.20815899581589958 0.024764150943396228 0.03556485355648536
0 0.8962264150943396 0.19560669456066945 0.0589622641509434 0.04811715481171548
0 0.1792452830188679 0.12343096234309624 0.025943396226415096 0.04602510460251046
0 0.12323113207547169 0.04184100418410042 0.03891509433962264 0.03765690376569038
0 0.36556603773584906 0.04602510460251046 0.01650943396226415 0.09205020920502092
0 0.3095518867924528 0.02510460251046025 0.03419811320754717 0.0502092050209205
