0 0.12343096234309624 0.8176470588235294 0.24686192468619247 0.09176470588235294
0 0.49267782426778245 0.6194117647058823 0.18619246861924685 0.10470588235294118
0 0.4602510460251046 0.5629411764705883 0.058577405857740586 0.015294117647058824
0 0.051255230125523014 0.5605882352941176 0.10251046025104603 0.029411764705882353
0 0.36610878661087864 0.57 0.0502092050209205 0.05058823529411765
0 0.44037656903765693 0.4970588235294118 0.12343096234309624 0.024705882352941175
0 0.06485355648535565 0.49941176470588233 0.1297071129707113 0.04352941176470588
0 0.9330543933054394 0.4894117647058824 0.13389121338912133 0.04
0 0.038702928870292884 0.45705882352941174 0.07740585774058577 0.024705882352941175
0 0.1087866108786611 0.45705882352941174 0.07531380753138076 0.036470588235294116
0 0.5324267782426778 0.43 0.1903765690376569 0.041176470588235294
0 0.9236401673640168 0.40588235294117647 0.15271966527196654 0.09647058823529411
0 0.0397489539748954 0.3447058823529412 0.04602510460251046 0.018823529411764704
0 0.12866108786610878 0.3447058823529412 0.06903765690376569 0.021176470588235293
0 0.18828451882845187 0.33176470588235296 0.03765690376569038 0.018823529411764704
0 0.7635983263598326 0.2876470588235294 0.11715481171548117 0.04352941176470588
0 0.9414225941422594 0.2641176470588235 0.11715481171548117 0.04588235294117647
0 0.17154811715481172 0.25941176470588234 0.2384937238493724 0.07411764705882352
0 0.7290794979079498 0.15764705882352942 0.11506276150627615 0.018823529411764704
0 0.9100418410041841 0.19117647058823528 0.1799163179916318 0.08823529411764706
0 0.6359832635983264 0.13058823529411764 0.04602510460251046 0.03058823529411765
0 0.4110878661087866 0.054705882352941174 0.13598326359832635 0.10941176470588235
0 0.2301255230125523 0.007058823529411765 0.0502092050209205 0.01411764705882353
0 0.0397489539748954 0.007058823529411765 0.0794979079497908 0.01411764705882353
