0 0.6589958158995816 0.8723529411764706 0.3723849372384937 0.09058823529411765
0 0.7866108786610879 0.8035294117647059 0.0502092050209205 0.04
0 0.7447698744769874 0.6923529411764706 0.03347280334728033 0.02
0 0.4027196652719665 0.42176470588235293 0.2907949790794979 0.01764705882352941
0 0.8943514644351465 0.3982352941176471 0.04811715481171548 0.036470588235294116
0 0.702928870292887 0.35 0.0502092050209205 0.10235294117647059
0 0.4320083682008368 0.28294117647058825 0.18200836820083682 0.02
0 0.7018828451882845 0.21823529411764706 0.19456066945606695 0.04352941176470588
0 0.5135983263598326 0.05058823529411765 0.17782426778242677 0.08235294117647059
0 0.0198744769874477 0.03411764705882353 0.0397489539748954 0.05647058823529412
0 0.5188284518828452 0.01588235294117647 0.08368200836820083 0.03176470588235294
