0 0.9665271966527197 0.9941176470588236 0.06694560669456066 0.011764705882352941
0 0.14748953974895398 0.8464705882352941 0.12343096234309624 0.052941176470588235
0 0.3912133891213389 0.8382352941176471 0.05439330543933055 0.04588235294117647
0 0.2395397489539749 0.7823529411764706 0.04811715481171548 0.023529411764705882
0 0.049163179916317995 0.7388235294117647 0.06485355648535565 0.03058823529411765
0 0.3817991631799163 0.7517647058823529 0.14853556485355648 0.11058823529411765
0 0.16422594142259414 0.7129411764705882 0.07740585774058577 0.07058823529411765
0 0.9769874476987448 0.4423529411764706 0.04602510460251046 0.01647058823529412
0 0.893305439330544 0.4435294117647059 0.100418410041841 0.02823529411764706
0 0.6558577405857741 0.47941176470588237 0.17782426778242677 0.10705882352941176
0 0.7175732217573222 0.43058823529411766 0.07531380753138076 0.047058823529411764
0 0.9246861924686193 0.4047058823529412 0.08368200836820083 0.01411764705882353
0 0.7217573221757322 0.3876470588235294 0.1087866108786611 0.04588235294117647
0 0.6485355648535565 0.3635294117647059 0.06694560669456066 0.02823529411764706
0 0.9424686192468619 0.2923529411764706 0.11506276150627615 0.05058823529411765
0 0.4571129707112971 0.22294117647058823 0.2698744769874477 0.024705882352941175
0 0.36297071129707115 0.19117647058823528 0.06485355648535565 0.041176470588235294
0 0.6276150627615062 0.2023529411764706 0.3514644351464435 0.08470588235294117
0 0.9790794979079498 0.13470588235294118 0.04184100418410042 0.03882352941176471
0 0.9341004184100419 0.04941176470588235 0.04811715481171548 0.0988235294117647
