0 0.5 0.9435146443514645 1.0 0.11297071129707113
0 0.22936320754716982 0.9058577405857741 0.03891509433962264 0.04184100418410042
0 0.4693396226415094 0.8870292887029289 0.025943396226415096 0.02510460251046025
0 0.19516509433962265 0.8253138075313807 0.020047169811320754 0.1108786610878661
0 0.27122641509433965 0.7751046025104602 0.10849056603773585 0.1108786610878661
0 0.00884433962264151 0.4769874476987448 0.01768867924528302 0.1297071129707113
0 0.36379716981132076 0.36506276150627615 0.12382075471698113 0.0397489539748954
0 0.7305424528301887 0.2730125523012552 0.08136792452830188 0.06903765690376569
0 0.7252358490566038 0.2175732217573222 0.08018867924528301 0.06694560669456066
0 0.691627358490566 0.1705020920502092 0.01768867924528302 0.05230125523012552
0 0.7222877358490566 0.04497907949790795 0.09316037735849056 0.0899581589958159
0 0.6338443396226415 0.05230125523012552 0.07665094339622641 0.10460251046025104
0 0.4339622641509434 0.036610878661087864 0.03773584905660377 0.07322175732217573
0 0.39976415094339623 0.01882845188284519 0.030660377358490566 0.03765690376569038
0 0.298938679245283 0.08368200836820083 0.036556603773584904 0.16736401673640167
