0 0.8713389121338913 0.9364705882352942 0.056485355648535567 0.023529411764705882
0 0.9665271966527197 0.9247058823529412 0.06694560669456066 0.03294117647058824
0 0.24581589958158995 0.9 0.16108786610878661 0.021176470588235293
0 0.3493723849372385 0.8705882352941177 0.0794979079497908 0.07529411764705882
0 0.26359832635983266 0.8288235294117647 0.06276150627615062 0.03411764705882353
0 0.3054393305439331 0.7894117647058824 0.04602510460251046 0.04
0 0.7656903765690377 0.6247058823529412 0.4686192468619247 0.08941176470588236
0 0.7280334728033473 0.5752941176470588 0.0502092050209205 0.01647058823529412
0 0.9267782426778243 0.38235294117647056 0.14644351464435146 0.03529411764705882
0 0.9351464435146444 0.2817647058823529 0.1297071129707113 0.10941176470588235
0 0.10146443514644352 0.26 0.12343096234309624 0.1411764705882353
0 0.030334728033472803 0.14352941176470588 0.060669456066945605 0.05647058823529412
0 0.3002092050209205 0.12 0.05230125523012552 0.011764705882352941
0 0.895397489539749 0.023529411764705882 0.03347280334728033 0.047058823529411764
