0 0.07724056603773585 0.7782426778242678 0.03419811320754717 0.02092050209205021
0 0.6420990566037735 0.7343096234309623 0.020047169811320754 0.04602510460251046
0 0.5878537735849056 0.7531380753138075 0.055424528301886794 0.16736401673640167
0 0.6179245283018868 0.6746861924686193 0.0330188679245283 0.1108786610878661
0 0.02240566037735849 0.5449790794979079 0.01650943396226415 0.06485355648535565
0 0.33726415094339623 0.7186192468619247 0.025943396226415096 0.50418410041841
0 0.10259433962264151 0.4665271966527197 0.018867924528301886 0.04184100418410042
0 0.4982311320754717 0.45292887029288703 0.060141509433962265 0.11506276150627615
0 0.05837264150943396 0.42782426778242677 0.11674528301886793 0.07322175732217573
0 0.028891509433962265 0.33263598326359833 0.0294811320754717 0.07531380753138076
0 0.25825471698113206 0.19246861924686193 0.03773584905660377 0.1087866108786611
0 0.7340801886792453 0.18305439330543932 0.05306603773584906 0.09832635983263599
0 0.6079009433962265 0.16736401673640167 0.21108490566037735 0.07531380753138076
0 0.5625 0.08891213389121339 0.04481132075471698 0.03138075313807531
0 0.5194575471698113 0.05439330543933055 0.07900943396226415 0.1087866108786611
0 0.4168632075471698 0.008368200836820083 0.036556603773584904 0.016736401673640166
