0 0.5930962343096234 0.8782352941176471 0.25313807531380755 0.07882352941176471
0 0.09309623430962342 0.5947058823529412 0.043933054393305436 0.02
0 0.3054393305439331 0.5847058823529412 0.0502092050209205 0.023529411764705882
0 0.36401673640167365 0.59 0.12552301255230125 0.08352941176470588
0 0.24476987447698745 0.5547058823529412 0.2719665271966527 0.05764705882352941
0 0.043933054393305436 0.49117647058823527 0.08786610878661087 0.027058823529411764
0 0.27510460251046026 0.20941176470588235 0.03138075313807531 0.021176470588235293
0 0.4194560669456067 0.2076470588235294 0.03138075313807531 0.02
0 0.3776150627615063 0.20823529411764705 0.03556485355648536 0.021176470588235293
0 0.34205020920502094 0.20823529411764705 0.03138075313807531 0.021176470588235293
0 0.30857740585774057 0.2088235294117647 0.03556485355648536 0.02235294117647059
0 0.45292887029288703 0.20705882352941177 0.03138075313807531 0.021176470588235293
0 0.5135983263598326 0.20647058823529413 0.03138075313807531 0.02235294117647059
0 0.3023012552301255 0.17470588235294118 0.0397489539748954 0.02235294117647059
0 0.4581589958158996 0.17352941176470588 0.029288702928870293 0.02235294117647059
0 0.4225941422594142 0.17352941176470588 0.03347280334728033 0.02235294117647059
0 0.49372384937238495 0.1723529411764706 0.03347280334728033 0.02235294117647059
0 0.6579497907949791 0.15176470588235294 0.19874476987447698 0.01411764705882353
0 0.06171548117154812 0.004705882352941176 0.10251046025104603 0.009411764705882352
