0 0.7446933962264151 0.9037656903765691 0.036556603773584904 0.0502092050209205
0 0.38797169811320753 0.9163179916317992 0.16273584905660377 0.14644351464435146
0 0.18514150943396226 0.8336820083682008 0.03537735849056604 0.03138075313807531
0 0.7311320754716981 0.8315899581589958 0.01650943396226415 0.08577405857740586
0 0.9127358490566038 0.7771966527196653 0.025943396226415096 0.02301255230125523
0 0.4528301886792453 0.8253138075313807 0.02830188679245283 0.12761506276150628
0 0.4033018867924528 0.7866108786610879 0.014150943396226415 0.06694560669456066
0 0.7287735849056604 0.7656903765690377 0.018867924528301886 0.03347280334728033
0 0.1645047169811321 0.7792887029288703 0.027122641509433963 0.06485355648535565
0 0.7523584905660378 0.7583682008368201 0.018867924528301886 0.05230125523012552
0 0.9581367924528302 0.7374476987447699 0.05778301886792453 0.0899581589958159
0 0.455188679245283 0.6935146443514645 0.0330188679245283 0.13598326359832635
0 0.15389150943396226 0.6684100418410042 0.031839622641509434 0.14435146443514643
0 0.8284198113207547 0.5930962343096234 0.0294811320754717 0.03138075313807531
0 0.19929245283018868 0.5815899581589958 0.01650943396226415 0.09205020920502092
0 0.6798349056603774 0.7332635983263598 0.09080188679245282 0.41631799163179917
0 0.35200471698113206 0.49476987447698745 0.045990566037735846 0.07740585774058577
0 0.13974056603773585 0.5125523012552301 0.027122641509433963 0.13389121338912133
0 0.1615566037735849 0.3901673640167364 0.030660377358490566 0.02301255230125523
0 0.14327830188679244 0.36401673640167365 0.05306603773584906 0.029288702928870293
0 0.28596698113207547 0.29707112970711297 0.05070754716981132 0.10460251046025104
0 0.1792452830188679 0.24267782426778242 0.018867924528301886 0.09205020920502092
0 0.10436320754716981 0.21443514644351463 0.015330188679245283 0.1192468619246862
0 0.054245283018867926 0.18723849372384938 0.0660377358490566 0.15690376569037656
0 0.46108490566037735 0.09832635983263599 0.02358490566037736 0.06276150627615062
0 0.7865566037735849 0.09100418410041841 0.09905660377358491 0.10251046025104603
0 0.05837264150943396 0.05753138075313807 0.041273584905660375 0.06485355648535565
0 0.9864386792452831 0.08158995815899582 0.027122641509433963 0.16317991631799164
0 0.8838443396226415 0.09832635983263599 0.05306603773584906 0.19665271966527198
0 0.6609669811320755 0.029288702928870293 0.036556603773584904 0.058577405857740586
0 0.2759433962264151 0.012552301255230125 0.06132075471698113 0.02510460251046025
