0 0.854602510460251 0.7829411764705883 0.12343096234309624 0.06941176470588235
0 0.9205020920502092 0.7382352941176471 0.058577405857740586 0.041176470588235294
0 0.9476987447698745 0.6870588235294117 0.06276150627615062 0.09176470588235294
0 0.7112970711297071 0.5158823529411765 0.06694560669456066 0.03882352941176471
0 0.26359832635983266 0.49117647058823527 0.1589958158995816 0.036470588235294116
0 0.3263598326359833 0.48411764705882354 0.0502092050209205 0.03176470588235294
0 0.35460251046025104 0.4682352941176471 0.03138075313807531 0.08
0 0.26778242677824265 0.42411764705882354 0.14225941422594143 0.015294117647058824
0 0.0397489539748954 0.44176470588235295 0.0794979079497908 0.07647058823529412
0 0.3577405857740586 0.3123529411764706 0.14225941422594143 0.0811764705882353
0 0.25418410041841005 0.2958823529411765 0.0899581589958159 0.12117647058823529
0 0.6537656903765691 0.23058823529411765 0.24476987447698745 0.07529411764705882
0 0.9435146443514645 0.2011764705882353 0.11297071129707113 0.05176470588235294
0 0.24372384937238495 0.18529411764705883 0.09832635983263599 0.029411764705882353
0 0.08158995815899582 0.09117647058823529 0.0794979079497908 0.029411764705882353
0 0.2280334728033473 0.07352941176470588 0.09623430962343096 0.029411764705882353
0 0.5177824267782427 0.06941176470588235 0.2280334728033473 0.04941176470588235
0 0.9874476987447699 0.06352941176470588 0.02510460251046025 0.04470588235294118
0 0.9518828451882845 0.06 0.04602510460251046 0.03764705882352941
0 0.9592050209205021 0.01647058823529412 0.08158995815899582 0.03294117647058824
0 0.8253138075313807 0.029411764705882353 0.15271966527196654 0.058823529411764705
0 0.7207112970711297 0.03529411764705882 0.04811715481171548 0.07058823529411765
0 0.3472803347280335 0.036470588235294116 0.11297071129707113 0.07294117647058823
0 0.01882845188284519 0.041176470588235294 0.03765690376569038 0.08235294117647059
