0 0.35564853556485354 0.8917647058823529 0.1506276150627615 0.011764705882352941
0 0.8619246861924686 0.8276470588235294 0.09623430962343096 0.06
0 0.7782426778242678 0.8205882352941176 0.06694560669456066 0.10941176470588235
0 0.25 0.8147058823529412 0.056485355648535567 0.1588235294117647
0 0.7709205020920502 0.7076470588235294 0.06903765690376569 0.11176470588235295
0 0.7646443514644351 0.5541176470588235 0.06485355648535565 0.02823529411764706
0 0.2280334728033473 0.6129411764705882 0.03765690376569038 0.24235294117647058
0 0.4560669456066946 0.48411764705882354 0.03347280334728033 0.02
0 0.40794979079497906 0.5317647058823529 0.16736401673640167 0.15058823529411763
0 0.4686192468619247 0.4588235294117647 0.04602510460251046 0.018823529411764704
0 0.40481171548117156 0.4547058823529412 0.0397489539748954 0.024705882352941175
0 0.6140167364016736 0.45588235294117646 0.05230125523012552 0.03882352941176471
0 0.8305439330543933 0.44588235294117645 0.03347280334728033 0.02588235294117647
0 0.2186192468619247 0.4611764705882353 0.014644351464435146 0.09411764705882353
0 0.5449790794979079 0.4576470588235294 0.08158995815899582 0.08941176470588236
0 0.9853556485355649 0.37823529411764706 0.029288702928870293 0.03411764705882353
0 0.24163179916317992 0.3811764705882353 0.05230125523012552 0.08941176470588236
0 0.3106694560669456 0.3376470588235294 0.056485355648535567 0.02823529411764706
0 0.8608786610878661 0.5564705882352942 0.12343096234309624 0.4682352941176471
0 0.9497907949790795 0.3 0.100418410041841 0.07764705882352942
0 0.09100418410041841 0.14352941176470588 0.18200836820083682 0.1388235294117647
0 0.10251046025104603 0.036470588235294116 0.04602510460251046 0.02823529411764706
