0 0.5 0.9843096234309623 1.0 0.03138075313807531
0 0.04009433962264151 0.7761506276150628 0.03773584905660377 0.2384937238493724
0 0.6409198113207547 0.5889121338912134 0.036556603773584904 0.056485355648535567
0 0.6757075471698113 0.5826359832635983 0.02358490566037736 0.05230125523012552
0 0.9274764150943396 0.5774058577405857 0.02240566037735849 0.04602510460251046
0 0.6939858490566038 0.5794979079497908 0.01768867924528302 0.0502092050209205
0 0.714622641509434 0.5753138075313807 0.02122641509433962 0.0502092050209205
0 0.7358490566037735 0.5721757322175732 0.025943396226415096 0.05230125523012552
0 0.9439858490566038 0.5167364016736402 0.02240566037735849 0.04602510460251046
0 0.9634433962264151 0.5094142259414226 0.018867924528301886 0.043933054393305436
0 0.44398584905660377 0.34205020920502094 0.04363207547169811 0.043933054393305436
0 0.8726415094339622 0.0198744769874477 0.25471698113207547 0.0397489539748954
0 0.27889150943396224 0.03138075313807531 0.055424528301886794 0.06276150627615062
0 0.20047169811320756 0.016736401673640166 0.07075471698113207 0.03347280334728033
