0 0.9476987447698745 0.98 0.10460251046025104 0.04
0 0.3472803347280335 0.821764705882353 0.03347280334728033 0.04352941176470588
0 0.45292887029288703 0.82 0.056485355648535567 0.05647058823529412
0 0.9738493723849372 0.7623529411764706 0.05230125523012552 0.02823529411764706
0 0.6223849372384938 0.7235294117647059 0.03138075313807531 0.018823529411764704
0 0.8535564853556485 0.758235294117647 0.28870292887029286 0.13294117647058823
0 0.28451882845188287 0.7258823529411764 0.100418410041841 0.08235294117647059
0 0.5439330543933054 0.7617647058823529 0.09623430962343096 0.2529411764705882
0 0.7635983263598326 0.6047058823529412 0.12133891213389121 0.17647058823529413
0 0.04079497907949791 0.2988235294117647 0.08158995815899582 0.0611764705882353
0 0.9194560669456067 0.2823529411764706 0.1192468619246862 0.04470588235294118
0 0.9675732217573222 0.2605882352941176 0.06485355648535565 0.012941176470588235
0 0.8138075313807531 0.26294117647058823 0.06694560669456066 0.03176470588235294
0 0.29811715481171547 0.2811764705882353 0.06903765690376569 0.10588235294117647
0 0.8085774058577406 0.2311764705882353 0.12343096234309624 0.04588235294117647
0 0.29602510460251047 0.2988235294117647 0.1192468619246862 0.2964705882352941
0 0.3043933054393305 0.18823529411764706 0.07322175732217573 0.07529411764705882
0 0.7887029288702929 0.16117647058823528 0.07112970711297072 0.05411764705882353
0 0.3075313807531381 0.12823529411764706 0.06694560669456066 0.011764705882352941
0 0.7228033472803347 0.1288235294117647 0.05230125523012552 0.027058823529411764
0 0.49581589958158995 0.1188235294117647 0.11297071129707113 0.01647058823529412
0 0.17259414225941422 0.04764705882352941 0.04811715481171548 0.036470588235294116
0 0.3880753138075314 0.07 0.05230125523012552 0.08823529411764706
0 0.4194560669456067 0.009411764705882352 0.07740585774058577 0.018823529411764704
