0 0.08313679245283019 0.9121338912133892 0.060141509433962265 0.0502092050209205
0 0.5318396226415094 0.852510460251046 0.02830188679245283 0.12343096234309624
0 0.652122641509434 0.8117154811715481 0.05188679245283019 0.0502092050209205
0 0.6008254716981132 0.7740585774058577 0.02240566037735849 0.06276150627615062
0 0.6303066037735849 0.7165271966527197 0.031839622641509434 0.027196652719665274
0 0.8419811320754716 0.6997907949790795 0.0330188679245283 0.0397489539748954
0 0.7965801886792453 0.7018828451882845 0.036556603773584904 0.056485355648535567
0 0.09964622641509434 0.6600418410041841 0.024764150943396228 0.060669456066945605
0 0.9817216981132075 0.5836820083682008 0.0294811320754717 0.06276150627615062
0 0.42452830188679247 0.5617154811715481 0.18396226415094338 0.08577405857740586
0 0.7281839622641509 0.6391213389121339 0.06485849056603774 0.3075313807531381
0 0.7948113207547169 0.4675732217573222 0.06132075471698113 0.05230125523012552
0 0.8579009433962265 0.5366108786610879 0.12382075471698113 0.3075313807531381
0 0.35318396226415094 0.2918410041841004 0.02240566037735849 0.08577405857740586
0 0.09846698113207547 0.17364016736401675 0.05070754716981132 0.0502092050209205
0 0.01650943396226415 0.1412133891213389 0.0330188679245283 0.03556485355648536
0 0.3455188679245283 0.2102510460251046 0.06132075471698113 0.4205020920502092
