0 0.6359832635983264 0.6770588235294117 0.04184100418410042 0.01764705882352941
0 0.8671548117154811 0.691764705882353 0.027196652719665274 0.058823529411764705
0 0.4675732217573222 0.53 0.03556485355648536 0.08588235294117647
0 0.3922594142259414 0.5264705882352941 0.08577405857740586 0.0811764705882353
0 0.33263598326359833 0.5211764705882352 0.029288702928870293 0.08
0 0.2625523012552301 0.52 0.08158995815899582 0.08470588235294117
0 0.33158995815899583 0.40588235294117647 0.03556485355648536 0.021176470588235293
0 0.22489539748953974 0.4 0.03138075313807531 0.04941176470588235
0 0.5889121338912134 0.37058823529411766 0.060669456066945605 0.047058823529411764
0 0.29602510460251047 0.36764705882352944 0.0397489539748954 0.04588235294117647
0 0.3368200836820084 0.3658823529411765 0.058577405857740586 0.04941176470588235
0 0.5052301255230126 0.3658823529411765 0.0899581589958159 0.05176470588235294
0 0.41736401673640167 0.3523529411764706 0.08577405857740586 0.07176470588235294
0 0.6558577405857741 0.29823529411764704 0.18619246861924685 0.052941176470588235
0 0.3253138075313807 0.2576470588235294 0.06485355648535565 0.03529411764705882
0 0.34518828451882844 0.22 0.0794979079497908 0.03529411764705882
0 0.3054393305439331 0.01588235294117647 0.19246861924686193 0.03176470588235294
0 0.08158995815899582 0.018823529411764704 0.16317991631799164 0.03764705882352941
