0 0.7635983263598326 0.8782352941176471 0.05439330543933055 0.12117647058823529
0 0.9801255230125523 0.81 0.0397489539748954 0.015294117647058824
0 0.9142259414225942 0.7276470588235294 0.17154811715481172 0.027058823529411764
0 0.9152719665271967 0.6658823529411765 0.14853556485355648 0.03294117647058824
0 0.3064853556485356 0.5788235294117647 0.043933054393305436 0.09647058823529411
0 0.9393305439330544 0.5041176470588236 0.12133891213389121 0.0976470588235294
0 0.9665271966527197 0.37411764705882355 0.06694560669456066 0.009411764705882352
0 0.7751046025104602 0.3476470588235294 0.03556485355648536 0.027058823529411764
0 0.6485355648535565 0.33588235294117647 0.09205020920502092 0.03176470588235294
0 0.10146443514644352 0.3170588235294118 0.09832635983263599 0.03411764705882353
0 0.8368200836820083 0.20058823529411765 0.3263598326359833 0.11176470588235295
