0 0.9198113207547169 0.8535564853556485 0.16037735849056603 0.10460251046025104
0 0.1786556603773585 0.8200836820083682 0.07665094339622641 0.06276150627615062
0 0.07665094339622641 0.8096234309623431 0.05660377358490566 0.0502092050209205
0 0.9569575471698113 0.7939330543933054 0.045990566037735846 0.0397489539748954
0 0.9204009433962265 0.8274058577405857 0.15919811320754718 0.1108786610878661
0 0.6255896226415094 0.6600418410041841 0.01768867924528302 0.12761506276150628
0 0.04245283018867924 0.6684100418410042 0.03773584905660377 0.24476987447698745
0 0.8018867924528302 0.5334728033472803 0.05188679245283019 0.029288702928870293
0 0.4675707547169811 0.5951882845188284 0.14268867924528303 0.21548117154811716
0 0.9545990566037735 0.47489539748953974 0.045990566037735846 0.05439330543933055
0 0.7081367924528302 0.4497907949790795 0.11438679245283019 0.20502092050209206
0 0.5790094339622641 0.3294979079497908 0.09198113207547169 0.03556485355648536
0 0.8048349056603774 0.29916317991631797 0.08372641509433962 0.058577405857740586
0 0.9581367924528302 0.3200836820083682 0.08372641509433962 0.10460251046025104
0 0.4740566037735849 0.3158995815899582 0.04245283018867924 0.1087866108786611
0 0.8024764150943396 0.2405857740585774 0.08372641509433962 0.058577405857740586
0 0.7423349056603774 0.26673640167364016 0.21108490566037735 0.16527196652719664
0 0.2617924528301887 0.16631799163179917 0.05660377358490566 0.03138075313807531
0 0.5849056603773585 0.13179916317991633 0.04481132075471698 0.0502092050209205
0 0.8018867924528302 0.10774058577405858 0.0660377358490566 0.03556485355648536
0 0.7399764150943396 0.06485355648535565 0.0625 0.0502092050209205
0 0.5790094339622641 0.08891213389121339 0.1320754716981132 0.11506276150627615
0 0.7794811320754716 0.04707112970711297 0.018867924528301886 0.0397489539748954
0 0.06132075471698113 0.06799163179916318 0.12264150943396226 0.0899581589958159
0 0.4428066037735849 0.07322175732217573 0.13089622641509435 0.14644351464435146
