0 0.13702928870292888 0.9388235294117647 0.07322175732217573 0.06823529411764706
0 0.049163179916317995 0.9411764705882353 0.09832635983263599 0.11058823529411765
0 0.1997907949790795 0.8764705882352941 0.056485355648535567 0.05647058823529412
0 0.17154811715481172 0.8141176470588235 0.1087866108786611 0.08941176470588236
0 0.2709205020920502 0.7847058823529411 0.02301255230125523 0.06823529411764706
0 0.7217573221757322 0.7823529411764706 0.06694560669456066 0.09647058823529411
0 0.7081589958158996 0.6847058823529412 0.06485355648535565 0.09411764705882353
0 0.555439330543933 0.548235294117647 0.16527196652719664 0.05176470588235294
0 0.5481171548117155 0.5341176470588235 0.16317991631799164 0.042352941176470586
0 0.5502092050209205 0.5158823529411765 0.1799163179916318 0.041176470588235294
0 0.7060669456066946 0.5276470588235294 0.043933054393305436 0.07882352941176471
0 0.3284518828451883 0.5035294117647059 0.09205020920502092 0.08470588235294117
0 0.23326359832635984 0.49117647058823527 0.03138075313807531 0.0811764705882353
0 0.19351464435146443 0.4123529411764706 0.027196652719665274 0.052941176470588235
0 0.9832635983263598 0.14529411764705882 0.03347280334728033 0.05058823529411765
0 0.029288702928870293 0.0976470588235294 0.058577405857740586 0.05411764705882353
0 0.2186192468619247 0.0811764705882353 0.08577405857740586 0.0611764705882353
0 0.1087866108786611 0.047058823529411764 0.02510460251046025 0.042352941176470586
0 0.08263598326359832 0.01 0.04811715481171548 0.02
