0 0.8326359832635983 0.8482352941176471 0.08786610878661087 0.04
0 0.22384937238493724 0.7570588235294118 0.07112970711297072 0.027058823529411764
0 0.3023012552301255 0.7411764705882353 0.12761506276150628 0.05647058823529412
0 0.9769874476987448 0.6541176470588236 0.04602510460251046 0.01411764705882353
0 0.9299163179916318 0.6329411764705882 0.0397489539748954 0.07294117647058823
0 0.3493723849372385 0.5358823529411765 0.029288702928870293 0.0811764705882353
0 0.06171548117154812 0.51 0.12343096234309624 0.029411764705882353
0 0.9790794979079498 0.5358823529411765 0.04184100418410042 0.10470588235294118
0 0.1192468619246862 0.4435294117647059 0.17154811715481172 0.01647058823529412
0 0.06380753138075314 0.3764705882352941 0.12761506276150628 0.01647058823529412
0 0.22384937238493724 0.3611764705882353 0.06694560669456066 0.01647058823529412
0 0.8399581589958159 0.2711764705882353 0.060669456066945605 0.041176470588235294
0 0.5 0.05764705882352941 1.0 0.004705882352941176
0 0.944560669456067 0.01647058823529412 0.01882845188284519 0.03294117647058824
0 0.8807531380753139 0.01411764705882353 0.09205020920502092 0.02823529411764706
0 0.6736401673640168 0.018823529411764704 0.03765690376569038 0.03764705882352941
0 0.5983263598326359 0.017058823529411765 0.09623430962343096 0.03411764705882353
0 0.4382845188284519 0.020588235294117647 0.11506276150627615 0.041176470588235294
