0 0.016736401673640166 0.9129411764705883 0.03347280334728033 0.10352941176470588
0 0.8943514644351465 0.6041176470588235 0.20711297071129708 0.02235294117647059
0 0.8138075313807531 0.5305882352941177 0.07112970711297072 0.018823529411764704
0 0.8702928870292888 0.4776470588235294 0.06694560669456066 0.07764705882352942
0 0.41527196652719667 0.2605882352941176 0.04811715481171548 0.04352941176470588
0 0.9497907949790795 0.22176470588235295 0.100418410041841 0.02
0 0.8211297071129707 0.22647058823529412 0.14435146443514643 0.03411764705882353
0 0.7018828451882845 0.24705882352941178 0.08158995815899582 0.08235294117647059
0 0.3410041841004184 0.20411764705882354 0.19665271966527198 0.04352941176470588
0 0.07740585774058577 0.18235294117647058 0.15481171548117154 0.02823529411764706
0 0.8138075313807531 0.00823529411764706 0.08368200836820083 0.01647058823529412
0 0.7322175732217573 0.06352941176470588 0.02510460251046025 0.12705882352941175
0 0.35460251046025104 0.05352941176470588 0.03556485355648536 0.10705882352941176
