0 0.3138075313807531 0.7735294117647059 0.05439330543933055 0.02
0 0.12343096234309624 0.6617647058823529 0.04184100418410042 0.015294117647058824
0 0.04602510460251046 0.5570588235294117 0.03347280334728033 0.01764705882352941
0 0.303347280334728 0.5264705882352941 0.19665271966527198 0.06235294117647059
0 0.1600418410041841 0.4788235294117647 0.18619246861924685 0.03529411764705882
0 0.24267782426778242 0.40647058823529414 0.029288702928870293 0.027058823529411764
0 0.3619246861924686 0.41705882352941176 0.1297071129707113 0.052941176470588235
0 0.4121338912133891 0.37176470588235294 0.10460251046025104 0.018823529411764704
0 0.051255230125523014 0.40058823529411763 0.0397489539748954 0.0811764705882353
0 0.18200836820083682 0.4041176470588235 0.23430962343096234 0.1
0 0.5993723849372385 0.38823529411764707 0.3075313807531381 0.1011764705882353
0 0.698744769874477 0.3035294117647059 0.058577405857740586 0.02823529411764706
0 0.9173640167364017 0.28 0.16527196652719664 0.11529411764705882
0 0.5679916317991632 0.10882352941176471 0.05230125523012552 0.06705882352941177
0 0.9152719665271967 0.11764705882352941 0.09832635983263599 0.08941176470588236
0 0.7771966527196653 0.018823529411764704 0.06903765690376569 0.03764705882352941
0 0.649581589958159 0.010588235294117647 0.07322175732217573 0.021176470588235293
