0 0.8158995815899581 0.8523529411764705 0.058577405857740586 0.024705882352941175
0 0.26359832635983266 0.7405882352941177 0.16317991631799164 0.05058823529411765
0 0.9769874476987448 0.6505882352941177 0.04602510460251046 0.01411764705882353
0 0.9215481171548117 0.6388235294117647 0.05230125523012552 0.09176470588235294
0 0.060669456066945605 0.5052941176470588 0.12133891213389121 0.03411764705882353
0 0.9790794979079498 0.5305882352941177 0.04184100418410042 0.10588235294117647
0 0.11820083682008369 0.4423529411764706 0.1694560669456067 0.021176470588235293
0 0.08891213389121339 0.3988235294117647 0.17782426778242677 0.009411764705882352
0 0.2196652719665272 0.38058823529411767 0.12552301255230125 0.015294117647058824
0 0.060669456066945605 0.3723529411764706 0.12133891213389121 0.015294117647058824
0 0.2280334728033473 0.3564705882352941 0.08368200836820083 0.01647058823529412
0 0.8451882845188284 0.2635294117647059 0.0502092050209205 0.03764705882352941
0 0.5 0.05 1.0 0.0058823529411764705
0 0.8776150627615062 0.010588235294117647 0.09832635983263599 0.021176470588235293
0 0.5962343096234309 0.011764705882352941 0.09623430962343096 0.023529411764705882
0 0.4246861924686193 0.01647058823529412 0.09205020920502092 0.03294117647058824
0 0.19351464435146443 0.02176470588235294 0.38702928870292885 0.04352941176470588
