0 0.11438679245283019 0.8619246861924686 0.02122641509433962 0.03765690376569038
0 0.7623820754716981 0.8420502092050209 0.02240566037735849 0.08158995815899582
0 0.47110849056603776 0.7092050209205021 0.03419811320754717 0.07112970711297072
0 0.41273584905660377 0.6851464435146444 0.05188679245283019 0.04811715481171548
0 0.8873820754716981 0.36401673640167365 0.024764150943396228 0.02510460251046025
0 0.9327830188679245 0.3598326359832636 0.02122641509433962 0.03347280334728033
0 0.12264150943396226 0.26778242677824265 0.0330188679245283 0.029288702928870293
0 0.012971698113207548 0.25418410041841005 0.025943396226415096 0.07740585774058577
0 0.9811320754716981 0.22280334728033474 0.03773584905660377 0.02301255230125523
0 0.9433962264150944 0.13807531380753138 0.08018867924528301 0.06694560669456066
