0 0.5292887029288703 0.8123529411764706 0.19246861924686193 0.024705882352941175
0 0.9194560669456067 0.7629411764705882 0.16108786610878661 0.027058823529411764
0 0.8692468619246861 0.7111764705882353 0.16108786610878661 0.07176470588235294
0 0.946652719665272 0.6311764705882353 0.10669456066945607 0.027058823529411764
0 0.8441422594142259 0.6270588235294118 0.09832635983263599 0.02823529411764706
0 0.9612970711297071 0.5823529411764706 0.07740585774058577 0.021176470588235293
0 0.854602510460251 0.5788235294117647 0.1108786610878661 0.021176470588235293
0 0.016736401673640166 0.4123529411764706 0.03347280334728033 0.02235294117647059
0 0.2803347280334728 0.28058823529411764 0.0794979079497908 0.03176470588235294
0 0.12447698744769875 0.27941176470588236 0.10251046025104603 0.036470588235294116
0 0.9089958158995816 0.27176470588235296 0.18200836820083682 0.12705882352941175
0 0.09937238493723849 0.1188235294117647 0.19874476987447698 0.02823529411764706
0 0.027196652719665274 0.09705882352941177 0.05439330543933055 0.010588235294117647
0 0.11401673640167365 0.07764705882352942 0.2280334728033473 0.009411764705882352
0 0.946652719665272 0.020588235294117647 0.06485355648535565 0.041176470588235294
