0 0.27004716981132076 0.9215481171548117 0.08018867924528301 0.043933054393305436
0 0.5100235849056604 0.8985355648535565 0.020047169811320754 0.07740585774058577
0 0.6898584905660378 0.8441422594142259 0.02122641509433962 0.04811715481171548
0 0.7281839622641509 0.8274058577405857 0.024764150943396228 0.027196652719665274
0 0.7706367924528302 0.8211297071129707 0.024764150943396228 0.027196652719665274
0 0.7977594339622641 0.8378661087866108 0.03419811320754717 0.07322175732217573
0 0.9038915094339622 0.8106694560669456 0.01768867924528302 0.06485355648535565
0 0.9705188679245284 0.7939330543933054 0.0589622641509434 0.08577405857740586
0 0.84375 0.6600418410041841 0.027122641509433963 0.03556485355648536
0 0.8354952830188679 0.6537656903765691 0.060141509433962265 0.11506276150627615
0 0.8962264150943396 0.5763598326359832 0.02830188679245283 0.043933054393305436
0 0.9705188679245284 0.5857740585774058 0.0589622641509434 0.10460251046025104
0 0.13148584905660377 0.4027196652719665 0.26297169811320753 0.07322175732217573
0 0.011202830188679245 0.35460251046025104 0.02240566037735849 0.060669456066945605
0 0.039504716981132074 0.3514644351464435 0.027122641509433963 0.06694560669456066
0 0.0695754716981132 0.34414225941422594 0.02830188679245283 0.06903765690376569
0 0.0972877358490566 0.3389121338912134 0.024764150943396228 0.06694560669456066
0 0.9044811320754716 0.348326359832636 0.04245283018867924 0.09832635983263599
0 0.12617924528301888 0.33263598326359833 0.030660377358490566 0.07112970711297072
0 0.15507075471698112 0.3274058577405858 0.024764150943396228 0.06903765690376569
0 0.2016509433962264 0.3190376569037657 0.030660377358490566 0.06903765690376569
0 0.22877358490566038 0.3138075313807531 0.025943396226415096 0.06694560669456066
0 0.7806603773584906 0.21338912133891214 0.09905660377358491 0.0794979079497908
0 0.7741745283018868 0.14330543933054393 0.09787735849056604 0.07740585774058577
0 0.5206367924528302 0.043933054393305436 0.031839622641509434 0.029288702928870293
0 0.4386792452830189 0.03347280334728033 0.03773584905660377 0.04602510460251046
0 0.8968160377358491 0.016736401673640166 0.04363207547169811 0.03347280334728033
0 0.3903301886792453 0.0397489539748954 0.014150943396226415 0.0794979079497908
0 0.08844339622641509 0.03347280334728033 0.09198113207547169 0.06694560669456066
0 0.05660377358490566 0.01882845188284519 0.04009433962264151 0.03765690376569038
0 0.02122641509433962 0.07217573221757322 0.04245283018867924 0.14435146443514643
