0 0.5 0.9874476987447699 1.0 0.02510460251046025
0 0.4882075471698113 0.7740585774058577 0.09905660377358491 0.0502092050209205
0 0.23054245283018868 0.7280334728033473 0.10966981132075472 0.06694560669456066
0 0.2134433962264151 0.702928870292887 0.12971698113207547 0.08368200836820083
0 0.13797169811320756 0.6767782426778243 0.014150943396226415 0.056485355648535567
0 0.388561320754717 0.6558577405857741 0.027122641509433963 0.056485355648535567
0 0.691627358490566 0.6349372384937239 0.19929245283018868 0.0397489539748954
0 0.18396226415094338 0.6391213389121339 0.01650943396226415 0.07322175732217573
0 0.16096698113207547 0.6485355648535565 0.0294811320754717 0.09205020920502092
0 0.19870283018867924 0.6767782426778243 0.20872641509433962 0.15271966527196654
0 0.7004716981132075 0.5993723849372385 0.20047169811320756 0.03138075313807531
0 0.21875 0.6171548117154811 0.02240566037735849 0.06694560669456066
0 0.23525943396226415 0.6035564853556485 0.027122641509433963 0.07740585774058577
0 0.7134433962264151 0.5648535564853556 0.19103773584905662 0.03347280334728033
0 0.2517688679245283 0.5836820083682008 0.03419811320754717 0.07531380753138076
0 0.2694575471698113 0.5711297071129707 0.041273584905660375 0.0794979079497908
0 0.28773584905660377 0.5575313807531381 0.04716981132075472 0.07322175732217573
0 0.42452830188679247 0.5679916317991632 0.04716981132075472 0.1108786610878661
0 0.31014150943396224 0.5596234309623431 0.05660377358490566 0.10251046025104603
0 0.39799528301886794 0.5658995815899581 0.07193396226415094 0.1694560669456067
0 0.3920990566037736 0.5334728033472803 0.08372641509433962 0.17154811715481172
0 0.361438679245283 0.50418410041841 0.12382075471698113 0.16317991631799164
0 0.5383254716981132 0.4675732217573222 0.08136792452830188 0.10251046025104603
0 0.13974056603773585 0.4299163179916318 0.1332547169811321 0.043933054393305436
0 0.9239386792452831 0.5376569037656904 0.036556603773584904 0.36401673640167365
0 0.6226415094339622 0.3598326359832636 0.18867924528301888 0.02092050209205021
0 0.6798349056603774 0.33577405857740583 0.08608490566037735 0.010460251046025104
0 0.09905660377358491 0.3619246861924686 0.02358490566037736 0.06276150627615062
0 0.5854952830188679 0.33472803347280333 0.10023584905660378 0.016736401673640166
0 0.12441037735849056 0.35251046025104604 0.02240566037735849 0.06485355648535565
0 0.14858490566037735 0.34518828451882844 0.02358490566037736 0.06694560669456066
0 0.6709905660377359 0.3127615062761506 0.12028301886792453 0.010460251046025104
0 0.1715801886792453 0.33577405857740583 0.020047169811320754 0.06485355648535565
0 0.5766509433962265 0.30857740585774057 0.0660377358490566 0.01882845188284519
0 0.2847877358490566 0.3023012552301255 0.024764150943396228 0.06485355648535565
0 0.7081367924528302 0.27824267782426776 0.05778301886792453 0.04184100418410042
0 0.13148584905660377 0.33263598326359833 0.12617924528301888 0.17154811715481172
0 0.27358490566037735 0.303347280334728 0.08726415094339622 0.17154811715481172
0 0.8160377358490566 0.17259414225941422 0.08490566037735849 0.08158995815899582
0 0.7942216981132075 0.10564853556485355 0.055424528301886794 0.07322175732217573
0 0.7022405660377359 0.12238493723849372 0.07193396226415094 0.1401673640167364
0 0.7759433962264151 0.036610878661087864 0.02122641509433962 0.060669456066945605
0 0.8667452830188679 0.10669456066945607 0.02830188679245283 0.21338912133891214
0 0.42983490566037735 0.02301255230125523 0.07900943396226415 0.04602510460251046
0 0.17629716981132076 0.051255230125523014 0.07665094339622641 0.10251046025104603
0 0.057193396226415096 0.06694560669456066 0.11438679245283019 0.13389121338912133
0 0.009433962264150943 0.028242677824267783 0.018867924528301886 0.056485355648535567
