0 0.8085774058577406 0.8017647058823529 0.0397489539748954 0.14
0 0.5564853556485355 0.6741176470588235 0.2803347280334728 0.021176470588235293
0 0.604602510460251 0.6794117647058824 0.41422594142259417 0.03411764705882353
0 0.2928870292887029 0.4088235294117647 0.02092050209205021 0.02
0 0.37343096234309625 0.4076470588235294 0.02301255230125523 0.02
0 0.4560669456066946 0.40705882352941175 0.02092050209205021 0.021176470588235293
0 0.4225941422594142 0.40705882352941175 0.02092050209205021 0.021176470588235293
0 0.7625523012552301 0.37411764705882355 0.02301255230125523 0.021176470588235293
0 0.6338912133891214 0.37411764705882355 0.02092050209205021 0.021176470588235293
0 0.5805439330543933 0.37411764705882355 0.02301255230125523 0.021176470588235293
0 0.4989539748953975 0.29411764705882354 0.6422594142259415 0.09411764705882353
0 0.1108786610878661 0.23705882352941177 0.058577405857740586 0.03411764705882353
0 0.2792887029288703 0.21823529411764706 0.18200836820083682 0.07647058823529412
0 0.6548117154811716 0.07941176470588235 0.05439330543933055 0.04352941176470588
0 0.7269874476987448 0.10411764705882352 0.2280334728033473 0.10705882352941176
0 0.05439330543933055 0.08176470588235295 0.03347280334728033 0.07882352941176471
0 0.9811715481171548 0.06470588235294118 0.02510460251046025 0.12
0 0.8326359832635983 0.01411764705882353 0.200836820083682 0.02823529411764706
0 0.3075313807531381 0.01647058823529412 0.6150627615062761 0.03294117647058824
