0 0.46129707112970714 0.9411764705882353 0.3410041841004184 0.03529411764705882
0 0.5460251046025104 0.8258823529411765 0.04184100418410042 0.03294117647058824
0 0.48535564853556484 0.7864705882352941 0.06694560669456066 0.02235294117647059
0 0.1809623430962343 0.8 0.12343096234309624 0.3129411764705882
0 0.9853556485355649 0.6182352941176471 0.029288702928870293 0.02
0 0.8493723849372385 0.54 0.02092050209205021 0.05176470588235294
0 0.18828451882845187 0.38058823529411767 0.14644351464435146 0.05058823529411765
0 0.6537656903765691 0.35411764705882354 0.16108786610878661 0.03529411764705882
0 0.6286610878661087 0.31941176470588234 0.09414225941422594 0.029411764705882353
0 0.4131799163179916 0.31588235294117645 0.11506276150627615 0.029411764705882353
0 0.25 0.3076470588235294 0.10251046025104603 0.015294117647058824
0 0.11610878661087866 0.31058823529411766 0.1108786610878661 0.03058823529411765
0 0.015690376569037656 0.3052941176470588 0.03138075313807531 0.02
0 0.9895397489539749 0.20647058823529413 0.02092050209205021 0.06
0 0.8305439330543933 0.045294117647058825 0.0502092050209205 0.09058823529411765
0 0.6422594142259415 0.11470588235294117 0.029288702928870293 0.22941176470588234
0 0.2803347280334728 0.04352941176470588 0.03765690376569038 0.08705882352941176
0 0.24476987447698745 0.022941176470588236 0.03765690376569038 0.04588235294117647
