0 0.10460251046025104 0.8576470588235294 0.20920502092050208 0.04941176470588235
0 0.28556485355648537 0.8170588235294117 0.060669456066945605 0.01764705882352941
0 0.7081589958158996 0.7711764705882352 0.014644351464435146 0.03411764705882353
0 0.7552301255230126 0.7641176470588236 0.012552301255230125 0.03411764705882353
0 0.5993723849372385 0.7741176470588236 0.01882845188284519 0.05411764705882353
0 0.25418410041841005 0.701764705882353 0.06903765690376569 0.02
0 0.7677824267782427 0.701764705882353 0.04602510460251046 0.03411764705882353
0 0.03556485355648536 0.6629411764705883 0.07112970711297072 0.027058823529411764
0 0.32322175732217573 0.51 0.4916317991631799 0.0811764705882353
0 0.11715481171548117 0.45941176470588235 0.23430962343096234 0.03411764705882353
0 0.3702928870292887 0.4470588235294118 0.11715481171548117 0.02823529411764706
0 0.6276150627615062 0.43117647058823527 0.18410041841004185 0.036470588235294116
0 0.02615062761506276 0.4164705882352941 0.05230125523012552 0.02823529411764706
0 0.15585774058577406 0.4111764705882353 0.18619246861924685 0.03176470588235294
0 0.26464435146443516 0.4 0.03138075313807531 0.02588235294117647
0 0.12447698744769875 0.3811764705882353 0.0397489539748954 0.02823529411764706
0 0.3190376569037657 0.39 0.05230125523012552 0.06
0 0.04497907949790795 0.3552941176470588 0.0899581589958159 0.047058823529411764
0 0.18619246861924685 0.35 0.1799163179916318 0.03882352941176471
0 0.7018828451882845 0.33588235294117647 0.056485355648535567 0.01764705882352941
0 0.547071129707113 0.36470588235294116 0.41631799163179917 0.0988235294117647
0 0.5638075313807531 0.30470588235294116 0.10251046025104603 0.03529411764705882
0 0.47280334728033474 0.25470588235294117 0.03765690376569038 0.036470588235294116
0 0.9215481171548117 0.2888235294117647 0.15690376569037656 0.10705882352941176
0 0.6443514644351465 0.2323529411764706 0.0502092050209205 0.027058823529411764
0 0.7133891213389121 0.22941176470588234 0.08786610878661087 0.04
0 0.7709205020920502 0.22058823529411764 0.03556485355648536 0.024705882352941175
0 0.9184100418410042 0.13176470588235295 0.08368200836820083 0.09176470588235294
0 0.8169456066945606 0.05529411764705883 0.043933054393305436 0.04470588235294118
0 0.6506276150627615 0.02 0.08786610878661087 0.04
