0 0.6182008368200836 0.8664705882352941 0.17364016736401675 0.010588235294117647
0 0.3912133891213389 0.8623529411764705 0.2719665271966527 0.01647058823529412
0 0.502092050209205 0.7205882352941176 0.5313807531380753 0.024705882352941175
0 0.9738493723849372 0.6652941176470588 0.05230125523012552 0.08823529411764706
0 0.043933054393305436 0.6647058823529411 0.08786610878661087 0.12470588235294118
0 0.5146443514644351 0.5852941176470589 0.1087866108786611 0.036470588235294116
0 0.3985355648535565 0.5476470588235294 0.04811715481171548 0.024705882352941175
0 0.30962343096234307 0.5664705882352942 0.12133891213389121 0.06705882352941177
0 0.22280334728033474 0.5347058823529411 0.043933054393305436 0.03882352941176471
0 0.547071129707113 0.45176470588235296 0.05230125523012552 0.03764705882352941
0 0.7144351464435147 0.2564705882352941 0.05230125523012552 0.042352941176470586
0 0.7824267782426778 0.28294117647058825 0.2175732217573222 0.10941176470588235
0 0.6872384937238494 0.09235294117647058 0.15271966527196654 0.024705882352941175
0 0.9717573221757322 0.05 0.056485355648535567 0.06705882352941177
