0 0.11297071129707113 0.8605882352941177 0.12133891213389121 0.015294117647058824
0 0.36610878661087864 0.7952941176470588 0.12133891213389121 0.018823529411764704
0 0.4194560669456067 0.8211764705882353 0.3158995815899582 0.07529411764705882
0 0.9790794979079498 0.5841176470588235 0.04184100418410042 0.0811764705882353
0 0.13284518828451883 0.5041176470588236 0.0899581589958159 0.036470588235294116
0 0.9560669456066946 0.4888235294117647 0.08786610878661087 0.06
0 0.48221757322175735 0.20941176470588235 0.0397489539748954 0.03058823529411765
0 0.7238493723849372 0.20470588235294118 0.1799163179916318 0.04
0 0.3399581589958159 0.08705882352941176 0.1108786610878661 0.021176470588235293
0 0.602510460251046 0.08647058823529412 0.13807531380753138 0.06
0 0.26673640167364016 0.01588235294117647 0.043933054393305436 0.01764705882352941
0 0.4476987447698745 0.04176470588235294 0.11715481171548117 0.07647058823529412
