0 0.5449790794979079 0.7988235294117647 0.29497907949790797 0.04
0 0.9361924686192469 0.7835294117647059 0.0899581589958159 0.07529411764705882
0 0.799163179916318 0.7588235294117647 0.11715481171548117 0.03294117647058824
0 0.27615062761506276 0.7529411764705882 0.058577405857740586 0.047058823529411764
0 0.22489539748953974 0.6711764705882353 0.03138075313807531 0.07882352941176471
0 0.9602510460251046 0.5941176470588235 0.06694560669456066 0.05411764705882353
0 0.18200836820083682 0.5676470588235294 0.06276150627615062 0.21764705882352942
0 0.20606694560669456 0.24058823529411766 0.19456066945606695 0.024705882352941175
0 0.4089958158995816 0.22588235294117648 0.20711297071129708 0.018823529411764704
0 0.7981171548117155 0.20294117647058824 0.12761506276150628 0.024705882352941175
0 0.5941422594142259 0.18764705882352942 0.0502092050209205 0.015294117647058824
0 0.547071129707113 0.1864705882352941 0.043933054393305436 0.02235294117647059
0 0.3891213389121339 0.17588235294117646 0.1087866108786611 0.02235294117647059
0 0.3075313807531381 0.16823529411764707 0.04184100418410042 0.021176470588235293
0 0.04602510460251046 0.15705882352941178 0.09205020920502092 0.04823529411764706
