0 0.4100418410041841 0.7605882352941177 0.401673640167364 0.02235294117647059
0 0.3378661087866109 0.7370588235294118 0.056485355648535567 0.015294117647058824
0 0.5711297071129707 0.7247058823529412 0.09623430962343096 0.01411764705882353
0 0.7792887029288703 0.7194117647058823 0.16527196652719664 0.029411764705882353
0 0.1087866108786611 0.61 0.0502092050209205 0.1
0 0.9037656903765691 0.4923529411764706 0.19246861924686193 0.05764705882352941
0 0.034518828451882845 0.43176470588235294 0.06903765690376569 0.04
0 0.5983263598326359 0.32588235294117646 0.13389121338912133 0.03529411764705882
0 0.15585774058577406 0.31 0.15271966527196654 0.07176470588235294
0 0.6997907949790795 0.27 0.14435146443514643 0.06470588235294118
0 0.2918410041841004 0.17176470588235293 0.06903765690376569 0.018823529411764704
0 0.5951882845188284 0.1688235294117647 0.056485355648535567 0.04588235294117647
0 0.9738493723849372 0.10235294117647059 0.0397489539748954 0.023529411764705882
0 0.747907949790795 0.06470588235294118 0.10669456066945607 0.02823529411764706
0 0.5585774058577406 0.057058823529411766 0.1506276150627615 0.07882352941176471
0 0.22594142259414227 0.009411764705882352 0.08786610878661087 0.018823529411764704
0 0.09205020920502092 0.011764705882352941 0.08368200836820083 0.023529411764705882
