0 0.4236401673640167 0.8105882352941176 0.3158995815899582 0.08
0 0.3880753138075314 0.7829411764705883 0.15690376569037656 0.024705882352941175
0 0.6317991631799164 0.7158823529411765 0.029288702928870293 0.052941176470588235
0 0.9790794979079498 0.58 0.04184100418410042 0.08235294117647059
0 0.13284518828451883 0.4964705882352941 0.0899581589958159 0.03529411764705882
0 0.9497907949790795 0.48058823529411765 0.100418410041841 0.06235294117647059
0 0.47384937238493724 0.20352941176470588 0.043933054393305436 0.03058823529411765
0 0.7081589958158996 0.19823529411764707 0.17782426778242677 0.041176470588235294
0 0.3263598326359833 0.08352941176470588 0.1087866108786611 0.021176470588235293
0 0.6014644351464435 0.08352941176470588 0.1401673640167364 0.058823529411764705
0 0.4456066945606695 0.03882352941176471 0.11715481171548117 0.07764705882352942
0 0.2688284518828452 0.012352941176470587 0.04811715481171548 0.024705882352941175
