0 0.8211297071129707 0.8 0.0397489539748954 0.1411764705882353
0 0.6035564853556485 0.6776470588235294 0.41631799163179917 0.03294117647058824
0 0.5627615062761506 0.67 0.2803347280334728 0.02
0 0.29916317991631797 0.4041176470588235 0.02092050209205021 0.02
0 0.4299163179916318 0.4023529411764706 0.02301255230125523 0.021176470588235293
0 0.3807531380753138 0.4023529411764706 0.02092050209205021 0.021176470588235293
0 0.46443514644351463 0.4011764705882353 0.02092050209205021 0.021176470588235293
0 0.7740585774058577 0.36823529411764705 0.02092050209205021 0.021176470588235293
0 0.643305439330544 0.36823529411764705 0.01882845188284519 0.021176470588235293
0 0.5899581589958159 0.36823529411764705 0.02092050209205021 0.021176470588235293
0 0.5198744769874477 0.2847058823529412 0.6338912133891214 0.0988235294117647
0 0.12133891213389121 0.2376470588235294 0.04602510460251046 0.021176470588235293
0 0.2792887029288703 0.2011764705882353 0.12761506276150628 0.04470588235294118
0 0.6642259414225942 0.07 0.05230125523012552 0.04352941176470588
0 0.0596234309623431 0.07529411764705882 0.03556485355648536 0.08235294117647059
0 0.9895397489539749 0.0611764705882353 0.02092050209205021 0.12
0 0.8713389121338913 0.01 0.14435146443514643 0.02
0 0.22698744769874477 0.011764705882352941 0.45397489539748953 0.023529411764705882
