0 0.5 0.9205020920502092 1.0 0.1589958158995816
0 0.9209905660377359 0.8064853556485355 0.0589622641509434 0.04811715481171548
0 0.5241745283018868 0.7207112970711297 0.11202830188679246 0.03556485355648536
0 0.9127358490566038 0.6255230125523012 0.12735849056603774 0.13389121338912133
0 0.27712264150943394 0.4602510460251046 0.12264150943396226 0.06276150627615062
0 0.9251179245283019 0.40585774058577406 0.14976415094339623 0.17573221757322174
0 0.7818396226415094 0.25 0.06132075471698113 0.056485355648535567
0 0.7729952830188679 0.18828451882845187 0.07900943396226415 0.058577405857740586
0 0.8885613207547169 0.1192468619246862 0.0294811320754717 0.03765690376569038
0 0.7446933962264151 0.12343096234309624 0.020047169811320754 0.05439330543933055
0 0.933372641509434 0.1087866108786611 0.1332547169811321 0.06694560669456066
0 0.7340801886792453 0.028242677824267783 0.15212264150943397 0.056485355648535567
0 0.07900943396226415 0.029288702928870293 0.04481132075471698 0.058577405857740586
