0 0.4592050209205021 0.9570588235294117 0.28661087866108786 0.029411764705882353
0 0.18305439330543932 0.4541176470588235 0.12343096234309624 0.01647058823529412
0 0.3410041841004184 0.4335294117647059 0.06694560669456066 0.03176470588235294
0 0.41631799163179917 0.4294117647058823 0.10460251046025104 0.03058823529411765
0 0.15271966527196654 0.3723529411764706 0.09623430962343096 0.03176470588235294
0 0.6171548117154811 0.31529411764705884 0.09623430962343096 0.04
0 0.42677824267782427 0.3170588235294118 0.26778242677824265 0.04588235294117647
0 0.10669456066945607 0.3035294117647059 0.09205020920502092 0.023529411764705882
0 0.6255230125523012 0.12117647058823529 0.029288702928870293 0.1811764705882353
0 0.8117154811715481 0.03588235294117647 0.029288702928870293 0.07176470588235294
0 0.2615062761506276 0.03411764705882353 0.03765690376569038 0.06823529411764706
