0 0.45397489539748953 0.95 0.28870292887029286 0.024705882352941175
0 0.20711297071129708 0.8752941176470588 0.0794979079497908 0.15529411764705883
0 0.13284518828451883 0.6788235294117647 0.06903765690376569 0.16705882352941176
0 0.18514644351464435 0.44941176470588234 0.1192468619246862 0.01647058823529412
0 0.33263598326359833 0.42705882352941177 0.058577405857740586 0.03058823529411765
0 0.4110878661087866 0.4211764705882353 0.10251046025104603 0.02823529411764706
0 0.15271966527196654 0.3688235294117647 0.09623430962343096 0.03176470588235294
0 0.6150627615062761 0.3129411764705882 0.100418410041841 0.03529411764705882
0 0.41736401673640167 0.31470588235294117 0.27405857740585776 0.041176470588235294
0 0.10774058577405858 0.3029411764705882 0.09414225941422594 0.024705882352941175
0 0.6244769874476988 0.1264705882352941 0.027196652719665274 0.17294117647058824
0 0.8138075313807531 0.03588235294117647 0.02510460251046025 0.07176470588235294
0 0.2615062761506276 0.03705882352941176 0.03765690376569038 0.07411764705882352
