0 0.6746861924686193 0.8523529411764705 0.13179916317991633 0.09529411764705882
0 0.6799163179916318 0.7694117647058824 0.058577405857740586 0.03294117647058824
0 0.7248953974895398 0.7541176470588236 0.02301255230125523 0.04470588235294118
0 0.9864016736401674 0.7376470588235294 0.027196652719665274 0.06588235294117648
0 0.1694560669456067 0.5894117647058823 0.029288702928870293 0.04
0 0.46443514644351463 0.5641176470588235 0.03765690376569038 0.02235294117647059
0 0.32426778242677823 0.5623529411764706 0.2217573221757322 0.06823529411764706
0 0.549163179916318 0.5435294117647059 0.04811715481171548 0.03529411764705882
0 0.4989539748953975 0.4711764705882353 0.3075313807531381 0.010588235294117647
0 0.4497907949790795 0.32529411764705884 0.28870292887029286 0.03411764705882353
0 0.07740585774058577 0.3176470588235294 0.058577405857740586 0.04470588235294118
0 0.21234309623430964 0.3 0.04811715481171548 0.03058823529411765
0 0.702928870292887 0.22647058823529412 0.19665271966527198 0.041176470588235294
0 0.42573221757322177 0.03529411764705882 0.1108786610878661 0.07058823529411765
