0 0.7558962264150944 0.8870292887029289 0.02358490566037736 0.06694560669456066
0 0.11438679245283019 0.8619246861924686 0.02122641509433962 0.04184100418410042
0 0.683372641509434 0.8284518828451883 0.036556603773584904 0.03765690376569038
0 0.9310141509433962 0.3598326359832636 0.024764150943396228 0.03347280334728033
0 0.2505896226415094 0.29497907949790797 0.03891509433962264 0.05439330543933055
0 0.11969339622641509 0.26673640167364016 0.03891509433962264 0.027196652719665274
0 0.5341981132075472 0.3117154811715481 0.03537735849056604 0.1799163179916318
0 0.01179245283018868 0.252092050209205 0.02358490566037736 0.07322175732217573
0 0.9805424528301887 0.22280334728033474 0.03891509433962264 0.02301255230125523
0 0.9433962264150944 0.1401673640167364 0.08018867924528301 0.07112970711297072
