0 0.11379716981132075 0.8608786610878661 0.020047169811320754 0.0397489539748954
0 0.7529481132075472 0.8608786610878661 0.02240566037735849 0.07322175732217573
0 0.39681603773584906 0.7364016736401674 0.04363207547169811 0.058577405857740586
0 0.6527122641509434 0.5930962343096234 0.041273584905660375 0.056485355648535567
0 0.6008254716981132 0.5878661087866108 0.031839622641509434 0.058577405857740586
0 0.9298349056603774 0.3598326359832636 0.02240566037735849 0.03347280334728033
0 0.24941037735849056 0.29497907949790797 0.036556603773584904 0.05439330543933055
0 0.12028301886792453 0.26673640167364016 0.03773584905660377 0.027196652719665274
0 0.01179245283018868 0.25313807531380755 0.02358490566037736 0.07531380753138076
0 0.9799528301886793 0.22384937238493724 0.04009433962264151 0.02092050209205021
0 0.9433962264150944 0.13912133891213388 0.08018867924528301 0.06485355648535565
