0 0.8232217573221757 0.5111764705882353 0.05230125523012552 0.029411764705882353
0 0.09832635983263599 0.591764705882353 0.19665271966527198 0.23058823529411765
0 0.74581589958159 0.4676470588235294 0.08158995815899582 0.024705882352941175
0 0.5010460251046025 0.4758823529411765 0.07322175732217573 0.16588235294117648
0 0.49476987447698745 0.3776470588235294 0.03138075313807531 0.02823529411764706
0 0.5679916317991632 0.3176470588235294 0.1401673640167364 0.02588235294117647
0 0.23744769874476987 0.29764705882352943 0.47489539748953974 0.04941176470588235
0 0.5230125523012552 0.27058823529411763 0.24267782426778242 0.047058823529411764
0 0.15481171548117154 0.2647058823529412 0.30962343096234307 0.042352941176470586
0 0.9801255230125523 0.2988235294117647 0.0397489539748954 0.12
0 0.0198744769874477 0.23941176470588235 0.0397489539748954 0.01764705882352941
0 0.9550209205020921 0.15941176470588236 0.0899581589958159 0.02
