0 0.12761506276150628 0.7482352941176471 0.04184100418410042 0.13647058823529412
0 0.7960251046025104 0.6358823529411765 0.056485355648535567 0.02235294117647059
0 0.0899581589958159 0.5723529411764706 0.05439330543933055 0.0976470588235294
0 0.9341004184100419 0.3558823529411765 0.13179916317991633 0.06941176470588235
0 0.6673640167364017 0.2741176470588235 0.16317991631799164 0.03529411764705882
0 0.07740585774058577 0.1323529411764706 0.15481171548117154 0.08352941176470588
0 0.4006276150627615 0.06941176470588235 0.03556485355648536 0.021176470588235293
0 0.2792887029288703 0.11588235294117646 0.18619246861924685 0.12117647058823529
0 0.47384937238493724 0.05941176470588235 0.09832635983263599 0.03176470588235294
0 0.700836820083682 0.0688235294117647 0.100418410041841 0.05529411764705883
0 0.5449790794979079 0.08176470588235295 0.07322175732217573 0.1188235294117647
0 0.6715481171548117 0.02588235294117647 0.14644351464435146 0.05176470588235294
