0 0.4989539748953975 0.7205882352941176 0.03556485355648536 0.015294117647058824
0 0.9717573221757322 0.7376470588235294 0.056485355648535567 0.05647058823529412
0 0.9686192468619247 0.6123529411764705 0.06276150627615062 0.01764705882352941
0 0.33577405857740583 0.5735294117647058 0.03556485355648536 0.08352941176470588
0 0.8765690376569037 0.5388235294117647 0.06694560669456066 0.01647058823529412
0 0.26359832635983266 0.5682352941176471 0.08368200836820083 0.08235294117647059
0 0.20292887029288703 0.5682352941176471 0.03765690376569038 0.09176470588235294
0 0.14644351464435146 0.56 0.06694560669456066 0.08470588235294117
0 0.4571129707112971 0.41294117647058826 0.056485355648535567 0.047058823529411764
0 0.3776150627615063 0.4076470588235294 0.08158995815899582 0.05058823529411765
0 0.2186192468619247 0.4164705882352941 0.05230125523012552 0.06823529411764706
0 0.2918410041841004 0.3935294117647059 0.08158995815899582 0.06941176470588235
0 0.5251046025104602 0.33941176470588236 0.18828451882845187 0.052941176470588235
0 0.2175732217573222 0.29764705882352943 0.0502092050209205 0.03058823529411765
0 0.944560669456067 0.3052941176470588 0.1108786610878661 0.09529411764705882
0 0.23640167364016737 0.2541176470588235 0.058577405857740586 0.02588235294117647
0 0.060669456066945605 0.20352941176470588 0.12133891213389121 0.058823529411764705
0 0.9717573221757322 0.1688235294117647 0.056485355648535567 0.041176470588235294
0 0.9037656903765691 0.04470588235294118 0.08368200836820083 0.08941176470588236
0 0.2510460251046025 0.015294117647058824 0.14225941422594143 0.03058823529411765
0 0.07217573221757322 0.021176470588235293 0.14435146443514643 0.042352941176470586
