0 0.40376569037656906 0.7617647058823529 0.40585774058577406 0.024705882352941175
0 0.33577405857740583 0.7370588235294118 0.056485355648535567 0.015294117647058824
0 0.5638075313807531 0.7247058823529412 0.10669456066945607 0.01411764705882353
0 0.7813807531380753 0.7182352941176471 0.16108786610878661 0.029411764705882353
0 0.10460251046025104 0.6105882352941177 0.0502092050209205 0.1011764705882353
0 0.19560669456066945 0.5117647058823529 0.14435146443514643 0.03529411764705882
0 0.9686192468619247 0.5064705882352941 0.06276150627615062 0.027058823529411764
0 0.8817991631799164 0.4852941176470588 0.14853556485355648 0.041176470588235294
0 0.034518828451882845 0.4329411764705882 0.06903765690376569 0.042352941176470586
0 0.602510460251046 0.32235294117647056 0.11715481171548117 0.03529411764705882
0 0.555439330543933 0.31529411764705884 0.056485355648535567 0.021176470588235293
0 0.14644351464435146 0.3076470588235294 0.14225941422594143 0.06941176470588235
0 0.6935146443514645 0.26705882352941174 0.1401673640167364 0.06352941176470588
0 0.28765690376569036 0.17058823529411765 0.06485355648535565 0.018823529411764704
0 0.5910041841004184 0.16705882352941176 0.056485355648535567 0.042352941176470586
0 0.9728033472803347 0.10058823529411764 0.04184100418410042 0.02235294117647059
0 0.7447698744769874 0.06235294117647059 0.1087866108786611 0.02823529411764706
0 0.5543933054393305 0.054705882352941174 0.1506276150627615 0.07411764705882352
0 0.3786610878661088 0.07411764705882352 0.13807531380753138 0.14823529411764705
0 0.08682008368200837 0.011764705882352941 0.08577405857740586 0.023529411764705882
