0 0.9246861924686193 0.6423529411764706 0.1506276150627615 0.058823529411764705
0 0.5690376569037657 0.5176470588235295 0.11297071129707113 0.011764705882352941
0 0.5658995815899581 0.4229411764705882 0.14853556485355648 0.08352941176470588
0 0.47175732217573224 0.36058823529411765 0.03556485355648536 0.029411764705882353
0 0.42782426778242677 0.36176470588235293 0.043933054393305436 0.03176470588235294
0 0.5397489539748954 0.3594117647058824 0.03347280334728033 0.029411764705882353
0 0.5073221757322176 0.36 0.03138075313807531 0.03058823529411765
0 0.5721757322175732 0.3588235294117647 0.0397489539748954 0.03058823529411765
0 0.6569037656903766 0.35764705882352943 0.03765690376569038 0.03058823529411765
0 0.6161087866108786 0.35823529411764704 0.03556485355648536 0.03176470588235294
0 0.40376569037656906 0.3205882352941177 0.0502092050209205 0.041176470588235294
0 0.49581589958158995 0.31882352941176473 0.03765690376569038 0.04
0 0.45397489539748953 0.31941176470588234 0.03765690376569038 0.041176470588235294
0 0.5366108786610879 0.31823529411764706 0.0397489539748954 0.041176470588235294
0 0.5836820083682008 0.3164705882352941 0.06276150627615062 0.042352941176470586
0 0.6589958158995816 0.31529411764705884 0.08786610878661087 0.042352941176470586
0 0.3985355648535565 0.2688235294117647 0.03556485355648536 0.03411764705882353
0 0.6108786610878661 0.2635294117647059 0.15481171548117154 0.03529411764705882
0 0.12761506276150628 0.3988235294117647 0.100418410041841 0.44
0 0.39644351464435146 0.19 0.0899581589958159 0.06941176470588235
0 0.6820083682008368 0.18352941176470589 0.08368200836820083 0.06588235294117648
0 0.47175732217573224 0.17647058823529413 0.07322175732217573 0.06352941176470588
0 0.6014644351464435 0.17352941176470588 0.08577405857740586 0.06235294117647059
0 0.5303347280334728 0.1723529411764706 0.027196652719665274 0.06
