0 0.5 0.9790794979079498 1.0 0.04184100418410042
0 0.6692216981132075 0.9225941422594143 0.08372641509433962 0.08368200836820083
0 0.5035377358490566 0.8817991631799164 0.025943396226415096 0.060669456066945605
0 0.5395047169811321 0.8828451882845189 0.036556603773584904 0.07112970711297072
0 0.7305424528301887 0.5292887029288703 0.03419811320754717 0.11297071129707113
0 0.7841981132075472 0.5303347280334728 0.06132075471698113 0.1192468619246862
0 0.8537735849056604 0.5575313807531381 0.01179245283018868 0.2112970711297071
0 0.7128537735849056 0.4665271966527197 0.01768867924528302 0.07112970711297072
0 0.2553066037735849 0.3305439330543933 0.08136792452830188 0.08368200836820083
0 0.3142688679245283 0.3200836820083682 0.03419811320754717 0.07531380753138076
0 0.03242924528301887 0.19665271966527198 0.06485849056603774 0.11297071129707113
0 0.3915094339622642 0.13912133891213388 0.04245283018867924 0.02301255230125523
0 0.32193396226415094 0.14225941422594143 0.02830188679245283 0.03347280334728033
0 0.7665094339622641 0.027196652719665274 0.01179245283018868 0.04602510460251046
0 0.9923349056603774 0.02301255230125523 0.015330188679245283 0.04602510460251046
0 0.9675707547169812 0.02405857740585774 0.020047169811320754 0.04811715481171548
0 0.7847877358490566 0.02615062761506276 0.01061320754716981 0.05230125523012552
0 0.41627358490566035 0.008368200836820083 0.030660377358490566 0.016736401673640166
0 0.10023584905660378 0.04811715481171548 0.10141509433962265 0.09623430962343096
