0 0.8620283018867925 0.8744769874476988 0.07783018867924528 0.2510460251046025
0 0.8779481132075472 0.7269874476987448 0.027122641509433963 0.1108786610878661
0 0.5070754716981132 0.6976987447698745 0.014150943396226415 0.16108786610878661
0 0.36910377358490565 0.6108786610878661 0.08254716981132075 0.18828451882845187
0 0.4846698113207547 0.602510460251046 0.030660377358490566 0.17573221757322174
0 0.3001179245283019 0.5135983263598326 0.0294811320754717 0.03138075313807531
0 0.7417452830188679 0.47175732217573224 0.030660377358490566 0.03556485355648536
0 0.48172169811320753 0.4456066945606695 0.024764150943396228 0.1087866108786611
0 0.388561320754717 0.4236401673640167 0.12853773584905662 0.19456066945606695
0 0.7570754716981132 0.45397489539748953 0.08254716981132075 0.4100418410041841
0 0.7735849056603774 0.13912133891213388 0.02122641509433962 0.02301255230125523
0 0.6627358490566038 0.029288702928870293 0.018867924528301886 0.058577405857740586
