0 0.6680424528301887 0.7615062761506276 0.060141509433962265 0.0794979079497908
0 0.294811320754717 0.8274058577405857 0.08490566037735849 0.23221757322175732
0 0.9487028301886793 0.74581589958159 0.04363207547169811 0.08158995815899582
0 0.7523584905660378 0.7248953974895398 0.025943396226415096 0.13179916317991633
0 0.4540094339622642 0.6778242677824268 0.11556603773584906 0.14225941422594143
0 0.5324292452830188 0.5826359832635983 0.031839622641509434 0.12343096234309624
0 0.5017688679245284 0.5763598326359832 0.0294811320754717 0.12343096234309624
0 0.7435141509433962 0.5125523012552301 0.02240566037735849 0.07112970711297072
0 0.6491745283018868 0.45188284518828453 0.036556603773584904 0.05439330543933055
0 0.6155660377358491 0.4435146443514644 0.01650943396226415 0.0502092050209205
0 0.3295990566037736 0.4372384937238494 0.027122641509433963 0.1297071129707113
0 0.8024764150943396 0.5146443514644351 0.08136792452830188 0.30962343096234307
0 0.6067216981132075 0.35669456066945604 0.0625 0.043933054393305436
0 0.31957547169811323 0.2939330543933054 0.01179245283018868 0.09832635983263599
0 0.361438679245283 0.12761506276150628 0.05306603773584906 0.07531380753138076
0 0.7612028301886793 0.19142259414225943 0.16391509433962265 0.23640167364016737
0 0.04009433962264151 0.03556485355648536 0.08018867924528301 0.07112970711297072
