0 0.1809623430962343 0.6752941176470588 0.08158995815899582 0.05647058823529412
0 0.20815899581589958 0.548235294117647 0.0899581589958159 0.05176470588235294
0 0.4372384937238494 0.5417647058823529 0.03765690376569038 0.04588235294117647
0 0.3880753138075314 0.5394117647058824 0.056485355648535567 0.04823529411764706
0 0.3075313807531381 0.5394117647058824 0.06276150627615062 0.04823529411764706
0 0.11715481171548117 0.5470588235294118 0.100418410041841 0.07058823529411765
0 0.6286610878661087 0.5335294117647059 0.1108786610878661 0.052941176470588235
0 0.48430962343096234 0.5335294117647059 0.056485355648535567 0.06705882352941177
0 0.45397489539748953 0.5052941176470588 0.029288702928870293 0.01764705882352941
0 0.30857740585774057 0.4929411764705882 0.056485355648535567 0.023529411764705882
0 0.9602510460251046 0.4923529411764706 0.0794979079497908 0.09294117647058824
0 0.4707112970711297 0.26235294117647057 0.03765690376569038 0.021176470588235293
0 0.7217573221757322 0.26294117647058823 0.18828451882845187 0.04352941176470588
0 0.30962343096234307 0.14352941176470588 0.12133891213389121 0.03529411764705882
0 0.4424686192468619 0.1388235294117647 0.18200836820083682 0.05176470588235294
0 0.9110878661087866 0.09941176470588235 0.03138075313807531 0.01764705882352941
0 0.805439330543933 0.11058823529411765 0.1589958158995816 0.058823529411764705
0 0.3002092050209205 0.09470588235294118 0.07740585774058577 0.04352941176470588
0 0.8650627615062761 0.028823529411764706 0.14853556485355648 0.036470588235294116
0 0.2594142259414226 0.027058823529411764 0.07112970711297072 0.03294117647058824
0 0.4393305439330544 0.04764705882352941 0.12133891213389121 0.08352941176470588
0 0.7447698744769874 0.01647058823529412 0.04602510460251046 0.03294117647058824
