0 0.8064853556485355 0.8023529411764706 0.26569037656903766 0.04470588235294118
0 0.4696652719665272 0.7935294117647059 0.12343096234309624 0.029411764705882353
0 0.3148535564853556 0.7276470588235294 0.10669456066945607 0.029411764705882353
0 0.5543933054393305 0.6911764705882353 0.1506276150627615 0.036470588235294116
0 0.9602510460251046 0.6747058823529412 0.0794979079497908 0.06941176470588235
0 0.3075313807531381 0.49 0.02510460251046025 0.041176470588235294
0 0.2489539748953975 0.49117647058823527 0.07112970711297072 0.05529411764705883
0 0.4884937238493724 0.47058823529411764 0.05230125523012552 0.04
0 0.6265690376569037 0.46294117647058824 0.0397489539748954 0.029411764705882353
0 0.5376569037656904 0.46705882352941175 0.02510460251046025 0.04
0 0.649581589958159 0.4505882352941176 0.0397489539748954 0.03058823529411765
0 0.5784518828451883 0.45941176470588235 0.043933054393305436 0.04823529411764706
0 0.7039748953974896 0.45 0.05230125523012552 0.04352941176470588
0 0.7866108786610879 0.4364705882352941 0.0502092050209205 0.05176470588235294
0 0.4121338912133891 0.4076470588235294 0.10460251046025104 0.02235294117647059
0 0.3190376569037657 0.4076470588235294 0.06903765690376569 0.02235294117647059
