0 0.27122641509433965 0.8043933054393305 0.06132075471698113 0.34518828451882844
0 0.4345518867924528 0.6077405857740585 0.024764150943396228 0.07740585774058577
0 0.4009433962264151 0.6098326359832636 0.02830188679245283 0.08158995815899582
0 0.46875 0.604602510460251 0.03419811320754717 0.0794979079497908
0 0.9569575471698113 0.5805439330543933 0.041273584905660375 0.03556485355648536
0 0.5094339622641509 0.5993723849372385 0.04009433962264151 0.08158995815899582
0 0.9575471698113207 0.4780334728033473 0.04245283018867924 0.043933054393305436
0 0.6509433962264151 0.4884937238493724 0.11084905660377359 0.10251046025104603
0 0.6568396226415094 0.45188284518828453 0.05660377358490566 0.06276150627615062
0 0.9080188679245284 0.4225941422594142 0.03773584905660377 0.0502092050209205
0 0.3272405660377358 0.36610878661087864 0.020047169811320754 0.05439330543933055
0 0.4380896226415094 0.3598326359832636 0.07900943396226415 0.05439330543933055
0 0.5194575471698113 0.35564853556485354 0.07665094339622641 0.05439330543933055
0 0.9917452830188679 0.30962343096234307 0.01650943396226415 0.04184100418410042
0 0.5589622641509434 0.3378661087866109 0.14622641509433962 0.17782426778242677
