0 0.01882845188284519 0.7829411764705883 0.03765690376569038 0.06705882352941177
0 0.14853556485355648 0.7723529411764706 0.11297071129707113 0.05529411764705883
0 0.1579497907949791 0.7205882352941176 0.12761506276150628 0.05058823529411765
0 0.09414225941422594 0.6023529411764705 0.18828451882845187 0.04941176470588235
0 0.9518828451882845 0.5305882352941177 0.09623430962343096 0.04
0 0.3399581589958159 0.4429411764705882 0.17364016736401675 0.06
0 0.9006276150627615 0.43117647058823527 0.027196652719665274 0.04823529411764706
0 0.20606694560669456 0.4123529411764706 0.2405857740585774 0.03411764705882353
0 0.7343096234309623 0.32588235294117646 0.1589958158995816 0.04470588235294118
0 0.6715481171548117 0.29470588235294115 0.03765690376569038 0.03411764705882353
0 0.8870292887029289 0.2664705882352941 0.09623430962343096 0.07411764705882352
0 0.9832635983263598 0.10588235294117647 0.03347280334728033 0.02588235294117647
0 0.9623430962343096 0.06411764705882353 0.07531380753138076 0.02235294117647059
0 0.45397489539748953 0.04176470588235294 0.100418410041841 0.015294117647058824
0 0.20711297071129708 0.0488235294117647 0.22594142259414227 0.03176470588235294
0 0.9811715481171548 0.009411764705882352 0.03765690376569038 0.018823529411764704
