0 0.5439330543933054 0.9335294117647058 0.39748953974895396 0.02235294117647059
0 0.04811715481171548 0.9511764705882353 0.09623430962343096 0.0976470588235294
0 0.16631799163179917 0.9452941176470588 0.17782426778242677 0.10941176470588235
0 0.14435146443514643 0.8511764705882353 0.029288702928870293 0.03882352941176471
0 0.6809623430962343 0.8376470588235294 0.07322175732217573 0.10823529411764705
0 0.19874476987447698 0.8023529411764706 0.02510460251046025 0.07294117647058823
0 0.6830543933054394 0.7264705882352941 0.06903765690376569 0.10470588235294118
0 0.4675732217573222 0.66 0.060669456066945605 0.08235294117647059
0 0.47489539748953974 0.5970588235294118 0.06276150627615062 0.024705882352941175
0 0.5366108786610879 0.5664705882352942 0.1903765690376569 0.04823529411764706
0 0.5366108786610879 0.5511764705882353 0.19456066945606695 0.03882352941176471
0 0.30857740585774057 0.5405882352941176 0.07740585774058577 0.029411764705882353
0 0.7301255230125523 0.7035294117647058 0.02510460251046025 0.37176470588235294
0 0.5366108786610879 0.5329411764705883 0.20292887029288703 0.03764705882352941
0 0.2918410041841004 0.5111764705882353 0.060669456066945605 0.06470588235294118
0 0.20502092050209206 0.4923529411764706 0.0794979079497908 0.1
0 0.13493723849372385 0.25470588235294117 0.043933054393305436 0.041176470588235294
0 0.06903765690376569 0.2376470588235294 0.0794979079497908 0.05176470588235294
0 0.2384937238493724 0.17941176470588235 0.0502092050209205 0.12117647058823529
0 0.07845188284518828 0.13294117647058823 0.05230125523012552 0.04
0 0.0198744769874477 0.09647058823529411 0.0397489539748954 0.047058823529411764
0 0.08577405857740586 0.05411764705882353 0.03765690376569038 0.042352941176470586
0 0.02615062761506276 0.0488235294117647 0.05230125523012552 0.03882352941176471
0 0.5125523012552301 0.05647058823529412 0.02510460251046025 0.11294117647058824
0 0.19351464435146443 0.05529411764705883 0.12343096234309624 0.11058823529411765
0 0.05543933054393305 0.015294117647058824 0.09832635983263599 0.03058823529411765
