0 0.7489539748953975 0.9835294117647059 0.02510460251046025 0.03294117647058824
0 0.45292887029288703 0.9458823529411765 0.027196652719665274 0.02588235294117647
0 0.6809623430962343 0.918235294117647 0.03138075313807531 0.02235294117647059
0 0.3702928870292887 0.8970588235294118 0.05439330543933055 0.03882352941176471
0 0.549163179916318 0.9217647058823529 0.17364016736401675 0.11411764705882353
0 0.33472803347280333 0.8670588235294118 0.058577405857740586 0.03294117647058824
0 0.9539748953974896 0.8547058823529412 0.08368200836820083 0.06705882352941177
0 0.29707112970711297 0.8352941176470589 0.058577405857740586 0.02823529411764706
0 0.41736401673640167 0.8423529411764706 0.11506276150627615 0.05647058823529412
0 0.3075313807531381 0.79 0.13807531380753138 0.07882352941176471
0 0.7709205020920502 0.7429411764705882 0.06485355648535565 0.05764705882352941
0 0.2583682008368201 0.7341176470588235 0.10669456066945607 0.06823529411764706
0 0.7269874476987448 0.6505882352941177 0.027196652719665274 0.04
0 0.06485355648535565 0.6070588235294118 0.029288702928870293 0.018823529411764704
0 0.6307531380753139 0.59 0.07322175732217573 0.04823529411764706
0 0.5167364016736402 0.5547058823529412 0.05439330543933055 0.012941176470588235
0 0.12552301255230125 0.5517647058823529 0.2510460251046025 0.08235294117647059
0 0.5062761506276151 0.44588235294117645 0.058577405857740586 0.011764705882352941
0 0.39330543933054396 0.4723529411764706 0.1799163179916318 0.07176470588235294
0 0.016736401673640166 0.3723529411764706 0.03347280334728033 0.03176470588235294
0 0.23221757322175732 0.35823529411764704 0.05439330543933055 0.01764705882352941
0 0.4361924686192469 0.31411764705882356 0.0397489539748954 0.021176470588235293
0 0.15690376569037656 0.31823529411764706 0.04602510460251046 0.03411764705882353
0 0.07635983263598327 0.3352941176470588 0.15271966527196654 0.06823529411764706
0 0.9560669456066946 0.35411764705882354 0.08786610878661087 0.13411764705882354
0 0.7364016736401674 0.2523529411764706 0.029288702928870293 0.03411764705882353
0 0.8755230125523012 0.23529411764705882 0.17364016736401675 0.07058823529411765
0 0.2897489539748954 0.11411764705882353 0.0397489539748954 0.021176470588235293
0 0.747907949790795 0.12941176470588237 0.17782426778242677 0.13411764705882354
