0 0.3368200836820084 0.8041176470588235 0.05439330543933055 0.04588235294117647
0 0.7960251046025104 0.7129411764705882 0.07740585774058577 0.12
0 0.11506276150627615 0.6652941176470588 0.07112970711297072 0.11411764705882353
0 0.5721757322175732 0.5747058823529412 0.13598326359832635 0.052941176470588235
0 0.7907949790794979 0.5935294117647059 0.0794979079497908 0.11176470588235295
0 0.7887029288702929 0.5452941176470588 0.07531380753138076 0.03176470588235294
0 0.6202928870292888 0.5364705882352941 0.22384937238493724 0.058823529411764705
0 0.27405857740585776 0.6970588235294117 0.32217573221757323 0.4152941176470588
0 0.9278242677824268 0.5076470588235295 0.09832635983263599 0.04823529411764706
0 0.4497907949790795 0.4723529411764706 0.03765690376569038 0.024705882352941175
0 0.3922594142259414 0.43529411764705883 0.0397489539748954 0.023529411764705882
0 0.9874476987447699 0.43588235294117644 0.02510460251046025 0.029411764705882353
0 0.948744769874477 0.4052941176470588 0.05230125523012552 0.029411764705882353
0 0.27510460251046026 0.3552941176470588 0.0397489539748954 0.01411764705882353
0 0.944560669456067 0.37823529411764706 0.1108786610878661 0.06705882352941177
0 0.40690376569037656 0.47 0.2280334728033473 0.26235294117647057
0 0.28451882845188287 0.3211764705882353 0.08368200836820083 0.047058823529411764
0 0.2688284518828452 0.42 0.12761506276150628 0.25176470588235295
0 0.9100418410041841 0.29294117647058826 0.13807531380753138 0.08235294117647059
0 0.0596234309623431 0.2288235294117647 0.1192468619246862 0.11647058823529412
0 0.08891213389121339 0.15764705882352942 0.17782426778242677 0.12705882352941175
0 0.8305439330543933 0.06470588235294118 0.02092050209205021 0.06352941176470588
0 0.05753138075313807 0.03470588235294118 0.056485355648535567 0.03176470588235294
0 0.852510460251046 0.033529411764705884 0.07322175732217573 0.06705882352941177
