0 0.5165094339622641 0.9058577405857741 0.025943396226415096 0.0794979079497908
0 0.7841981132075472 0.7364016736401674 0.03537735849056604 0.0502092050209205
0 0.8213443396226415 0.6872384937238494 0.024764150943396228 0.05230125523012552
0 0.6367924528301887 0.641213389121339 0.01179245283018868 0.04811715481171548
0 0.6167452830188679 0.6317991631799164 0.01650943396226415 0.04602510460251046
0 0.7977594339622641 0.6516736401673641 0.024764150943396228 0.09832635983263599
0 0.9693396226415094 0.6129707112970711 0.02358490566037736 0.058577405857740586
0 0.7205188679245284 0.6705020920502092 0.049528301886792456 0.3075313807531381
0 0.9923349056603774 0.5418410041841004 0.015330188679245283 0.06276150627615062
0 0.7818396226415094 0.4989539748953975 0.054245283018867926 0.04811715481171548
0 0.6008254716981132 0.4780334728033473 0.08608490566037735 0.06485355648535565
0 0.8685141509433962 0.5638075313807531 0.07429245283018868 0.303347280334728
0 0.6031839622641509 0.4100418410041841 0.08608490566037735 0.06694560669456066
0 0.3001179245283019 0.37552301255230125 0.02240566037735849 0.09832635983263599
0 0.07488207547169812 0.19665271966527198 0.055424528301886794 0.0502092050209205
0 0.6344339622641509 0.151673640167364 0.07075471698113207 0.0397489539748954
0 0.6544811320754716 0.029288702928870293 0.09433962264150944 0.058577405857740586
