0 0.4560669456066946 0.8970588235294118 0.11297071129707113 0.03411764705882353
0 0.6841004184100419 0.8035294117647059 0.24686192468619247 0.058823529411764705
0 0.5094142259414226 0.8276470588235294 0.25313807531380755 0.12352941176470589
0 0.7981171548117155 0.5411764705882353 0.07322175732217573 0.02588235294117647
0 0.4696652719665272 0.48470588235294115 0.06903765690376569 0.047058823529411764
0 0.5794979079497908 0.4811764705882353 0.13389121338912133 0.047058823529411764
0 0.8661087866108786 0.4335294117647059 0.03347280334728033 0.02
0 0.04811715481171548 0.4235294117647059 0.09623430962343096 0.05176470588235294
0 0.11820083682008369 0.36 0.07740585774058577 0.021176470588235293
0 0.9759414225941423 0.37411764705882355 0.04811715481171548 0.058823529411764705
0 0.891213389121339 0.3652941176470588 0.1589958158995816 0.05058823529411765
0 0.9843096234309623 0.35764705882352943 0.03138075313807531 0.03764705882352941
0 0.9142259414225942 0.23588235294117646 0.09623430962343096 0.0976470588235294
0 0.7133891213389121 0.19647058823529412 0.0502092050209205 0.02588235294117647
0 0.060669456066945605 0.1776470588235294 0.04602510460251046 0.04470588235294118
