0 0.04009433962264151 0.8357740585774058 0.0589622641509434 0.0397489539748954
0 0.2824292452830189 0.6757322175732218 0.04363207547169811 0.04602510460251046
0 0.4882075471698113 0.48640167364016734 0.0589622641509434 0.10251046025104603
0 0.0347877358490566 0.48221757322175735 0.0695754716981132 0.09832635983263599
0 0.7075471698113207 0.3263598326359833 0.049528301886792456 0.04184100418410042
0 0.5766509433962265 0.3378661087866109 0.06839622641509434 0.14853556485355648
0 0.2275943396226415 0.26464435146443516 0.030660377358490566 0.07322175732217573
0 0.7134433962264151 0.23117154811715482 0.04009433962264151 0.03556485355648536
0 0.7104952830188679 0.19246861924686193 0.045990566037735846 0.06694560669456066
0 0.5919811320754716 0.19351464435146443 0.19339622641509435 0.07322175732217573
0 0.23172169811320756 0.2196652719665272 0.041273584905660375 0.13389121338912133
0 0.5188679245283019 0.10669456066945607 0.04716981132075472 0.04184100418410042
0 0.057193396226415096 0.10669456066945607 0.11438679245283019 0.12133891213389121
0 0.3720518867924528 0.02405857740585774 0.03891509433962264 0.01882845188284519
0 0.5577830188679245 0.03556485355648536 0.009433962264150943 0.07112970711297072
0 0.47700471698113206 0.06694560669456066 0.07900943396226415 0.13389121338912133
0 0.24351415094339623 0.021966527196652718 0.015330188679245283 0.043933054393305436
