0 0.9363207547169812 0.8943514644351465 0.06132075471698113 0.10251046025104603
0 0.8443396226415094 0.7594142259414226 0.04481132075471698 0.07112970711297072
0 0.8366745283018868 0.5941422594142259 0.0294811320754717 0.03347280334728033
0 0.7016509433962265 0.5334728033472803 0.07311320754716981 0.04602510460251046
0 0.3266509433962264 0.49267782426778245 0.02122641509433962 0.16108786610878661
0 0.8862028301886793 0.30857740585774057 0.08372641509433962 0.06485355648535565
0 0.3590801886792453 0.11506276150627615 0.024764150943396228 0.05439330543933055
0 0.16037735849056603 0.12343096234309624 0.06367924528301887 0.13807531380753138
0 0.24882075471698112 0.11610878661087866 0.05188679245283019 0.1401673640167364
0 0.5742924528301887 0.014644351464435146 0.018867924528301886 0.029288702928870293
0 0.48702830188679247 0.04288702928870293 0.030660377358490566 0.08577405857740586
0 0.39917452830188677 0.032426778242677826 0.027122641509433963 0.06485355648535565
0 0.35377358490566035 0.03556485355648536 0.04716981132075472 0.07112970711297072
0 0.30424528301886794 0.08158995815899582 0.04009433962264151 0.16317991631799164
0 0.2417452830188679 0.014644351464435146 0.02830188679245283 0.029288702928870293
0 0.17511792452830188 0.016736401673640166 0.0294811320754717 0.03347280334728033
