0 0.10146443514644352 0.9264705882352942 0.06903765690376569 0.036470588235294116
0 0.6600418410041841 0.8705882352941177 0.36610878661087864 0.09176470588235294
0 0.7845188284518828 0.8017647058823529 0.0502092050209205 0.03882352941176471
0 0.9351464435146444 0.8205882352941176 0.1297071129707113 0.09529411764705882
0 0.7426778242677824 0.6911764705882353 0.03347280334728033 0.02
0 0.7719665271966527 0.6547058823529411 0.03765690376569038 0.036470588235294116
0 0.39539748953974896 0.4229411764705882 0.22594142259414227 0.015294117647058824
0 0.02615062761506276 0.4076470588235294 0.05230125523012552 0.036470588235294116
0 0.8922594142259415 0.4011764705882353 0.05230125523012552 0.03764705882352941
0 0.08158995815899582 0.39705882352941174 0.058577405857740586 0.05058823529411765
0 0.6642259414225942 0.35764705882352943 0.06485355648535565 0.06352941176470588
0 0.7018828451882845 0.35294117647058826 0.04811715481171548 0.10352941176470588
0 0.9675732217573222 0.3052941176470588 0.04811715481171548 0.027058823529411764
0 0.4445606694560669 0.29764705882352943 0.18200836820083682 0.02588235294117647
0 0.4372384937238494 0.28647058823529414 0.1799163179916318 0.02
0 0.6935146443514645 0.2235294117647059 0.17782426778242677 0.042352941176470586
0 0.6851464435146444 0.05235294117647059 0.0397489539748954 0.024705882352941175
0 0.0198744769874477 0.036470588235294116 0.0397489539748954 0.05647058823529412
0 0.5774058577405857 0.015294117647058824 0.1297071129707113 0.03058823529411765
