0 0.5983263598326359 0.7970588235294118 0.35564853556485354 0.04352941176470588
0 0.6746861924686193 0.7294117647058823 0.06485355648535565 0.023529411764705882
0 0.647489539748954 0.6976470588235294 0.10669456066945607 0.04
0 0.3587866108786611 0.6870588235294117 0.07740585774058577 0.042352941176470586
0 0.850418410041841 0.6352941176470588 0.03556485355648536 0.03294117647058824
0 0.23221757322175732 0.6264705882352941 0.07112970711297072 0.03882352941176471
0 0.043933054393305436 0.6164705882352941 0.08786610878661087 0.02588235294117647
0 0.502092050209205 0.5947058823529412 0.04184100418410042 0.03411764705882353
0 0.32322175732217573 0.5929411764705882 0.06903765690376569 0.058823529411764705
0 0.39539748953974896 0.571764705882353 0.04184100418410042 0.03058823529411765
0 0.7207112970711297 0.27588235294117647 0.5 0.00823529411764706
0 0.8420502092050209 0.25941176470588234 0.23640167364016737 0.02235294117647059
0 0.8430962343096234 0.23941176470588235 0.23430962343096234 0.027058823529411764
0 0.9811715481171548 0.17882352941176471 0.03765690376569038 0.02823529411764706
0 0.5 0.1623529411764706 0.3138075313807531 0.06823529411764706
0 0.7112970711297071 0.14823529411764705 0.08368200836820083 0.05176470588235294
0 0.1684100418410042 0.04058823529411765 0.056485355648535567 0.052941176470588235
0 0.9518828451882845 0.009411764705882352 0.09623430962343096 0.018823529411764704
