0 0.34414225941422594 0.8094117647058824 0.04811715481171548 0.03764705882352941
0 0.799163179916318 0.7129411764705882 0.07531380753138076 0.12
0 0.11506276150627615 0.6652941176470588 0.07112970711297072 0.11411764705882353
0 0.7960251046025104 0.5941176470588235 0.07740585774058577 0.11058823529411765
0 0.7573221757322176 0.7223529411764706 0.1799163179916318 0.3764705882352941
0 0.7939330543933054 0.5464705882352942 0.07322175732217573 0.03176470588235294
0 0.3054393305439331 0.7123529411764706 0.26778242677824265 0.40352941176470586
0 0.6244769874476988 0.538235294117647 0.22384937238493724 0.06
0 0.6757322175732218 0.5064705882352941 0.1297071129707113 0.03176470588235294
0 0.16317991631799164 0.5394117647058824 0.100418410041841 0.1
0 0.9288702928870293 0.5076470588235295 0.09623430962343096 0.04823529411764706
0 0.45397489539748953 0.4717647058823529 0.03765690376569038 0.021176470588235293
0 0.9874476987447699 0.4364705882352941 0.02510460251046025 0.03058823529411765
0 0.4131799163179916 0.4976470588235294 0.23640167364016737 0.20941176470588235
0 0.948744769874477 0.4041176470588235 0.05230125523012552 0.027058823529411764
0 0.944560669456067 0.3788235294117647 0.1108786610878661 0.06588235294117648
0 0.27405857740585776 0.42764705882352944 0.1297071129707113 0.23647058823529413
0 0.2803347280334728 0.3247058823529412 0.06694560669456066 0.042352941176470586
0 0.9100418410041841 0.29294117647058826 0.13807531380753138 0.08235294117647059
0 0.0596234309623431 0.22941176470588234 0.1192468619246862 0.11529411764705882
0 0.09100418410041841 0.15764705882352942 0.18200836820083682 0.12705882352941175
0 0.05439330543933055 0.03294117647058824 0.058577405857740586 0.03294117647058824
0 0.8535564853556485 0.04941176470588235 0.06694560669456066 0.0988235294117647
