0 0.15481171548117154 0.8070588235294117 0.02510460251046025 0.06823529411764706
0 0.9142259414225942 0.6170588235294118 0.17154811715481172 0.02235294117647059
0 0.8169456066945606 0.5441176470588235 0.09414225941422594 0.027058823529411764
0 0.8305439330543933 0.4894117647058824 0.11297071129707113 0.07764705882352942
0 0.04602510460251046 0.40352941176470586 0.09205020920502092 0.01411764705882353
0 0.04079497907949791 0.31588235294117645 0.08158995815899582 0.01764705882352941
0 0.03765690376569038 0.26529411764705885 0.07531380753138076 0.041176470588235294
0 0.5868200836820083 0.2641176470588235 0.16527196652719664 0.04352941176470588
0 0.9686192468619247 0.26529411764705885 0.06276150627615062 0.06470588235294118
0 0.7740585774058577 0.23470588235294118 0.1087866108786611 0.012941176470588235
0 0.8985355648535565 0.2376470588235294 0.1192468619246862 0.023529411764705882
0 0.03765690376569038 0.22176470588235295 0.07531380753138076 0.015294117647058824
0 0.4665271966527197 0.10705882352941176 0.02510460251046025 0.07529411764705882
0 0.7269874476987448 0.03235294117647059 0.0397489539748954 0.01764705882352941
0 0.645397489539749 0.07647058823529412 0.027196652719665274 0.15294117647058825
0 0.27510460251046026 0.07176470588235294 0.06903765690376569 0.14352941176470588
