0 0.8127615062761506 0.8005882352941176 0.0397489539748954 0.14
0 0.5575313807531381 0.6723529411764706 0.2824267782426778 0.02
0 0.6129707112970711 0.678235294117647 0.40585774058577406 0.03411764705882353
0 0.29497907949790797 0.4076470588235294 0.02092050209205021 0.02
0 0.4581589958158996 0.40588235294117647 0.02092050209205021 0.021176470588235293
0 0.4246861924686193 0.40588235294117647 0.02092050209205021 0.021176470588235293
0 0.37552301255230125 0.40588235294117647 0.02301255230125523 0.021176470588235293
0 0.6359832635983264 0.3729411764705882 0.02092050209205021 0.021176470588235293
0 0.5836820083682008 0.3729411764705882 0.02092050209205021 0.021176470588235293
0 0.7656903765690377 0.37176470588235294 0.02092050209205021 0.021176470588235293
0 0.2615062761506276 0.3123529411764706 0.14644351464435146 0.04823529411764706
0 0.5794979079497908 0.29294117647058826 0.4895397489539749 0.09176470588235294
0 0.11297071129707113 0.23529411764705882 0.058577405857740586 0.03529411764705882
0 0.6579497907949791 0.07705882352941176 0.05230125523012552 0.04352941176470588
0 0.7311715481171548 0.10235294117647059 0.2280334728033473 0.10588235294117647
0 0.056485355648535567 0.08058823529411764 0.03347280334728033 0.07882352941176471
0 0.9822175732217573 0.05588235294117647 0.01882845188284519 0.1
0 0.8483263598326359 0.012941176470588235 0.17364016736401675 0.02588235294117647
0 0.27510460251046026 0.015294117647058824 0.5502092050209205 0.03058823529411765
