0 0.49581589958158995 0.9276470588235294 0.13807531380753138 0.015294117647058824
0 0.9581589958158996 0.6188235294117647 0.06276150627615062 0.01411764705882353
0 0.5711297071129707 0.3058823529411765 0.02510460251046025 0.03764705882352941
0 0.5575313807531381 0.29764705882352943 0.07740585774058577 0.13411764705882354
0 0.21234309623430964 0.24176470588235294 0.19874476987447698 0.14
0 0.07531380753138076 0.18941176470588236 0.1506276150627615 0.07764705882352942
0 0.18828451882845187 0.1423529411764706 0.029288702928870293 0.08
0 0.8682008368200836 0.11470588235294117 0.11297071129707113 0.041176470588235294
0 0.6600418410041841 0.1111764705882353 0.10669456066945607 0.04352941176470588
0 0.45292887029288703 0.11235294117647059 0.10669456066945607 0.04588235294117647
0 0.058577405857740586 0.1111764705882353 0.11715481171548117 0.04352941176470588
0 0.26673640167364016 0.11 0.1108786610878661 0.04352941176470588
0 0.3692468619246862 0.10882352941176471 0.01882845188284519 0.10235294117647059
