0 0.9811715481171548 0.7158823529411765 0.03765690376569038 0.029411764705882353
0 0.9822175732217573 0.5770588235294117 0.03556485355648536 0.036470588235294116
0 0.9341004184100419 0.55 0.13179916317991633 0.03411764705882353
0 0.7960251046025104 0.5205882352941177 0.03138075313807531 0.03411764705882353
0 0.04184100418410042 0.44882352941176473 0.08368200836820083 0.036470588235294116
0 0.3106694560669456 0.3458823529411765 0.05230125523012552 0.023529411764705882
0 0.3880753138075314 0.3376470588235294 0.03138075313807531 0.01647058823529412
0 0.030334728033472803 0.3376470588235294 0.060669456066945605 0.02588235294117647
0 0.9006276150627615 0.3164705882352941 0.07322175732217573 0.021176470588235293
0 0.02510460251046025 0.2952941176470588 0.0502092050209205 0.021176470588235293
0 0.8535564853556485 0.2847058823529412 0.100418410041841 0.03764705882352941
0 0.043933054393305436 0.26176470588235295 0.05439330543933055 0.02235294117647059
0 0.06589958158995816 0.2188235294117647 0.13179916317991633 0.047058823529411764
0 0.9435146443514645 0.20176470588235293 0.08368200836820083 0.024705882352941175
0 0.28451882845188287 0.25529411764705884 0.07531380753138076 0.13411764705882354
0 0.13598326359832635 0.14470588235294118 0.2719665271966527 0.03058823529411765
0 0.950836820083682 0.06235294117647059 0.09832635983263599 0.021176470588235293
