0 0.05778301886792453 0.7981171548117155 0.11556603773584906 0.09832635983263599
0 0.9634433962264151 0.7667364016736402 0.07311320754716981 0.0397489539748954
0 0.8248820754716981 0.7290794979079498 0.045990566037735846 0.0397489539748954
0 0.8384433962264151 0.6694560669456067 0.049528301886792456 0.02092050209205021
0 0.9575471698113207 0.6694560669456067 0.08490566037735849 0.09205020920502092
0 0.6591981132075472 0.35355648535564854 0.09198113207547169 0.06276150627615062
0 0.9811320754716981 0.2824267782426778 0.025943396226415096 0.03765690376569038
0 0.6591981132075472 0.28556485355648537 0.09198113207547169 0.060669456066945605
0 0.6580188679245284 0.3190376569037657 0.10377358490566038 0.15690376569037656
0 0.3903301886792453 0.1589958158995816 0.03537735849056604 0.03347280334728033
0 0.5377358490566038 0.10460251046025104 0.37028301886792453 0.10460251046025104
0 0.07547169811320754 0.053347280334728034 0.02358490566037736 0.04811715481171548
0 0.9551886792452831 0.016736401673640166 0.03773584905660377 0.03347280334728033
0 0.8266509433962265 0.02510460251046025 0.030660377358490566 0.0502092050209205
0 0.23820754716981132 0.03765690376569038 0.22641509433962265 0.07531380753138076
0 0.10672169811320754 0.010460251046025104 0.04363207547169811 0.02092050209205021
0 0.024174528301886794 0.032426778242677826 0.031839622641509434 0.06485355648535565
