0 0.049163179916317995 0.5752941176470588 0.09832635983263599 0.04941176470588235
0 0.07635983263598327 0.528235294117647 0.056485355648535567 0.03058823529411765
0 0.021966527196652718 0.5152941176470588 0.043933054393305436 0.02588235294117647
0 0.02301255230125523 0.4852941176470588 0.04602510460251046 0.029411764705882353
0 0.0397489539748954 0.40588235294117647 0.0794979079497908 0.03764705882352941
0 0.8326359832635983 0.36470588235294116 0.14225941422594143 0.13176470588235295
0 0.35355648535564854 0.20352941176470588 0.07112970711297072 0.07764705882352942
0 0.056485355648535567 0.10764705882352942 0.11297071129707113 0.05529411764705883
0 0.35669456066945604 0.04294117647058823 0.1694560669456067 0.015294117647058824
0 0.028242677824267783 0.03058823529411765 0.056485355648535567 0.02588235294117647
0 0.9267782426778243 0.00823529411764706 0.14644351464435146 0.01647058823529412
0 0.0899581589958159 0.007058823529411765 0.0794979079497908 0.01411764705882353
