0 0.8723849372384938 0.6264705882352941 0.25523012552301255 0.03411764705882353
0 0.9832635983263598 0.4752941176470588 0.03347280334728033 0.03529411764705882
0 0.13284518828451883 0.6670588235294118 0.06485355648535565 0.4258823529411765
0 0.28451882845188287 0.40588235294117647 0.06694560669456066 0.023529411764705882
0 0.5648535564853556 0.30117647058823527 0.06276150627615062 0.03058823529411765
0 0.6244769874476988 0.2994117647058824 0.0899581589958159 0.029411764705882353
0 0.12238493723849372 0.3276470588235294 0.01882845188284519 0.09294117647058824
0 0.2698744769874477 0.21588235294117647 0.04602510460251046 0.03411764705882353
0 0.747907949790795 0.03 0.05230125523012552 0.027058823529411764
0 0.24790794979079497 0.03 0.06485355648535565 0.03176470588235294
0 0.6098326359832636 0.12764705882352942 0.06903765690376569 0.25529411764705884
0 0.13807531380753138 0.12941176470588237 0.05439330543933055 0.25882352941176473
