0 0.3598326359832636 0.8129411764705883 0.09205020920502092 0.03294117647058824
0 0.3117154811715481 0.7382352941176471 0.1087866108786611 0.18235294117647058
0 0.40585774058577406 0.47941176470588237 0.1087866108786611 0.041176470588235294
0 0.3158995815899582 0.4411764705882353 0.12133891213389121 0.03294117647058824
0 0.34309623430962344 0.4164705882352941 0.1589958158995816 0.06823529411764706
0 0.6715481171548117 0.32235294117647056 0.07112970711297072 0.023529411764705882
0 0.3399581589958159 0.3070588235294118 0.027196652719665274 0.0611764705882353
0 0.600418410041841 0.27 0.05439330543933055 0.01764705882352941
0 0.47280334728033474 0.3176470588235294 0.1799163179916318 0.12
0 0.3117154811715481 0.29058823529411765 0.07112970711297072 0.08470588235294117
0 0.6485355648535565 0.24294117647058824 0.07531380753138076 0.01764705882352941
0 0.7165271966527197 0.23529411764705882 0.0899581589958159 0.023529411764705882
0 0.27510460251046026 0.22941176470588234 0.04811715481171548 0.018823529411764704
0 0.41527196652719667 0.21941176470588236 0.16527196652719664 0.05764705882352941
0 0.893305439330544 0.20470588235294118 0.100418410041841 0.03764705882352941
0 0.9686192468619247 0.2 0.06276150627615062 0.03764705882352941
0 0.20188284518828453 0.18411764705882352 0.40376569037656906 0.08823529411764706
0 0.16631799163179917 0.07294117647058823 0.07740585774058577 0.02823529411764706
0 0.3075313807531381 0.0611764705882353 0.100418410041841 0.02588235294117647
0 0.5910041841004184 0.05941176470588235 0.2196652719665272 0.04823529411764706
0 0.032426778242677826 0.036470588235294116 0.06485355648535565 0.0611764705882353
0 0.8943514644351465 0.027647058823529413 0.15271966527196654 0.05529411764705883
0 0.7897489539748954 0.03176470588235294 0.04811715481171548 0.06352941176470588
0 0.4205020920502092 0.03 0.10460251046025104 0.06
0 0.08472803347280335 0.03 0.08577405857740586 0.06
