0 0.9016736401673641 0.8464705882352941 0.1297071129707113 0.04823529411764706
0 0.9100418410041841 0.8058823529411765 0.1799163179916318 0.042352941176470586
0 0.9361924686192469 0.758235294117647 0.0899581589958159 0.03176470588235294
0 0.8441422594142259 0.74 0.09414225941422594 0.03529411764705882
0 0.049163179916317995 0.6235294117647059 0.09832635983263599 0.09647058823529411
0 0.9581589958158996 0.48705882352941177 0.08368200836820083 0.01411764705882353
0 0.08054393305439331 0.5005882352941177 0.16108786610878661 0.09294117647058824
0 0.7709205020920502 0.44058823529411767 0.043933054393305436 0.029411764705882353
0 0.13493723849372385 0.3935294117647059 0.1401673640167364 0.04588235294117647
0 0.029288702928870293 0.3847058823529412 0.058577405857740586 0.02823529411764706
0 0.3294979079497908 0.39176470588235296 0.027196652719665274 0.04470588235294118
0 0.946652719665272 0.3658823529411765 0.10669456066945607 0.07764705882352942
0 0.25313807531380755 0.3870588235294118 0.029288702928870293 0.12
0 0.5062761506276151 0.35294117647058826 0.03347280334728033 0.08941176470588236
0 0.043933054393305436 0.3264705882352941 0.08786610878661087 0.036470588235294116
0 0.6223849372384938 0.3635294117647059 0.08577405857740586 0.11529411764705882
0 0.6286610878661087 0.23176470588235293 0.11506276150627615 0.04
