0 0.051255230125523014 0.5758823529411765 0.10251046025104603 0.04823529411764706
0 0.0794979079497908 0.53 0.05439330543933055 0.029411764705882353
0 0.02405857740585774 0.5158823529411765 0.04811715481171548 0.027058823529411764
0 0.02510460251046025 0.4864705882352941 0.0502092050209205 0.029411764705882353
0 0.04184100418410042 0.40705882352941175 0.08368200836820083 0.03764705882352941
0 0.8378661087866108 0.3664705882352941 0.14435146443514643 0.13058823529411764
0 0.8661087866108786 0.33941176470588236 0.058577405857740586 0.07882352941176471
0 0.35669456066945604 0.20411764705882354 0.07322175732217573 0.07647058823529412
0 0.06380753138075314 0.11294117647058824 0.12761506276150628 0.06352941176470588
0 0.3577405857740586 0.04294117647058823 0.17154811715481172 0.015294117647058824
0 0.9309623430962343 0.00823529411764706 0.13807531380753138 0.01647058823529412
