0 0.5 0.9571129707112971 1.0 0.08577405857740586
0 0.09669811320754718 0.9424686192468619 0.06839622641509434 0.07322175732217573
0 0.24764150943396226 0.6265690376569037 0.04481132075471698 0.08577405857740586
0 0.2623820754716981 0.555439330543933 0.0625 0.03138075313807531
0 0.6863207547169812 0.33472803347280333 0.07783018867924528 0.06276150627615062
0 0.691627358490566 0.2709205020920502 0.0695754716981132 0.060669456066945605
0 0.03596698113207547 0.24267782426778242 0.031839622641509434 0.058577405857740586
0 0.10672169811320754 0.23640167364016737 0.020047169811320754 0.058577405857740586
0 0.07311320754716981 0.23744769874476987 0.0330188679245283 0.060669456066945605
0 0.2240566037735849 0.2290794979079498 0.0330188679245283 0.060669456066945605
0 0.19752358490566038 0.2290794979079498 0.020047169811320754 0.060669456066945605
0 0.26297169811320753 0.22594142259414227 0.04245283018867924 0.06276150627615062
0 0.29245283018867924 0.22280334728033474 0.009433962264150943 0.060669456066945605
0 0.3313679245283019 0.2196652719665272 0.009433962264150943 0.058577405857740586
0 0.3130896226415094 0.22071129707112971 0.020047169811320754 0.060669456066945605
0 0.3555424528301887 0.2186192468619247 0.031839622641509434 0.060669456066945605
0 0.65625 0.2112970711297071 0.020047169811320754 0.05439330543933055
0 0.1303066037735849 0.06276150627615062 0.11202830188679246 0.12552301255230125
0 0.055424528301886794 0.02092050209205021 0.09198113207547169 0.04184100418410042
