0 0.6939858490566038 0.7248953974895398 0.031839622641509434 0.06903765690376569
0 0.6656839622641509 0.7280334728033473 0.024764150943396228 0.07531380753138076
0 0.36674528301886794 0.49267782426778245 0.08726415094339622 0.08158995815899582
0 0.4375 0.29916317991631797 0.09433962264150944 0.03347280334728033
0 0.1928066037735849 0.2918410041841004 0.027122641509433963 0.06485355648535565
0 0.33549528301886794 0.28661087866108786 0.10023584905660378 0.06694560669456066
0 0.4363207547169811 0.2625523012552301 0.09433962264150944 0.027196652719665274
0 0.652122641509434 0.1600418410041841 0.14622641509433962 0.0899581589958159
0 0.17511792452830188 0.16213389121338911 0.19221698113207547 0.09832635983263599
0 0.4652122641509434 0.010460251046025104 0.03419811320754717 0.02092050209205021
