0 0.5700836820083682 0.6705882352941176 0.40376569037656906 0.04941176470588235
0 0.698744769874477 0.6335294117647059 0.058577405857740586 0.02
0 0.6799163179916318 0.6094117647058823 0.10460251046025104 0.03294117647058824
0 0.40481171548117156 0.5964705882352941 0.07740585774058577 0.042352941176470586
0 0.10564853556485355 0.5970588235294118 0.043933054393305436 0.04588235294117647
0 0.8650627615062761 0.5529411764705883 0.03556485355648536 0.02823529411764706
0 0.2834728033472803 0.5458823529411765 0.07740585774058577 0.04
0 0.07217573221757322 0.5417647058823529 0.13598326359832635 0.036470588235294116
0 0.5564853556485355 0.5164705882352941 0.04184100418410042 0.03294117647058824
0 0.3797071129707113 0.5152941176470588 0.07322175732217573 0.05647058823529412
0 0.45188284518828453 0.4935294117647059 0.04184100418410042 0.029411764705882353
0 0.6098326359832636 0.18235294117647058 0.06485355648535565 0.03529411764705882
0 0.6788702928870293 0.1223529411764706 0.08577405857740586 0.02823529411764706
0 0.13702928870292888 0.02823529411764706 0.05230125523012552 0.05176470588235294
