0 0.04811715481171548 0.9747058823529412 0.09623430962343096 0.05058823529411765
0 0.7489539748953975 0.8447058823529412 0.03347280334728033 0.08470588235294117
0 0.8901673640167364 0.7976470588235294 0.16527196652719664 0.04
0 0.895397489539749 0.6735294117647059 0.14644351464435146 0.06941176470588235
0 0.9163179916317992 0.5811764705882353 0.0794979079497908 0.023529411764705882
0 0.8420502092050209 0.5147058823529411 0.027196652719665274 0.027058823529411764
0 0.9864016736401674 0.3305882352941176 0.027196652719665274 0.042352941176470586
0 0.9184100418410042 0.20352941176470588 0.07531380753138076 0.03764705882352941
0 0.9864016736401674 0.18764705882352942 0.027196652719665274 0.036470588235294116
0 0.9110878661087866 0.13411764705882354 0.060669456066945605 0.01647058823529412
0 0.446652719665272 0.13529411764705881 0.06903765690376569 0.06352941176470588
0 0.5460251046025104 0.1476470588235294 0.32217573221757323 0.12588235294117647
0 0.9257322175732218 0.05764705882352941 0.14853556485355648 0.03529411764705882
0 0.9246861924686193 0.019411764705882354 0.1506276150627615 0.03882352941176471
