0 0.9372384937238494 0.7347058823529412 0.058577405857740586 0.06235294117647059
0 0.2615062761506276 0.7635294117647059 0.13389121338912133 0.1388235294117647
0 0.9592050209205021 0.6817647058823529 0.06903765690376569 0.09529411764705882
0 0.6527196652719666 0.5611764705882353 0.13389121338912133 0.03294117647058824
0 0.446652719665272 0.5347058823529411 0.08158995815899582 0.01764705882352941
0 0.3598326359832636 0.52 0.11297071129707113 0.05176470588235294
0 0.19351464435146443 0.47823529411764704 0.056485355648535567 0.03411764705882353
0 0.28765690376569036 0.4717647058823529 0.0899581589958159 0.03058823529411765
0 0.34309623430962344 0.46058823529411763 0.03765690376569038 0.07176470588235294
0 0.038702928870292884 0.44058823529411767 0.07740585774058577 0.06941176470588235
0 0.24790794979079497 0.41058823529411764 0.13179916317991633 0.01411764705882353
0 0.5910041841004184 0.35058823529411764 0.12343096234309624 0.03294117647058824
0 0.39644351464435146 0.3247058823529412 0.027196652719665274 0.03294117647058824
0 0.33368200836820083 0.3323529411764706 0.0397489539748954 0.07647058823529412
0 0.7677824267782427 0.3129411764705882 0.07112970711297072 0.042352941176470586
0 0.20606694560669456 0.3176470588235294 0.056485355648535567 0.08705882352941176
0 0.33577405857740583 0.2782352941176471 0.12343096234309624 0.041176470588235294
0 0.5062761506276151 0.25176470588235295 0.08368200836820083 0.02588235294117647
0 0.26569037656903766 0.2447058823529412 0.10460251046025104 0.058823529411764705
0 0.850418410041841 0.20823529411764705 0.06903765690376569 0.018823529411764704
0 0.946652719665272 0.20411764705882354 0.10669456066945607 0.03411764705882353
0 0.6150627615062761 0.21058823529411766 0.39748953974895396 0.07529411764705882
0 0.8786610878661087 0.17 0.0794979079497908 0.02235294117647059
0 0.09728033472803348 0.09294117647058824 0.0899581589958159 0.03058823529411765
0 0.23535564853556484 0.07588235294117647 0.10251046025104603 0.03176470588235294
0 0.5282426778242678 0.07 0.23221757322175732 0.05058823529411765
0 0.9916317991631799 0.06470588235294118 0.016736401673640166 0.04470588235294118
0 0.9602510460251046 0.0611764705882353 0.04602510460251046 0.03764705882352941
0 0.9644351464435147 0.018823529411764704 0.07112970711297072 0.03764705882352941
0 0.8347280334728033 0.03 0.15481171548117154 0.06
0 0.7290794979079498 0.036470588235294116 0.05230125523012552 0.07294117647058823
0 0.35669456066945604 0.03764705882352941 0.1108786610878661 0.07529411764705882
0 0.02510460251046025 0.04294117647058823 0.0502092050209205 0.08588235294117647
