0 0.2217573221757322 0.9835294117647059 0.07531380753138076 0.03294117647058824
0 0.6767782426778243 0.96 0.07740585774058577 0.08
0 0.8755230125523012 0.9482352941176471 0.03556485355648536 0.06588235294117648
0 0.6715481171548117 0.6929411764705883 0.26359832635983266 0.023529411764705882
0 0.47489539748953974 0.5835294117647059 0.14644351464435146 0.03294117647058824
0 0.17259414225941422 0.5835294117647059 0.03556485355648536 0.07294117647058823
0 0.18514644351464435 0.48058823529411765 0.03556485355648536 0.04352941176470588
0 0.9832635983263598 0.4541176470588235 0.03347280334728033 0.25176470588235295
0 0.5324267782426778 0.22705882352941176 0.13179916317991633 0.03294117647058824
0 0.34623430962343094 0.21705882352941178 0.03556485355648536 0.027058823529411764
0 0.3807531380753138 0.047058823529411764 0.029288702928870293 0.09411764705882353
0 0.25732217573221755 0.00823529411764706 0.10460251046025104 0.01647058823529412
