0 0.22464622641509435 0.9225941422594143 0.01768867924528302 0.05439330543933055
0 0.2429245283018868 0.9215481171548117 0.01650943396226415 0.056485355648535567
0 0.3130896226415094 0.747907949790795 0.024764150943396228 0.08158995815899582
0 0.4050707547169811 0.7259414225941423 0.027122641509433963 0.04184100418410042
0 0.29068396226415094 0.7792887029288703 0.01768867924528302 0.16108786610878661
0 0.18691037735849056 0.8064853556485355 0.02240566037735849 0.29497907949790797
0 0.9339622641509434 0.6642259414225942 0.09198113207547169 0.05230125523012552
0 0.01061320754716981 0.645397489539749 0.02122641509433962 0.09414225941422594
0 0.9575471698113207 0.5941422594142259 0.030660377358490566 0.08368200836820083
0 0.3744103773584906 0.602510460251046 0.13561320754716982 0.12552301255230125
0 0.7995283018867925 0.4476987447698745 0.14150943396226415 0.09205020920502092
0 0.18455188679245282 0.5198744769874477 0.03891509433962264 0.25313807531380755
0 0.045990566037735846 0.4780334728033473 0.09198113207547169 0.2112970711297071
0 0.45047169811320753 0.3389121338912134 0.08018867924528301 0.058577405857740586
0 0.3626179245283019 0.3305439330543933 0.08608490566037735 0.06276150627615062
0 0.5300707547169812 0.24686192468619247 0.020047169811320754 0.04602510460251046
0 0.24941037735849056 0.2217573221757322 0.027122641509433963 0.03765690376569038
0 0.37912735849056606 0.151673640167364 0.024764150943396228 0.060669456066945605
0 0.23938679245283018 0.16317991631799164 0.02122641509433962 0.08368200836820083
0 0.3490566037735849 0.12343096234309624 0.03773584905660377 0.08786610878661087
