0 0.8018867924528302 0.9748953974895398 0.39622641509433965 0.0502092050209205
0 0.870872641509434 0.9497907949790795 0.2016509433962264 0.04184100418410042
0 0.4410377358490566 0.9456066945606695 0.09433962264150944 0.07531380753138076
0 0.8985849056603774 0.9173640167364017 0.1391509433962264 0.03556485355648536
0 0.9204009433962265 0.8629707112970711 0.13561320754716982 0.11506276150627615
0 0.29127358490566035 0.8828451882845189 0.5825471698113207 0.23430962343096234
0 0.8761792452830188 0.2175732217573222 0.10613207547169812 0.0794979079497908
0 0.8773584905660378 0.21338912133891214 0.12971698113207547 0.1297071129707113
0 0.9675707547169812 0.13807531380753138 0.060141509433962265 0.08368200836820083
0 0.8567216981132075 0.06485355648535565 0.06485849056603774 0.1297071129707113
