0 0.8629707112970711 0.9688235294117648 0.27405857740585776 0.036470588235294116
0 0.5481171548117155 0.8847058823529412 0.0502092050209205 0.03529411764705882
0 0.9173640167364017 0.8741176470588236 0.16527196652719664 0.13176470588235295
0 0.8702928870292888 0.8123529411764706 0.11297071129707113 0.024705882352941175
0 0.799163179916318 0.8435294117647059 0.11297071129707113 0.10588235294117647
0 0.8096234309623431 0.7558823529411764 0.0502092050209205 0.015294117647058824
0 0.9550209205020921 0.7517647058823529 0.0899581589958159 0.03529411764705882
0 0.9780334728033473 0.6994117647058824 0.043933054393305436 0.03411764705882353
0 0.852510460251046 0.71 0.10669456066945607 0.09294117647058824
0 0.9895397489539749 0.6058823529411764 0.02092050209205021 0.04470588235294118
0 0.9592050209205021 0.5176470588235295 0.04811715481171548 0.011764705882352941
0 0.8880753138075314 0.5152941176470588 0.060669456066945605 0.01411764705882353
0 0.9069037656903766 0.4929411764705882 0.08158995815899582 0.011764705882352941
0 0.9728033472803347 0.37 0.05439330543933055 0.06235294117647059
0 0.9518828451882845 0.3070588235294118 0.07531380753138076 0.03058823529411765
0 0.8138075313807531 0.25058823529411767 0.0502092050209205 0.047058823529411764
0 0.6861924686192469 0.24588235294117647 0.07112970711297072 0.04
0 0.9686192468619247 0.2076470588235294 0.06276150627615062 0.04823529411764706
0 0.8671548117154811 0.01 0.26569037656903766 0.02
0 0.34623430962343094 0.007058823529411765 0.303347280334728 0.01411764705882353
