0 0.2688284518828452 0.8423529411764706 0.04811715481171548 0.01411764705882353
0 0.44037656903765693 0.8294117647058824 0.23640167364016737 0.03294117647058824
0 0.7447698744769874 0.7770588235294118 0.11715481171548117 0.06470588235294118
0 0.2290794979079498 0.7376470588235294 0.4581589958158996 0.26588235294117646
0 0.8702928870292888 0.5088235294117647 0.2594142259414226 0.052941176470588235
0 0.6359832635983264 0.37529411764705883 0.100418410041841 0.04
0 0.6244769874476988 0.2888235294117647 0.12761506276150628 0.03176470588235294
0 0.45083682008368203 0.19647058823529412 0.05230125523012552 0.03058823529411765
0 0.9006276150627615 0.19058823529411764 0.07322175732217573 0.14588235294117646
0 0.4361924686192469 0.07823529411764706 0.04811715481171548 0.029411764705882353
0 0.21338912133891214 0.10470588235294118 0.17154811715481172 0.15294117647058825
