0 0.6338912133891214 0.991764705882353 0.06276150627615062 0.01647058823529412
0 0.7845188284518828 0.9905882352941177 0.17154811715481172 0.018823529411764704
0 0.3138075313807531 0.9841176470588235 0.06694560669456066 0.03176470588235294
0 0.9790794979079498 0.9729411764705882 0.04184100418410042 0.02588235294117647
0 0.02615062761506276 0.9429411764705883 0.05230125523012552 0.02
0 0.8127615062761506 0.798235294117647 0.37447698744769875 0.05529411764705883
0 0.698744769874477 0.7341176470588235 0.0502092050209205 0.01647058823529412
0 0.7949790794979079 0.73 0.12133891213389121 0.03176470588235294
0 0.8451882845188284 0.6923529411764706 0.11715481171548117 0.036470588235294116
0 0.6684100418410042 0.6858823529411765 0.06485355648535565 0.023529411764705882
0 0.8702928870292888 0.6205882352941177 0.200836820083682 0.04352941176470588
0 0.18514644351464435 0.61 0.07740585774058577 0.04823529411764706
0 0.944560669456067 0.5788235294117647 0.060669456066945605 0.018823529411764704
0 0.8399581589958159 0.5558823529411765 0.1903765690376569 0.03411764705882353
0 0.854602510460251 0.3976470588235294 0.2112970711297071 0.04
0 0.7981171548117155 0.3935294117647059 0.12761506276150628 0.036470588235294116
0 0.043933054393305436 0.3611764705882353 0.08786610878661087 0.1811764705882353
