0 0.6757322175732218 0.8235294117647058 0.20920502092050208 0.05647058823529412
0 0.5219665271966527 0.8435294117647059 0.25732217573221755 0.12470588235294118
0 0.38702928870292885 0.7464705882352941 0.0502092050209205 0.027058823529411764
0 0.7897489539748954 0.5611764705882353 0.07322175732217573 0.02588235294117647
0 0.45397489539748953 0.5070588235294118 0.05439330543933055 0.04470588235294118
0 0.5784518828451883 0.5005882352941177 0.11506276150627615 0.04352941176470588
0 0.6182008368200836 0.4364705882352941 0.1108786610878661 0.05647058823529412
0 0.043933054393305436 0.43117647058823527 0.08786610878661087 0.06470588235294118
0 0.9748953974895398 0.38235294117647056 0.0502092050209205 0.05411764705882353
0 0.4445606694560669 0.35294117647058826 0.0397489539748954 0.03294117647058824
0 0.5230125523012552 0.3588235294117647 0.16317991631799164 0.12705882352941175
0 0.8085774058577406 0.28058823529411764 0.15690376569037656 0.05764705882352941
0 0.6150627615062761 0.26176470588235295 0.20502092050209206 0.08352941176470588
0 0.9016736401673641 0.2641176470588235 0.09623430962343096 0.09058823529411765
0 0.06171548117154812 0.1776470588235294 0.043933054393305436 0.04470588235294118
0 0.6851464435146444 0.17647058823529413 0.08577405857740586 0.07058823529411765
