0 0.2384937238493724 0.9864705882352941 0.04602510460251046 0.027058823529411764
0 0.9592050209205021 0.9858823529411764 0.056485355648535567 0.02823529411764706
0 0.19560669456066945 0.9529411764705882 0.04811715481171548 0.02823529411764706
0 0.3253138075313807 0.9588235294117647 0.1192468619246862 0.06352941176470588
0 0.20397489539748953 0.9047058823529411 0.13598326359832635 0.07058823529411765
0 0.15376569037656904 0.8358823529411765 0.10251046025104603 0.06941176470588235
0 0.7280334728033473 0.8341176470588235 0.09205020920502092 0.1011764705882353
0 0.6694560669456067 0.7394117647058823 0.03765690376569038 0.04823529411764706
0 0.39330543933054396 0.6405882352941177 0.1506276150627615 0.05529411764705883
0 0.5606694560669456 0.6476470588235295 0.09205020920502092 0.10235294117647059
0 0.1108786610878661 0.6394117647058823 0.2217573221757322 0.12117647058823529
0 0.3054393305439331 0.5394117647058824 0.19665271966527198 0.04588235294117647
0 0.06903765690376569 0.4376470588235294 0.13807531380753138 0.058823529411764705
0 0.027196652719665274 0.37588235294117645 0.05439330543933055 0.04588235294117647
0 0.3399581589958159 0.3623529411764706 0.0397489539748954 0.021176470588235293
0 0.7625523012552301 0.2776470588235294 0.060669456066945605 0.04470588235294118
0 0.7646443514644351 0.24529411764705883 0.027196652719665274 0.02235294117647059
0 0.5742677824267782 0.17529411764705882 0.06903765690376569 0.0611764705882353
0 0.1809623430962343 0.14470588235294118 0.0397489539748954 0.021176470588235293
0 0.4769874476987448 0.1188235294117647 0.058577405857740586 0.03764705882352941
0 0.6788702928870293 0.15294117647058825 0.19456066945606695 0.1411764705882353
0 0.3817991631799163 0.10647058823529412 0.20292887029288703 0.08588235294117647
