0 0.016736401673640166 0.9 0.03347280334728033 0.11058823529411765
0 0.9006276150627615 0.5988235294117648 0.19874476987447698 0.023529411764705882
0 0.8138075313807531 0.5264705882352941 0.07112970711297072 0.02
0 0.8671548117154811 0.47294117647058825 0.06903765690376569 0.07764705882352942
0 0.4236401673640167 0.26941176470588235 0.04811715481171548 0.04470588235294118
0 0.49686192468619245 0.28941176470588237 0.2280334728033473 0.11294117647058824
0 0.9476987447698745 0.2164705882352941 0.10460251046025104 0.021176470588235293
0 0.8169456066945606 0.22176470588235295 0.14435146443514643 0.036470588235294116
0 0.6861924686192469 0.2411764705882353 0.1087866108786611 0.08470588235294117
0 0.5303347280334728 0.20529411764705882 0.10669456066945607 0.02
0 0.3368200836820084 0.20411764705882354 0.19665271966527198 0.05058823529411765
0 0.07426778242677824 0.1776470588235294 0.14853556485355648 0.023529411764705882
0 0.8085774058577406 0.0058823529411764705 0.08158995815899582 0.011764705882352941
0 0.7259414225941423 0.06 0.02510460251046025 0.12
0 0.3493723849372385 0.05176470588235294 0.03765690376569038 0.10352941176470588
