0 0.5 0.9215481171548117 1.0 0.15690376569037656
0 0.9198113207547169 0.8138075313807531 0.06132075471698113 0.0502092050209205
0 0.75 0.7311715481171548 0.07075471698113207 0.03556485355648536
0 0.8932783018867925 0.6349372384937239 0.08844339622641509 0.13598326359832635
0 0.3089622641509434 0.45502092050209203 0.07547169811320754 0.05230125523012552
0 0.9239386792452831 0.41422594142259417 0.15212264150943397 0.17573221757322174
0 0.7924528301886793 0.24267782426778242 0.03537735849056604 0.058577405857740586
0 0.7694575471698113 0.1809623430962343 0.07900943396226415 0.060669456066945605
0 0.7411556603773585 0.11715481171548117 0.020047169811320754 0.05439330543933055
0 0.9327830188679245 0.11715481171548117 0.13443396226415094 0.07112970711297072
0 0.7040094339622641 0.02405857740585774 0.09198113207547169 0.04811715481171548
0 0.07665094339622641 0.030334728033472803 0.04481132075471698 0.060669456066945605
