0 0.6108786610878661 0.8841176470588236 0.24267782426778242 0.04823529411764706
0 0.7771966527196653 0.84 0.0899581589958159 0.047058823529411764
0 0.7625523012552301 0.6588235294117647 0.05230125523012552 0.03529411764705882
0 0.15585774058577406 0.45294117647058824 0.3117154811715481 0.042352941176470586
0 0.47384937238493724 0.42705882352941177 0.3200836820083682 0.01411764705882353
0 0.056485355648535567 0.4264705882352941 0.11297071129707113 0.03176470588235294
0 0.8901673640167364 0.4011764705882353 0.04811715481171548 0.023529411764705882
0 0.23640167364016737 0.38176470588235295 0.14644351464435146 0.08352941176470588
0 0.7071129707112971 0.34823529411764703 0.029288702928870293 0.0988235294117647
0 0.44142259414225943 0.30411764705882355 0.13389121338912133 0.015294117647058824
0 0.4456066945606695 0.29294117647058826 0.18828451882845187 0.018823529411764704
0 0.7133891213389121 0.22823529411764706 0.18828451882845187 0.042352941176470586
0 0.016736401673640166 0.03588235294117647 0.03347280334728033 0.04588235294117647
0 0.5146443514644351 0.01411764705882353 0.08368200836820083 0.02823529411764706
