0 0.4905857740585774 0.8635294117647059 0.05230125523012552 0.021176470588235293
0 0.23535564853556484 0.731764705882353 0.10669456066945607 0.08470588235294117
0 0.9424686192468619 0.7294117647058823 0.06485355648535565 0.08470588235294117
0 0.11610878661087866 0.7264705882352941 0.04811715481171548 0.16588235294117648
0 0.5439330543933054 0.6235294117647059 0.029288702928870293 0.023529411764705882
0 0.42782426778242677 0.5758823529411765 0.05230125523012552 0.06
0 0.4884937238493724 0.5752941176470588 0.06485355648535565 0.0611764705882353
0 0.5523012552301255 0.5735294117647058 0.07112970711297072 0.06235294117647059
0 0.2405857740585774 0.5147058823529411 0.04184100418410042 0.05764705882352941
0 0.3410041841004184 0.5111764705882353 0.04602510460251046 0.06
0 0.38702928870292885 0.51 0.016736401673640166 0.06
0 0.5638075313807531 0.5070588235294118 0.056485355648535567 0.058823529411764705
0 0.4361924686192469 0.508235294117647 0.060669456066945605 0.0611764705882353
0 0.49581589958158995 0.5070588235294118 0.05439330543933055 0.0611764705882353
0 0.9550209205020921 0.4582352941176471 0.0899581589958159 0.05764705882352941
0 0.8682008368200836 0.38235294117647056 0.03765690376569038 0.10823529411764705
0 0.1893305439330544 0.33941176470588236 0.09832635983263599 0.05764705882352941
0 0.9456066945606695 0.31058823529411766 0.1087866108786611 0.047058823529411764
0 0.010460251046025104 0.28352941176470586 0.02092050209205021 0.04941176470588235
0 0.8138075313807531 0.2958823529411765 0.058577405857740586 0.12352941176470589
0 0.5606694560669456 0.20411764705882354 0.08368200836820083 0.04352941176470588
0 0.04707112970711297 0.16117647058823528 0.09414225941422594 0.03529411764705882
