0 0.12447698744769875 0.9005882352941177 0.060669456066945605 0.06235294117647059
0 0.4110878661087866 0.8805882352941177 0.3117154811715481 0.052941176470588235
0 0.40794979079497906 0.8552941176470589 0.2217573221757322 0.04470588235294118
0 0.895397489539749 0.8447058823529412 0.20920502092050208 0.04470588235294118
0 0.8671548117154811 0.8029411764705883 0.060669456066945605 0.012941176470588235
0 0.9058577405857741 0.8158823529411765 0.18828451882845187 0.04588235294117647
0 0.9361924686192469 0.7958823529411765 0.06903765690376569 0.015294117647058824
0 0.9246861924686193 0.6229411764705882 0.12552301255230125 0.01764705882352941
0 0.22489539748953974 0.5652941176470588 0.15690376569037656 0.07176470588235294
0 0.4696652719665272 0.53 0.1903765690376569 0.08823529411764706
0 0.06589958158995816 0.4958823529411765 0.06903765690376569 0.07882352941176471
0 0.41422594142259417 0.44 0.10460251046025104 0.07058823529411765
0 0.2813807531380753 0.37529411764705883 0.09832635983263599 0.3623529411764706
0 0.5575313807531381 0.21058823529411766 0.056485355648535567 0.05411764705882353
0 0.6464435146443515 0.2564705882352941 0.28451882845188287 0.19294117647058823
