0 0.6014644351464435 0.87 0.20711297071129708 0.012941176470588235
0 0.2928870292887029 0.8552941176470589 0.100418410041841 0.011764705882352941
0 0.5156903765690377 0.7205882352941176 0.49581589958158995 0.04352941176470588
0 0.036610878661087864 0.6541176470588236 0.07322175732217573 0.1411764705882353
0 0.4905857740585774 0.5711764705882353 0.11506276150627615 0.03882352941176471
0 0.17677824267782427 0.5505882352941176 0.06903765690376569 0.04941176470588235
0 0.3702928870292887 0.5305882352941177 0.05439330543933055 0.02588235294117647
0 0.2824267782426778 0.5511764705882353 0.12133891213389121 0.07882352941176471
0 0.19560669456066945 0.5135294117647059 0.0397489539748954 0.036470588235294116
0 0.5303347280334728 0.43411764705882355 0.056485355648535567 0.04
0 0.7866108786610879 0.2876470588235294 0.20502092050209206 0.052941176470588235
0 0.7175732217573222 0.23352941176470587 0.058577405857740586 0.04352941176470588
0 0.5826359832635983 0.05529411764705883 0.49581589958158995 0.06823529411764706
