0 0.6297071129707112 0.9929411764705882 0.058577405857740586 0.01411764705882353
0 0.7792887029288703 0.9923529411764705 0.14853556485355648 0.015294117647058824
0 0.3127615062761506 0.9858823529411764 0.056485355648535567 0.02823529411764706
0 0.028242677824267783 0.9482352941176471 0.056485355648535567 0.018823529411764704
0 0.7594142259414226 0.8117647058823529 0.2510460251046025 0.03529411764705882
0 0.702928870292887 0.7364705882352941 0.0502092050209205 0.01647058823529412
0 0.8002092050209205 0.731764705882353 0.12761506276150628 0.03294117647058824
0 0.6725941422594143 0.6882352941176471 0.060669456066945605 0.023529411764705882
0 0.8263598326359832 0.6947058823529412 0.06694560669456066 0.03882352941176471
0 0.8870292887029289 0.6176470588235294 0.22594142259414227 0.04470588235294118
0 0.952928870292887 0.5794117647058824 0.056485355648535567 0.02
0 0.2290794979079498 0.5923529411764706 0.060669456066945605 0.04588235294117647
0 0.8472803347280334 0.5564705882352942 0.19665271966527198 0.03529411764705882
