0 0.13912133891213388 0.9394117647058824 0.07322175732217573 0.06941176470588235
0 0.0502092050209205 0.9429411764705883 0.100418410041841 0.10705882352941176
0 0.1788702928870293 0.8205882352941176 0.10669456066945607 0.07647058823529412
0 0.2112970711297071 0.7905882352941176 0.04184100418410042 0.042352941176470586
0 0.2792887029288703 0.7870588235294118 0.02301255230125523 0.06823529411764706
0 0.7322175732217573 0.7864705882352941 0.06694560669456066 0.0976470588235294
0 0.7186192468619247 0.6876470588235294 0.06485355648535565 0.09529411764705882
0 0.5648535564853556 0.5494117647058824 0.16736401673640167 0.05176470588235294
0 0.5627615062761506 0.5347058823529411 0.17154811715481172 0.04352941176470588
0 0.5617154811715481 0.5176470588235295 0.18200836820083682 0.04
0 0.3378661087866109 0.5047058823529412 0.0899581589958159 0.08470588235294117
0 0.24790794979079497 0.4958823529411765 0.043933054393305436 0.07411764705882352
0 0.20397489539748953 0.4147058823529412 0.027196652719665274 0.05529411764705883
0 0.9843096234309623 0.14588235294117646 0.03138075313807531 0.05176470588235294
0 0.09937238493723849 0.12352941176470589 0.043933054393305436 0.03058823529411765
0 0.029288702928870293 0.0976470588235294 0.058577405857740586 0.05411764705882353
0 0.22280334728033474 0.07941176470588235 0.08158995815899582 0.05764705882352941
0 0.11297071129707113 0.047058823529411764 0.02510460251046025 0.042352941176470586
0 0.08472803347280335 0.01 0.04811715481171548 0.02
