0 0.5 0.9550209205020921 1.0 0.0899581589958159
0 0.07134433962264151 0.8870292887029289 0.012971698113207548 0.12552301255230125
0 0.6709905660377359 0.7667364016736402 0.030660377358490566 0.05230125523012552
0 0.6975235849056604 0.7604602510460251 0.020047169811320754 0.04811715481171548
0 0.7505896226415094 0.7447698744769874 0.015330188679245283 0.0502092050209205
0 0.0047169811320754715 0.350418410041841 0.009433962264150943 0.15690376569037656
0 0.13089622641509435 0.28451882845188287 0.0330188679245283 0.08786610878661087
0 0.18278301886792453 0.3786610878661088 0.16037735849056603 0.3138075313807531
0 0.6326650943396226 0.12866108786610878 0.08136792452830188 0.08577405857740586
0 0.01768867924528302 0.09832635983263599 0.03537735849056604 0.13807531380753138
0 0.9168632075471698 0.03556485355648536 0.08372641509433962 0.07112970711297072
0 0.4428066037735849 0.021966527196652718 0.08844339622641509 0.043933054393305436
