0 0.09728033472803348 0.8829411764705882 0.19456066945606695 0.03176470588235294
0 0.3158995815899582 0.8817647058823529 0.058577405857740586 0.05529411764705883
0 0.5899581589958159 0.8658823529411764 0.29707112970711297 0.047058823529411764
0 0.9811715481171548 0.8458823529411764 0.03765690376569038 0.021176470588235293
0 0.5836820083682008 0.8423529411764706 0.21338912133891214 0.04
0 0.06799163179916318 0.5741176470588235 0.13598326359832635 0.05411764705882353
0 0.39748953974895396 0.5688235294117647 0.17573221757322174 0.05764705882352941
0 0.6537656903765691 0.5352941176470588 0.17782426778242677 0.07764705882352942
0 0.5962343096234309 0.44529411764705884 0.100418410041841 0.06235294117647059
0 0.48221757322175735 0.4476470588235294 0.08577405857740586 0.29764705882352943
0 0.7332635983263598 0.23 0.05230125523012552 0.05058823529411765
0 0.12343096234309624 0.02411764705882353 0.04602510460251046 0.04823529411764706
0 0.08263598326359832 0.02588235294117647 0.04811715481171548 0.05176470588235294
0 0.021966527196652718 0.028823529411764706 0.043933054393305436 0.05764705882352941
