0 0.8849372384937239 0.8958823529411765 0.06276150627615062 0.04352941176470588
0 0.4916317991631799 0.7170588235294117 0.0502092050209205 0.04823529411764706
0 0.4246861924686193 0.711764705882353 0.06694560669456066 0.047058823529411764
0 0.9372384937238494 0.7705882352941177 0.12552301255230125 0.17411764705882352
0 0.3692468619246862 0.7052941176470588 0.056485355648535567 0.04588235294117647
0 0.2928870292887029 0.6976470588235294 0.04602510460251046 0.047058823529411764
0 0.2217573221757322 0.69 0.05439330543933055 0.04352941176470588
0 0.1694560669456067 0.6852941176470588 0.0502092050209205 0.04588235294117647
0 0.09728033472803348 0.6788235294117647 0.027196652719665274 0.04
0 0.3587866108786611 0.6558823529411765 0.027196652719665274 0.02
0 0.04602510460251046 0.4964705882352941 0.09205020920502092 0.023529411764705882
0 0.9759414225941423 0.5517647058823529 0.04811715481171548 0.16941176470588235
0 0.5669456066945606 0.38294117647058823 0.13389121338912133 0.0811764705882353
0 0.2510460251046025 0.45529411764705885 0.2301255230125523 0.23294117647058823
0 0.7845188284518828 0.2817647058823529 0.11715481171548117 0.06
0 0.6809623430962343 0.26588235294117646 0.09832635983263599 0.04941176470588235
0 0.6914225941422594 0.21411764705882352 0.09414225941422594 0.04
0 0.9728033472803347 0.020588235294117647 0.05439330543933055 0.02235294117647059
0 0.8179916317991632 0.018823529411764704 0.12552301255230125 0.03764705882352941
0 0.029288702928870293 0.012352941176470587 0.058577405857740586 0.024705882352941175
