0 0.17573221757322174 0.9952941176470588 0.1799163179916318 0.009411764705882352
0 0.5083682008368201 0.74 0.2384937238493724 0.04941176470588235
0 0.5104602510460251 0.6905882352941176 0.22594142259414227 0.04941176470588235
0 0.7269874476987448 0.6323529411764706 0.18619246861924685 0.05058823529411765
0 0.49267782426778245 0.6041176470588235 0.0899581589958159 0.05764705882352941
0 0.5230125523012552 0.6023529411764705 0.2175732217573222 0.08
0 0.5910041841004184 0.4047058823529412 0.10251046025104603 0.03529411764705882
0 0.6600418410041841 0.4023529411764706 0.06485355648535565 0.03764705882352941
0 0.2730125523012552 0.34294117647058825 0.03556485355648536 0.03882352941176471
0 0.7552301255230126 0.2817647058823529 0.05439330543933055 0.03411764705882353
0 0.2290794979079498 0.2664705882352941 0.16527196652719664 0.041176470588235294
0 0.23326359832635984 0.22647058823529412 0.16527196652719664 0.041176470588235294
0 0.7949790794979079 0.22764705882352942 0.06694560669456066 0.06470588235294118
0 0.17677824267782427 0.18352941176470589 0.043933054393305436 0.03294117647058824
