0 0.24581589958158995 0.9794117647058823 0.027196652719665274 0.01764705882352941
0 0.20397489539748953 0.9752941176470589 0.027196652719665274 0.018823529411764704
0 0.40481171548117156 0.9741176470588235 0.06485355648535565 0.03294117647058824
0 0.7092050209205021 0.971764705882353 0.3305439330543933 0.05647058823529412
0 0.5010460251046025 0.9688235294117648 0.1192468619246862 0.06235294117647059
0 0.6537656903765691 0.8923529411764706 0.23221757322175732 0.05529411764705883
0 0.8242677824267782 0.8570588235294118 0.13807531380753138 0.024705882352941175
0 0.3713389121338912 0.7711764705882352 0.1903765690376569 0.041176470588235294
0 0.9801255230125523 0.5823529411764706 0.0397489539748954 0.0611764705882353
0 0.5125523012552301 0.42764705882352944 0.200836820083682 0.04352941176470588
0 0.9811715481171548 0.44058823529411767 0.03765690376569038 0.07411764705882352
0 0.6914225941422594 0.3423529411764706 0.5543933054393305 0.01647058823529412
0 0.8138075313807531 0.31823529411764706 0.08368200836820083 0.02235294117647059
0 0.12447698744769875 0.31882352941176473 0.2489539748953975 0.02823529411764706
0 0.399581589958159 0.2952941176470588 0.06276150627615062 0.018823529411764704
0 0.03556485355648536 0.25470588235294117 0.07112970711297072 0.02
0 0.9037656903765691 0.26705882352941174 0.19246861924686193 0.10352941176470588
0 0.4592050209205021 0.10882352941176471 0.04811715481171548 0.05058823529411765
0 0.34414225941422594 0.06 0.0397489539748954 0.04941176470588235
0 0.9225941422594143 0.051176470588235295 0.08368200836820083 0.10235294117647059
0 0.3389121338912134 0.01647058823529412 0.04184100418410042 0.03294117647058824
