0 0.6757322175732218 0.7894117647058824 0.07112970711297072 0.01647058823529412
0 0.4780334728033473 0.7547058823529412 0.2489539748953975 0.02
0 0.6213389121338913 0.7523529411764706 0.03347280334728033 0.02235294117647059
0 0.9665271966527197 0.7617647058823529 0.06694560669456066 0.06470588235294118
0 0.8985355648535565 0.6723529411764706 0.07322175732217573 0.036470588235294116
0 0.4769874476987448 0.5641176470588235 0.0502092050209205 0.03176470588235294
0 0.9497907949790795 0.5747058823529412 0.100418410041841 0.06
0 0.1684100418410042 0.3023529411764706 0.03556485355648536 0.042352941176470586
0 0.2730125523012552 0.28352941176470586 0.0899581589958159 0.04470588235294118
0 0.08158995815899582 0.23647058823529413 0.0794979079497908 0.02823529411764706
0 0.6976987447698745 0.17529411764705882 0.16527196652719664 0.03058823529411765
0 0.3023012552301255 0.15588235294117647 0.0397489539748954 0.01764705882352941
0 0.20188284518828453 0.14941176470588236 0.08577405857740586 0.021176470588235293
0 0.04602510460251046 0.14647058823529413 0.09205020920502092 0.03882352941176471
