0 0.02615062761506276 0.9776470588235294 0.05230125523012552 0.04470588235294118
0 0.42677824267782427 0.5958823529411764 0.3263598326359833 0.02235294117647059
0 0.3912133891213389 0.5829411764705882 0.25523012552301255 0.01764705882352941
0 0.952928870292887 0.5947058823529412 0.043933054393305436 0.05529411764705883
0 0.5585774058577406 0.4894117647058824 0.03765690376569038 0.02588235294117647
0 0.20292887029288703 0.46941176470588236 0.08368200836820083 0.023529411764705882
0 0.4905857740585774 0.46294117647058824 0.1694560669456067 0.029411764705882353
0 0.645397489539749 0.44882352941176473 0.12761506276150628 0.029411764705882353
0 0.33577405857740583 0.43 0.04811715481171548 0.027058823529411764
0 0.6359832635983264 0.4158823529411765 0.20502092050209206 0.06235294117647059
0 0.7228033472803347 0.3841176470588235 0.03138075313807531 0.024705882352941175
0 0.9717573221757322 0.38 0.056485355648535567 0.04941176470588235
0 0.32426778242677823 0.3552941176470588 0.07112970711297072 0.023529411764705882
0 0.15271966527196654 0.37058823529411766 0.1506276150627615 0.11529411764705882
0 0.9278242677824268 0.3035294117647059 0.03138075313807531 0.018823529411764704
0 0.5188284518828452 0.3023529411764706 0.10460251046025104 0.047058823529411764
0 0.6652719665271967 0.29470588235294115 0.08368200836820083 0.041176470588235294
0 0.4476987447698745 0.24588235294117647 0.05439330543933055 0.04470588235294118
0 0.5261506276150628 0.23 0.17364016736401675 0.06235294117647059
0 0.9497907949790795 0.16294117647058823 0.100418410041841 0.06235294117647059
0 0.9748953974895398 0.02823529411764706 0.0502092050209205 0.01411764705882353
