0 0.8294979079497908 0.8052941176470588 0.03556485355648536 0.13294117647058823
0 0.6192468619246861 0.6905882352941176 0.37656903765690375 0.03058823529411765
0 0.5585774058577406 0.6823529411764706 0.2928870292887029 0.018823529411764704
0 0.4372384937238494 0.44882352941176473 0.02092050209205021 0.02
0 0.37343096234309625 0.4194117647058824 0.02301255230125523 0.02
0 0.4571129707112971 0.41823529411764704 0.02301255230125523 0.02
0 0.5815899581589958 0.3841176470588235 0.02092050209205021 0.02
0 0.6359832635983264 0.3835294117647059 0.02092050209205021 0.021176470588235293
0 0.7656903765690377 0.38235294117647056 0.02092050209205021 0.021176470588235293
0 0.6631799163179917 0.29705882352941176 0.32217573221757323 0.0976470588235294
0 0.645397489539749 0.08470588235294117 0.05230125523012552 0.04470588235294118
0 0.9748953974895398 0.07470588235294118 0.016736401673640166 0.13294117647058823
0 0.8577405857740585 0.011764705882352941 0.14225941422594143 0.023529411764705882
0 0.21234309623430964 0.018235294117647058 0.4246861924686193 0.036470588235294116
