0 0.5 0.9372384937238494 1.0 0.029288702928870293
0 0.2959905660377358 0.8577405857740585 0.39858490566037735 0.012552301255230125
0 0.7959905660377359 0.8420502092050209 0.1320754716981132 0.010460251046025104
0 0.9758254716981132 0.7395397489539749 0.04834905660377359 0.12761506276150628
0 0.9380896226415094 0.5899581589958159 0.012971698113207548 0.100418410041841
0 0.0294811320754717 0.5073221757322176 0.02830188679245283 0.2698744769874477
0 0.6922169811320755 0.1705020920502092 0.025943396226415096 0.06485355648535565
0 0.8284198113207547 0.1684100418410042 0.09551886792452831 0.06485355648535565
0 0.7311320754716981 0.1694560669456067 0.08962264150943396 0.06694560669456066
0 0.6987028301886793 0.036610878661087864 0.02240566037735849 0.07322175732217573
