0 0.5951882845188284 0.8447058823529412 0.11506276150627615 0.02823529411764706
0 0.41841004184100417 0.6970588235294117 0.06276150627615062 0.05764705882352941
0 0.41841004184100417 0.6270588235294118 0.46443514644351463 0.02823529411764706
0 0.4393305439330544 0.4623529411764706 0.12552301255230125 0.02823529411764706
0 0.7604602510460251 0.3841176470588235 0.027196652719665274 0.029411764705882353
0 0.7280334728033473 0.3841176470588235 0.03347280334728033 0.029411764705882353
0 0.5669456066945606 0.3841176470588235 0.06276150627615062 0.029411764705882353
0 0.4435146443514644 0.3835294117647059 0.03347280334728033 0.02823529411764706
0 0.27824267782426776 0.38294117647058823 0.029288702928870293 0.027058823529411764
0 0.49372384937238495 0.43411764705882355 0.6276150627615062 0.15294117647058825
0 0.8127615062761506 0.1723529411764706 0.27405857740585776 0.08588235294117647
0 0.9142259414225942 0.15529411764705883 0.17154811715481172 0.05411764705882353
0 0.5397489539748954 0.12588235294117647 0.06694560669456066 0.04941176470588235
0 0.9152719665271967 0.11176470588235295 0.1694560669456067 0.04470588235294118
0 0.6213389121338913 0.07705882352941176 0.06276150627615062 0.027058823529411764
0 0.11610878661087866 0.04764705882352941 0.23221757322175732 0.010588235294117647
0 0.4790794979079498 0.04647058823529412 0.39748953974895396 0.04588235294117647
