0 0.7165271966527197 0.9458823529411765 0.043933054393305436 0.023529411764705882
0 0.2625523012552301 0.7488235294117647 0.06485355648535565 0.07647058823529412
0 0.944560669456067 0.7276470588235294 0.056485355648535567 0.08588235294117647
0 0.15690376569037656 0.6964705882352941 0.09205020920502092 0.23529411764705882
0 0.42887029288702927 0.5841176470588235 0.05439330543933055 0.036470588235294116
0 0.49267782426778245 0.5935294117647059 0.05230125523012552 0.05764705882352941
0 0.553347280334728 0.5929411764705882 0.06485355648535565 0.058823529411764705
0 0.29602510460251047 0.5329411764705883 0.043933054393305436 0.05647058823529412
0 0.3493723849372385 0.5305882352941177 0.04184100418410042 0.05647058823529412
0 0.45188284518828453 0.5288235294117647 0.016736401673640166 0.05764705882352941
0 0.5010460251046025 0.528235294117647 0.060669456066945605 0.058823529411764705
0 0.5596234309623431 0.5270588235294118 0.05230125523012552 0.058823529411764705
0 0.9571129707112971 0.48823529411764705 0.08577405857740586 0.08235294117647059
0 0.7782426778242678 0.34823529411764703 0.06694560669456066 0.03294117647058824
0 0.2290794979079498 0.35705882352941176 0.12343096234309624 0.05764705882352941
0 0.9518828451882845 0.3111764705882353 0.09623430962343096 0.03882352941176471
0 0.8326359832635983 0.3247058823529412 0.03765690376569038 0.11529411764705882
0 0.01778242677824268 0.2917647058823529 0.03556485355648536 0.0611764705882353
0 0.6684100418410042 0.23823529411764705 0.06903765690376569 0.04352941176470588
0 0.0397489539748954 0.23058823529411765 0.07531380753138076 0.02823529411764706
0 0.5805439330543933 0.23294117647058823 0.09832635983263599 0.042352941176470586
