0 0.9476987447698745 0.9764705882352941 0.10460251046025104 0.047058823529411764
0 0.34623430962343094 0.8247058823529412 0.03138075313807531 0.042352941176470586
0 0.4435146443514644 0.8223529411764706 0.04184100418410042 0.05411764705882353
0 0.5428870292887029 0.82 0.08577405857740586 0.09176470588235294
0 0.944560669456067 0.7941176470588235 0.10669456066945607 0.06352941176470588
0 0.9728033472803347 0.7635294117647059 0.05439330543933055 0.02823529411764706
0 0.852510460251046 0.7494117647058823 0.07322175732217573 0.03058823529411765
0 0.6161087866108786 0.7264705882352941 0.03138075313807531 0.01764705882352941
0 0.7594142259414226 0.7164705882352941 0.10460251046025104 0.042352941176470586
0 0.2824267782426778 0.7294117647058823 0.09623430962343096 0.08
0 0.7615062761506276 0.6058823529411764 0.11715481171548117 0.17411764705882352
0 0.28451882845188287 0.4335294117647059 0.06276150627615062 0.027058823529411764
0 0.0397489539748954 0.2994117647058824 0.0794979079497908 0.05764705882352941
0 0.9152719665271967 0.2858823529411765 0.1192468619246862 0.047058823529411764
0 0.9644351464435147 0.26294117647058823 0.07112970711297072 0.012941176470588235
0 0.29707112970711297 0.29294117647058826 0.07112970711297072 0.10352941176470588
0 0.801255230125523 0.23294117647058823 0.1297071129707113 0.04
0 0.3054393305439331 0.19058823529411764 0.07531380753138076 0.09647058823529411
0 0.3075313807531381 0.1411764705882353 0.06694560669456066 0.011764705882352941
0 0.29707112970711297 0.29294117647058826 0.11715481171548117 0.3247058823529412
0 0.47384937238493724 0.13294117647058823 0.09832635983263599 0.01647058823529412
0 0.7510460251046025 0.15588235294117647 0.13807531380753138 0.0811764705882353
0 0.47175732217573224 0.12117647058823529 0.060669456066945605 0.01411764705882353
0 0.38598326359832635 0.09647058823529411 0.05230125523012552 0.06352941176470588
0 0.1694560669456067 0.04941176470588235 0.04602510460251046 0.03529411764705882
0 0.3682008368200837 0.042352941176470586 0.029288702928870293 0.02823529411764706
0 0.41422594142259417 0.010588235294117647 0.07531380753138076 0.021176470588235293
