0 0.8274058577405857 0.5964705882352941 0.056485355648535567 0.04941176470588235
0 0.7196652719665272 0.601764705882353 0.1589958158995816 0.07411764705882352
0 0.9748953974895398 0.5711764705882353 0.0502092050209205 0.01764705882352941
0 0.702928870292887 0.5688235294117647 0.12133891213389121 0.03176470588235294
0 0.9267782426778243 0.5570588235294117 0.016736401673640166 0.10941176470588235
0 0.9811715481171548 0.40588235294117647 0.03765690376569038 0.06588235294117648
0 0.8964435146443515 0.1935294117647059 0.043933054393305436 0.04588235294117647
0 0.8096234309623431 0.18470588235294116 0.09623430962343096 0.04470588235294118
0 0.7949790794979079 0.08235294117647059 0.05439330543933055 0.06588235294117648
0 0.8002092050209205 0.019411764705882354 0.0899581589958159 0.02235294117647059
0 0.08368200836820083 0.03529411764705882 0.029288702928870293 0.05647058823529412
