0 0.9089958158995816 0.7 0.1694560669456067 0.01647058823529412
0 0.9780334728033473 0.61 0.043933054393305436 0.041176470588235294
0 0.7907949790794979 0.6041176470588235 0.058577405857740586 0.04352941176470588
0 0.9728033472803347 0.5735294117647058 0.05439330543933055 0.036470588235294116
0 0.18410041841004185 0.6747058823529412 0.016736401673640166 0.24352941176470588
0 0.8901673640167364 0.5723529411764706 0.07322175732217573 0.12352941176470589
0 0.6558577405857741 0.5076470588235295 0.10251046025104603 0.03176470588235294
0 0.8347280334728033 0.47823529411764704 0.1297071129707113 0.03176470588235294
0 0.28661087866108786 0.4641176470588235 0.07112970711297072 0.01764705882352941
0 0.02405857740585774 0.4864705882352941 0.04811715481171548 0.09294117647058824
0 0.09518828451882845 0.3588235294117647 0.1903765690376569 0.07294117647058823
0 0.8357740585774058 0.31411764705882356 0.0899581589958159 0.02588235294117647
0 0.5972803347280334 0.27705882352941175 0.1192468619246862 0.03176470588235294
0 0.4675732217573222 0.2711764705882353 0.12761506276150628 0.03176470588235294
0 0.9822175732217573 0.23941176470588235 0.03556485355648536 0.02235294117647059
0 0.9393305439330544 0.2011764705882353 0.1087866108786611 0.08941176470588236
0 0.8828451882845189 0.1635294117647059 0.100418410041841 0.04
0 0.9602510460251046 0.09529411764705882 0.0794979079497908 0.02588235294117647
