0 0.7570754716981132 0.9843096234309623 0.4858490566037736 0.03138075313807531
0 0.7482311320754716 0.9644351464435147 0.05306603773584906 0.03765690376569038
0 0.267688679245283 0.8776150627615062 0.02358490566037736 0.04811715481171548
0 0.2606132075471698 0.7154811715481172 0.018867924528301886 0.07112970711297072
0 0.2346698113207547 0.6924686192468619 0.02122641509433962 0.04184100418410042
0 0.2099056603773585 0.6338912133891214 0.05188679245283019 0.07531380753138076
0 0.022995283018867923 0.5617154811715481 0.045990566037735846 0.1192468619246862
0 0.42747641509433965 0.24372384937238495 0.3290094339622642 0.12761506276150628
0 0.008254716981132075 0.1589958158995816 0.01650943396226415 0.04602510460251046
0 0.8213443396226415 0.02615062761506276 0.07900943396226415 0.05230125523012552
