0 0.9079497907949791 0.6794117647058824 0.03347280334728033 0.024705882352941175
0 0.9633891213389121 0.6135294117647059 0.0397489539748954 0.041176470588235294
0 0.7301255230125523 0.5729411764705883 0.07112970711297072 0.08470588235294117
0 0.948744769874477 0.5452941176470588 0.10251046025104603 0.07176470588235294
0 0.1893305439330544 0.4164705882352941 0.3786610878661088 0.03294117647058824
0 0.14435146443514643 0.36823529411764705 0.1799163179916318 0.04941176470588235
0 0.02510460251046025 0.3564705882352941 0.0502092050209205 0.06823529411764706
0 0.0794979079497908 0.32235294117647056 0.1589958158995816 0.1011764705882353
0 0.09100418410041841 0.26588235294117646 0.18200836820083682 0.009411764705882352
0 0.48535564853556484 0.1976470588235294 0.05439330543933055 0.058823529411764705
0 0.7730125523012552 0.1423529411764706 0.04811715481171548 0.02588235294117647
0 0.7196652719665272 0.13352941176470587 0.09205020920502092 0.036470588235294116
0 0.8305439330543933 0.13529411764705881 0.0794979079497908 0.04941176470588235
