0 0.027122641509433963 0.9497907949790795 0.054245283018867926 0.09205020920502092
0 0.11438679245283019 0.9361924686192469 0.09433962264150944 0.09414225941422594
0 0.27240566037735847 0.606694560669456 0.04481132075471698 0.08368200836820083
0 0.6933962264150944 0.3190376569037657 0.07075471698113207 0.060669456066945605
0 0.6933962264150944 0.25732217573221755 0.07311320754716981 0.058577405857740586
0 0.018867924528301886 0.22594142259414227 0.03773584905660377 0.058577405857740586
0 0.057193396226415096 0.22384937238493724 0.03419811320754717 0.058577405857740586
0 0.09551886792452831 0.22071129707112971 0.03537735849056604 0.060669456066945605
0 0.13620283018867924 0.2186192468619247 0.03419811320754717 0.060669456066945605
0 0.17629716981132076 0.21548117154811716 0.036556603773584904 0.06276150627615062
0 0.2482311320754717 0.21234309623430964 0.031839622641509434 0.060669456066945605
0 0.22110849056603774 0.21234309623430964 0.020047169811320754 0.060669456066945605
0 0.28714622641509435 0.20920502092050208 0.041273584905660375 0.06276150627615062
0 0.35377358490566035 0.20502092050209206 0.009433962264150943 0.058577405857740586
0 0.33667452830188677 0.20502092050209206 0.020047169811320754 0.058577405857740586
0 0.31662735849056606 0.20606694560669456 0.01061320754716981 0.060669456066945605
0 0.3785377358490566 0.20292887029288703 0.030660377358490566 0.058577405857740586
0 0.6668632075471698 0.19874476987447698 0.020047169811320754 0.05439330543933055
0 0.12794811320754718 0.028242677824267783 0.04834905660377359 0.056485355648535567
0 0.014150943396226415 0.0198744769874477 0.02830188679245283 0.0397489539748954
