0 0.3200836820083682 0.951764705882353 0.1506276150627615 0.09647058823529411
0 0.1192468619246862 0.8741176470588236 0.07112970711297072 0.01647058823529412
0 0.6799163179916318 0.8341176470588235 0.07531380753138076 0.01647058823529412
0 0.1506276150627615 0.8435294117647059 0.1087866108786611 0.04470588235294118
0 0.7876569037656904 0.8235294117647058 0.056485355648535567 0.01647058823529412
0 0.5627615062761506 0.7829411764705883 0.07531380753138076 0.01764705882352941
0 0.8943514644351465 0.7770588235294118 0.03556485355648536 0.027058823529411764
0 0.8179916317991632 0.7776470588235294 0.1087866108786611 0.03294117647058824
0 0.011506276150627616 0.7564705882352941 0.02301255230125523 0.04
0 0.7803347280334728 0.5741176470588235 0.20502092050209206 0.11764705882352941
0 0.6694560669456067 0.5141176470588236 0.19246861924686193 0.05411764705882353
0 0.3294979079497908 0.4858823529411765 0.08158995815899582 0.05647058823529412
0 0.40481171548117156 0.4788235294117647 0.06903765690376569 0.05647058823529412
0 0.48430962343096234 0.4717647058823529 0.08158995815899582 0.05647058823529412
0 0.24581589958158995 0.48176470588235293 0.10251046025104603 0.08352941176470588
0 0.8064853556485355 0.44176470588235295 0.16108786610878661 0.05058823529411765
0 0.42677824267782427 0.42470588235294116 0.029288702928870293 0.021176470588235293
0 0.36610878661087864 0.4264705882352941 0.09205020920502092 0.03411764705882353
0 0.803347280334728 0.42176470588235293 0.19246861924686193 0.10470588235294118
0 0.6851464435146444 0.05529411764705883 0.02301255230125523 0.08470588235294117
0 0.7123430962343096 0.03 0.01882845188284519 0.06
