0 0.6780660377358491 0.9058577405857741 0.09669811320754718 0.058577405857740586
0 0.7494103773584906 0.8368200836820083 0.05070754716981132 0.02510460251046025
0 0.527122641509434 0.8326359832635983 0.07783018867924528 0.20502092050209206
0 0.9575471698113207 0.8106694560669456 0.08490566037735849 0.17364016736401675
0 0.03419811320754717 0.7154811715481172 0.06839622641509434 0.0794979079497908
0 0.6839622641509434 0.6861924686192469 0.2358490566037736 0.04602510460251046
0 0.8637971698113207 0.4895397489539749 0.05778301886792453 0.08786610878661087
0 0.9428066037735849 0.502092050209205 0.07193396226415094 0.14644351464435146
0 0.9917452830188679 0.36715481171548114 0.01650943396226415 0.0397489539748954
0 0.9327830188679245 0.2594142259414226 0.04481132075471698 0.04184100418410042
0 0.9752358490566038 0.3117154811715481 0.049528301886792456 0.18828451882845187
0 0.9162735849056604 0.22071129707112971 0.04009433962264151 0.043933054393305436
0 0.6945754716981132 0.20397489539748953 0.24056603773584906 0.03138075313807531
0 0.8555424528301887 0.19769874476987448 0.0294811320754717 0.060669456066945605
0 0.6002358490566038 0.151673640167364 0.04716981132075472 0.01882845188284519
0 0.6326650943396226 0.17154811715481172 0.11202830188679246 0.06694560669456066
0 0.7494103773584906 0.1684100418410042 0.11438679245283019 0.06485355648535565
0 0.07370283018867925 0.13284518828451883 0.08372641509433962 0.01882845188284519
0 0.5890330188679245 0.08158995815899582 0.09080188679245282 0.08786610878661087
0 0.6527122641509434 0.03765690376569038 0.02240566037735849 0.07531380753138076
0 0.4652122641509434 0.04811715481171548 0.09080188679245282 0.09623430962343096
0 0.28596698113207547 0.02405857740585774 0.02240566037735849 0.04811715481171548
