0 0.06276150627615062 0.9711764705882353 0.12552301255230125 0.05764705882352941
0 0.645397489539749 0.9405882352941176 0.07322175732217573 0.03411764705882353
0 0.22594142259414227 0.9429411764705883 0.100418410041841 0.03882352941176471
0 0.9069037656903766 0.8388235294117647 0.18619246861924685 0.047058823529411764
0 0.7437238493723849 0.7964705882352942 0.07740585774058577 0.15764705882352942
0 0.6736401673640168 0.8535294117647059 0.29707112970711297 0.29294117647058826
0 0.9037656903765691 0.7141176470588235 0.19246861924686193 0.08235294117647059
0 0.9152719665271967 0.6170588235294118 0.09414225941422594 0.027058823529411764
0 0.8336820083682008 0.5835294117647059 0.03138075313807531 0.09411764705882353
0 0.9089958158995816 0.4088235294117647 0.060669456066945605 0.1376470588235294
0 0.6506276150627615 0.26294117647058823 0.19665271966527198 0.05058823529411765
0 0.8451882845188284 0.23 0.02510460251046025 0.04588235294117647
0 0.6286610878661087 0.23941176470588235 0.19456066945606695 0.11411764705882353
0 0.9309623430962343 0.2111764705882353 0.13807531380753138 0.10470588235294118
0 0.9717573221757322 0.13117647058823528 0.056485355648535567 0.041176470588235294
0 0.9686192468619247 0.04823529411764706 0.06276150627615062 0.04941176470588235
