0 0.6098326359832636 0.9552941176470588 0.09832635983263599 0.08941176470588236
0 0.13807531380753138 0.951764705882353 0.18410041841004185 0.09647058823529411
0 0.9874476987447699 0.7382352941176471 0.02510460251046025 0.03882352941176471
0 0.6537656903765691 0.6670588235294118 0.2615062761506276 0.01411764705882353
0 0.448744769874477 0.5647058823529412 0.15271966527196654 0.03058823529411765
0 0.13807531380753138 0.5688235294117647 0.02510460251046025 0.05058823529411765
0 0.9675732217573222 0.5094117647058823 0.06485355648535565 0.021176470588235293
0 0.13702928870292888 0.4747058823529412 0.03138075313807531 0.036470588235294116
0 0.46443514644351463 0.19588235294117648 0.13807531380753138 0.03176470588235294
0 0.2688284518828452 0.1923529411764706 0.03556485355648536 0.029411764705882353
0 0.9780334728033473 0.19588235294117648 0.043933054393305436 0.23176470588235293
