0 0.2670990566037736 0.6328451882845189 0.045990566037735846 0.0899581589958159
0 0.28360849056603776 0.5606694560669456 0.06485849056603774 0.03347280334728033
0 0.7134433962264151 0.3608786610878661 0.07547169811320754 0.060669456066945605
0 0.7158018867924528 0.29707112970711297 0.07783018867924528 0.06276150627615062
0 0.01061320754716981 0.22698744769874477 0.02122641509433962 0.060669456066945605
0 0.044221698113207544 0.22698744769874477 0.036556603773584904 0.06485355648535565
0 0.38443396226415094 0.2217573221757322 0.0330188679245283 0.06276150627615062
0 0.3590801886792453 0.2217573221757322 0.008254716981132075 0.06276150627615062
0 0.3402122641509434 0.2217573221757322 0.020047169811320754 0.06276150627615062
0 0.31839622641509435 0.2217573221757322 0.009433962264150943 0.06276150627615062
0 0.28773584905660377 0.2217573221757322 0.04481132075471698 0.06276150627615062
0 0.24587264150943397 0.22280334728033474 0.03419811320754717 0.06485355648535565
0 0.21875 0.22280334728033474 0.020047169811320754 0.06485355648535565
0 0.1704009433962264 0.22384937238493724 0.03891509433962264 0.06694560669456066
0 0.12794811320754718 0.22280334728033474 0.036556603773584904 0.06485355648535565
0 0.08431603773584906 0.22384937238493724 0.036556603773584904 0.06694560669456066
0 0.125 0.03138075313807531 0.0589622641509434 0.06276150627615062
