0 0.5345188284518828 0.7129411764705882 0.1903765690376569 0.009411764705882352
0 0.8514644351464435 0.6847058823529412 0.0794979079497908 0.018823529411764704
0 0.4341004184100418 0.6747058823529412 0.08577405857740586 0.03176470588235294
0 0.9435146443514645 0.6658823529411765 0.09205020920502092 0.09647058823529411
0 0.9832635983263598 0.5247058823529411 0.03347280334728033 0.018823529411764704
0 0.9550209205020921 0.5570588235294117 0.0899581589958159 0.08352941176470588
0 0.9675732217573222 0.4894117647058824 0.06485355648535565 0.02588235294117647
0 0.7740585774058577 0.54 0.2301255230125523 0.14352941176470588
0 0.9780334728033473 0.4676470588235294 0.043933054393305436 0.02
0 0.34623430962343094 0.3523529411764706 0.6924686192468619 0.07176470588235294
0 0.7949790794979079 0.31470588235294117 0.19246861924686193 0.041176470588235294
0 0.6297071129707112 0.2964705882352941 0.3138075313807531 0.03058823529411765
0 0.18723849372384938 0.28058823529411764 0.20711297071129708 0.02235294117647059
0 0.8043933054393305 0.27294117647058824 0.06485355648535565 0.01411764705882353
0 0.6935146443514645 0.27588235294117647 0.07322175732217573 0.02
0 0.8807531380753139 0.27705882352941175 0.13389121338912133 0.024705882352941175
0 0.5418410041841004 0.2752941176470588 0.2510460251046025 0.021176470588235293
0 0.3922594142259414 0.22294117647058823 0.0899581589958159 0.01764705882352941
0 0.20397489539748953 0.23411764705882354 0.40794979079497906 0.08705882352941176
0 0.35564853556485354 0.16294117647058823 0.05439330543933055 0.01764705882352941
0 0.551255230125523 0.15411764705882353 0.2907949790794979 0.06352941176470588
0 0.399581589958159 0.09176470588235294 0.08368200836820083 0.01411764705882353
0 0.7552301255230126 0.0988235294117647 0.0502092050209205 0.05176470588235294
0 0.850418410041841 0.011764705882352941 0.1694560669456067 0.023529411764705882
0 0.10774058577405858 0.019411764705882354 0.21548117154811716 0.03882352941176471
