0 0.5 0.9895397489539749 1.0 0.02092050209205021
0 0.2623820754716981 0.9424686192468619 0.08372641509433962 0.043933054393305436
0 0.5188679245283019 0.8985355648535565 0.04245283018867924 0.06485355648535565
0 0.6933962264150944 0.8556485355648535 0.04245283018867924 0.06276150627615062
0 0.7830188679245284 0.8294979079497908 0.05188679245283019 0.06485355648535565
0 0.9669811320754716 0.7771966527196653 0.0660377358490566 0.0899581589958159
0 0.8325471698113207 0.6516736401673641 0.0660377358490566 0.12343096234309624
0 0.8926886792452831 0.5617154811715481 0.02122641509433962 0.0397489539748954
0 0.9669811320754716 0.5690376569037657 0.0660377358490566 0.1087866108786611
0 0.020636792452830188 0.3776150627615063 0.027122641509433963 0.06903765690376569
0 0.12028301886792453 0.4027196652719665 0.24056603773584906 0.13179916317991633
0 0.04893867924528302 0.3692468619246862 0.027122641509433963 0.07322175732217573
0 0.07606132075471699 0.3619246861924686 0.024764150943396228 0.07112970711297072
0 0.10495283018867925 0.35460251046025104 0.030660377358490566 0.07322175732217573
0 0.1332547169811321 0.3472803347280335 0.025943396226415096 0.07112970711297072
0 0.9339622641509434 0.32217573221757323 0.02830188679245283 0.029288702928870293
0 0.1544811320754717 0.34205020920502094 0.01650943396226415 0.06903765690376569
0 0.17806603773584906 0.3368200836820084 0.030660377358490566 0.07112970711297072
0 0.20577830188679244 0.3294979079497908 0.024764150943396228 0.06903765690376569
0 0.8997641509433962 0.3263598326359833 0.0330188679245283 0.0794979079497908
0 0.7724056603773585 0.19351464435146443 0.10613207547169812 0.0899581589958159
0 0.7676886792452831 0.16422594142259414 0.12735849056603774 0.1694560669456067
0 0.7647405660377359 0.1192468619246862 0.10495283018867925 0.08786610878661087
0 0.05365566037735849 0.058577405857740586 0.041273584905660375 0.02510460251046025
0 0.42806603773584906 0.02510460251046025 0.03773584905660377 0.0502092050209205
0 0.37971698113207547 0.038702928870292884 0.014150943396226415 0.07740585774058577
0 0.08254716981132075 0.01882845188284519 0.08018867924528301 0.03765690376569038
0 0.04834905660377359 0.0198744769874477 0.04009433962264151 0.0397489539748954
0 0.021816037735849055 0.08368200836820083 0.04363207547169811 0.16736401673640167
