0 0.8502358490566038 0.8734309623430963 0.06367924528301887 0.03556485355648536
0 0.5 0.9131799163179917 1.0 0.17364016736401675
0 0.43985849056603776 0.551255230125523 0.06132075471698113 0.1903765690376569
0 0.9392688679245284 0.3786610878661088 0.05778301886792453 0.029288702928870293
0 0.4994103773584906 0.3514644351464435 0.041273584905660375 0.06694560669456066
0 0.2954009433962264 0.3368200836820084 0.01768867924528302 0.0502092050209205
0 0.8826650943396226 0.3200836820083682 0.0294811320754717 0.03765690376569038
0 0.9233490566037735 0.3179916317991632 0.03537735849056604 0.04184100418410042
0 0.09905660377358491 0.2217573221757322 0.04481132075471698 0.029288702928870293
0 0.9722877358490566 0.1799163179916318 0.055424528301886794 0.03347280334728033
0 0.4858490566037736 0.20292887029288703 0.054245283018867926 0.1799163179916318
0 0.9375 0.08577405857740586 0.08726415094339622 0.0794979079497908
0 0.6650943396226415 0.02510460251046025 0.02830188679245283 0.04184100418410042
