0 0.6830543933054394 0.8541176470588235 0.07740585774058577 0.042352941176470586
0 0.03765690376569038 0.49470588235294116 0.07531380753138076 0.027058823529411764
0 0.5815899581589958 0.38823529411764707 0.07112970711297072 0.03764705882352941
0 0.8410041841004184 0.23941176470588235 0.0794979079497908 0.04352941176470588
0 0.7656903765690377 0.23588235294117646 0.0794979079497908 0.03882352941176471
0 0.301255230125523 0.21294117647058824 0.03347280334728033 0.021176470588235293
0 0.26673640167364016 0.21294117647058824 0.03138075313807531 0.021176470588235293
0 0.3713389121338912 0.21176470588235294 0.03556485355648536 0.021176470588235293
0 0.33472803347280333 0.21176470588235294 0.03347280334728033 0.021176470588235293
0 0.4110878661087866 0.21058823529411766 0.03138075313807531 0.021176470588235293
0 0.446652719665272 0.21 0.03138075313807531 0.02235294117647059
0 0.5094142259414226 0.2088235294117647 0.03138075313807531 0.02235294117647059
0 0.34623430962343094 0.17705882352941177 0.03138075313807531 0.02235294117647059
0 0.2918410041841004 0.1776470588235294 0.0397489539748954 0.023529411764705882
0 0.45083682008368203 0.17588235294117646 0.03138075313807531 0.02235294117647059
0 0.4131799163179916 0.17588235294117646 0.03138075313807531 0.02235294117647059
0 0.48640167364016734 0.17470588235294118 0.03556485355648536 0.02235294117647059
0 0.056485355648535567 0.0058823529411764705 0.11297071129707113 0.011764705882352941
