0 0.6035564853556485 0.9552941176470588 0.09832635983263599 0.08941176470588236
0 0.13284518828451883 0.951764705882353 0.18619246861924685 0.09647058823529411
0 0.9843096234309623 0.7388235294117647 0.03138075313807531 0.042352941176470586
0 0.6506276150627615 0.6623529411764706 0.26359832635983266 0.01411764705882353
0 0.46234309623430964 0.5588235294117647 0.12133891213389121 0.03058823529411765
0 0.13702928870292888 0.5647058823529412 0.027196652719665274 0.07529411764705882
0 0.9644351464435147 0.51 0.07112970711297072 0.02235294117647059
0 0.13702928870292888 0.4676470588235294 0.03138075313807531 0.036470588235294116
0 0.4686192468619247 0.19 0.13807531380753138 0.03176470588235294
0 0.2730125523012552 0.18529411764705883 0.03556485355648536 0.029411764705882353
0 0.9790794979079498 0.1888235294117647 0.04184100418410042 0.21294117647058824
0 0.8786610878661087 0.03529411764705882 0.14225941422594143 0.07058823529411765
0 0.7615062761506276 0.03235294117647059 0.1087866108786611 0.06470588235294118
