0 0.7635983263598326 0.9005882352941177 0.06694560669456066 0.12117647058823529
0 0.9225941422594143 0.7405882352941177 0.15481171548117154 0.04588235294117647
0 0.9288702928870293 0.6717647058823529 0.13389121338912133 0.03058823529411765
0 0.016736401673640166 0.6452941176470588 0.03347280334728033 0.027058823529411764
0 0.3127615062761506 0.5876470588235294 0.043933054393305436 0.10705882352941176
0 0.948744769874477 0.5141176470588236 0.10251046025104603 0.10352941176470588
0 0.6516736401673641 0.34705882352941175 0.09414225941422594 0.03529411764705882
0 0.2834728033472803 0.3205882352941177 0.09414225941422594 0.03411764705882353
0 0.1108786610878661 0.31823529411764706 0.09623430962343096 0.03411764705882353
0 0.8483263598326359 0.19823529411764707 0.303347280334728 0.10470588235294118
0 0.5 0.13411764705882354 1.0 0.02588235294117647
