0 0.9163179916317992 0.48764705882352943 0.03347280334728033 0.02
0 0.6997907949790795 0.43176470588235294 0.03556485355648536 0.03529411764705882
0 0.03347280334728033 0.43176470588235294 0.0502092050209205 0.10588235294117647
0 0.6830543933054394 0.3417647058823529 0.16527196652719664 0.04352941176470588
0 0.6192468619246861 0.30470588235294116 0.04184100418410042 0.03764705882352941
0 0.6788702928870293 0.3211764705882353 0.19456066945606695 0.1011764705882353
0 0.23640167364016737 0.2688235294117647 0.08786610878661087 0.027058823529411764
0 0.3410041841004184 0.2647058823529412 0.058577405857740586 0.02588235294117647
0 0.5387029288702929 0.2523529411764706 0.08158995815899582 0.04823529411764706
0 0.8200836820083682 0.12529411764705883 0.09623430962343096 0.17058823529411765
0 0.2939330543933054 0.020588235294117647 0.03138075313807531 0.041176470588235294
