0 0.6945754716981132 0.9644351464435147 0.02830188679245283 0.029288702928870293
0 0.6969339622641509 0.9288702928870293 0.02830188679245283 0.029288702928870293
0 0.8372641509433962 0.8817991631799164 0.025943396226415096 0.17364016736401675
0 0.18808962264150944 0.75418410041841 0.05306603773584906 0.0397489539748954
0 0.05483490566037736 0.7656903765690377 0.060141509433962265 0.06694560669456066
0 0.007075471698113208 0.7207112970711297 0.014150943396226415 0.09414225941422594
0 0.13561320754716982 0.6903765690376569 0.07311320754716981 0.0794979079497908
0 0.8036556603773585 0.6757322175732218 0.02240566037735849 0.0794979079497908
0 0.8095518867924528 0.5794979079497908 0.024764150943396228 0.0794979079497908
0 0.10731132075471699 0.5292887029288703 0.0589622641509434 0.07531380753138076
0 0.6020047169811321 0.4393305439330544 0.027122641509433963 0.05439330543933055
0 0.5902122641509434 0.20920502092050208 0.1474056603773585 0.100418410041841
0 0.44752358490566035 0.24790794979079497 0.041273584905660375 0.17782426778242677
0 0.41450471698113206 0.23535564853556484 0.03419811320754717 0.17364016736401675
0 0.2340801886792453 0.14539748953974896 0.027122641509433963 0.060669456066945605
0 0.4545990566037736 0.13493723849372385 0.06721698113207547 0.043933054393305436
0 0.8378537735849056 0.17154811715481172 0.015330188679245283 0.12552301255230125
0 0.19870283018867924 0.10355648535564854 0.03891509433962264 0.06485355648535565
0 0.27004716981132076 0.06799163179916318 0.08018867924528301 0.060669456066945605
0 0.6073113207547169 0.08054393305439331 0.08254716981132075 0.10251046025104603
0 0.6662735849056604 0.09309623430962342 0.049528301886792456 0.1401673640167364
0 0.36615566037735847 0.0397489539748954 0.02240566037735849 0.03347280334728033
0 0.5949292452830188 0.013598326359832637 0.11674528301886793 0.027196652719665274
