0 0.5200471698113207 0.9194560669456067 0.22877358490566038 0.14853556485355648
0 0.9174528301886793 0.8169456066945606 0.06132075471698113 0.04811715481171548
0 0.7417452830188679 0.7311715481171548 0.08490566037735849 0.03556485355648536
0 0.9127358490566038 0.6380753138075314 0.125 0.13389121338912133
0 0.2954009433962264 0.45083682008368203 0.07429245283018868 0.05230125523012552
0 0.9245283018867925 0.41841004184100417 0.1509433962264151 0.17154811715481172
0 0.7954009433962265 0.2405857740585774 0.0294811320754717 0.058577405857740586
0 0.7712264150943396 0.17573221757322174 0.07547169811320754 0.058577405857740586
0 0.9321933962264151 0.12133891213389121 0.13561320754716982 0.07112970711297072
0 0.7405660377358491 0.1108786610878661 0.018867924528301886 0.0502092050209205
0 0.7099056603773585 0.021966527196652718 0.10613207547169812 0.043933054393305436
0 0.07488207547169812 0.03138075313807531 0.04363207547169811 0.06276150627615062
