0 0.03138075313807531 0.9905882352941177 0.06276150627615062 0.018823529411764704
0 0.8817991631799164 0.8229411764705883 0.09414225941422594 0.03411764705882353
0 0.8828451882845189 0.7876470588235294 0.1506276150627615 0.036470588235294116
0 0.899581589958159 0.7382352941176471 0.08786610878661087 0.03176470588235294
0 0.893305439330544 0.6129411764705882 0.1297071129707113 0.09411764705882353
0 0.05753138075313807 0.6011764705882353 0.11506276150627615 0.09647058823529411
0 0.20292887029288703 0.5023529411764706 0.0502092050209205 0.018823529411764704
0 0.9194560669456067 0.4752941176470588 0.16108786610878661 0.03294117647058824
0 0.9497907949790795 0.4576470588235294 0.100418410041841 0.01647058823529412
0 0.3912133891213389 0.4435294117647059 0.05439330543933055 0.11058823529411765
0 0.4780334728033473 0.43823529411764706 0.06903765690376569 0.1188235294117647
0 0.6725941422594143 0.4164705882352941 0.11506276150627615 0.10823529411764705
0 0.2301255230125523 0.42411764705882354 0.09205020920502092 0.1423529411764706
0 0.08682008368200837 0.3635294117647059 0.17364016736401675 0.03294117647058824
0 0.8692468619246861 0.3123529411764706 0.03138075313807531 0.04823529411764706
0 0.9424686192468619 0.3264705882352941 0.11506276150627615 0.08588235294117647
0 0.14748953974895398 0.30117647058823527 0.08158995815899582 0.04470588235294118
0 0.01778242677824268 0.2852941176470588 0.03556485355648536 0.024705882352941175
0 0.6997907949790795 0.2635294117647059 0.17782426778242677 0.06823529411764706
0 0.5575313807531381 0.04294117647058823 0.19874476987447698 0.04352941176470588
