0 0.7855648535564853 0.89 0.07740585774058577 0.06235294117647059
0 0.4194560669456067 0.5829411764705882 0.2405857740585774 0.05058823529411765
0 0.9623430962343096 0.5594117647058824 0.06694560669456066 0.024705882352941175
0 0.6119246861924686 0.5417647058823529 0.07322175732217573 0.02235294117647059
0 0.9361924686192469 0.5164705882352941 0.12761506276150628 0.07294117647058823
0 0.47175732217573224 0.38235294117647056 0.1694560669456067 0.018823529411764704
0 0.6014644351464435 0.3776470588235294 0.0899581589958159 0.011764705882352941
0 0.3064853556485356 0.34411764705882353 0.060669456066945605 0.04588235294117647
0 0.42573221757322177 0.34058823529411764 0.01882845188284519 0.04352941176470588
0 0.3786610878661088 0.3411764705882353 0.058577405857740586 0.04470588235294118
0 0.6976987447698745 0.3382352941176471 0.0397489539748954 0.04352941176470588
0 0.6506276150627615 0.3382352941176471 0.04184100418410042 0.04352941176470588
0 0.602510460251046 0.3376470588235294 0.04184100418410042 0.042352941176470586
0 0.5449790794979079 0.3382352941176471 0.05230125523012552 0.04352941176470588
0 0.4790794979079498 0.3388235294117647 0.06694560669456066 0.04470588235294118
0 0.5523012552301255 0.2923529411764706 0.12552301255230125 0.027058823529411764
0 0.948744769874477 0.2876470588235294 0.10251046025104603 0.0811764705882353
0 0.9560669456066946 0.2288235294117647 0.08786610878661087 0.01764705882352941
0 0.35669456066945604 0.22294117647058823 0.09414225941422594 0.06235294117647059
0 0.6317991631799164 0.21941176470588236 0.07531380753138076 0.05764705882352941
0 0.5292887029288703 0.21235294117647058 0.02092050209205021 0.04588235294117647
0 0.4330543933054393 0.21058823529411766 0.07112970711297072 0.058823529411764705
0 0.4905857740585774 0.20705882352941177 0.027196652719665274 0.05647058823529412
0 0.2709205020920502 0.21941176470588236 0.06903765690376569 0.11176470588235295
0 0.03347280334728033 0.14411764705882352 0.06694560669456066 0.07411764705882352
0 0.8702928870292888 0.007647058823529412 0.0502092050209205 0.015294117647058824
