0 0.6739386792452831 0.948744769874477 0.09551886792452831 0.060669456066945605
0 0.5371462264150944 0.9257322175732218 0.055424528301886794 0.1108786610878661
0 0.6656839622641509 0.8629707112970711 0.23231132075471697 0.043933054393305436
0 0.9534198113207547 0.8483263598326359 0.07193396226415094 0.15690376569037656
0 0.7859669811320755 0.7646443514644351 0.060141509433962265 0.056485355648535567
0 0.8042452830188679 0.7123430962343096 0.01650943396226415 0.043933054393305436
0 0.6939858490566038 0.696652719665272 0.01768867924528302 0.03347280334728033
0 0.5943396226415094 0.7071129707112971 0.049528301886792456 0.10460251046025104
0 0.036556603773584904 0.6286610878661087 0.049528301886792456 0.08158995815899582
0 0.7004716981132075 0.5983263598326359 0.02358490566037736 0.06276150627615062
0 0.6957547169811321 0.6569037656903766 0.09433962264150944 0.2175732217573222
0 0.9316037735849056 0.5763598326359832 0.06839622641509434 0.06903765690376569
0 0.785377358490566 0.641213389121339 0.08490566037735849 0.20711297071129708
0 0.6020047169811321 0.5951882845188284 0.05070754716981132 0.1192468619246862
0 0.8626179245283019 0.5449790794979079 0.027122641509433963 0.06485355648535565
0 0.2028301886792453 0.5721757322175732 0.09669811320754718 0.14853556485355648
0 0.4257075471698113 0.5543933054393305 0.03773584905660377 0.17154811715481172
0 0.26297169811320753 0.4780334728033473 0.09669811320754718 0.09414225941422594
0 0.7682783018867925 0.4361924686192469 0.12382075471698113 0.08158995815899582
0 0.6409198113207547 0.4215481171548117 0.1214622641509434 0.08158995815899582
0 0.08608490566037735 0.47594142259414224 0.1721698113207547 0.2196652719665272
0 0.9852594339622641 0.3776150627615063 0.0294811320754717 0.0899581589958159
0 0.9139150943396226 0.3075313807531381 0.03773584905660377 0.03347280334728033
0 0.12205188679245282 0.25523012552301255 0.1615566037735849 0.04184100418410042
0 0.8378537735849056 0.24686192468619247 0.024764150943396228 0.05439330543933055
0 0.9681603773584906 0.3179916317991632 0.06367924528301887 0.2301255230125523
0 0.03891509433962264 0.21443514644351463 0.07783018867924528 0.027196652719665274
0 0.5218160377358491 0.19456066945606695 0.02240566037735849 0.06276150627615062
0 0.5807783018867925 0.14958158995815898 0.07429245283018868 0.06485355648535565
0 0.4386792452830189 0.1297071129707113 0.0330188679245283 0.0502092050209205
0 0.2818396226415094 0.08158995815899582 0.02122641509433962 0.05439330543933055
0 0.31898584905660377 0.038702928870292884 0.1332547169811321 0.07740585774058577
0 0.22228773584905662 0.04184100418410042 0.10966981132075472 0.08368200836820083
0 0.05306603773584906 0.016736401673640166 0.05188679245283019 0.03347280334728033
