0 0.25523012552301255 0.8911764705882353 0.19246861924686193 0.01764705882352941
0 0.1600418410041841 0.8323529411764706 0.03138075313807531 0.11176470588235295
0 0.8357740585774058 0.8094117647058824 0.15690376569037656 0.09647058823529411
0 0.700836820083682 0.7005882352941176 0.0794979079497908 0.11647058823529412
0 0.14958158995815898 0.6988235294117647 0.02301255230125523 0.11294117647058824
0 0.6882845188284519 0.7652941176470588 0.0794979079497908 0.24823529411764705
0 0.850418410041841 0.6829411764705883 0.15271966527196654 0.12588235294117647
0 0.7018828451882845 0.5417647058823529 0.043933054393305436 0.024705882352941175
0 0.75 0.7082352941176471 0.04811715481171548 0.3788235294117647
0 0.34414225941422594 0.5488235294117647 0.12343096234309624 0.08352941176470588
0 0.26778242677824265 0.4747058823529412 0.07531380753138076 0.027058823529411764
0 0.8284518828451883 0.44529411764705884 0.04184100418410042 0.027058823529411764
0 0.3138075313807531 0.43823529411764706 0.03765690376569038 0.02235294117647059
0 0.29707112970711297 0.45941176470588235 0.06694560669456066 0.09529411764705882
0 0.3389121338912134 0.40705882352941175 0.0502092050209205 0.03294117647058824
0 0.9769874476987448 0.37 0.04602510460251046 0.02235294117647059
0 0.1997907949790795 0.41294117647058826 0.07740585774058577 0.11058823529411765
0 0.1412133891213389 0.4147058823529412 0.01882845188284519 0.18705882352941178
0 0.2489539748953975 0.35058823529411764 0.17154811715481172 0.08941176470588236
0 0.9518828451882845 0.29764705882352943 0.09623430962343096 0.07764705882352942
0 0.056485355648535567 0.20529411764705882 0.11297071129707113 0.10941176470588235
0 0.05230125523012552 0.10823529411764705 0.10460251046025104 0.07294117647058823
