0 0.01882845188284519 0.7841176470588235 0.03765690376569038 0.06705882352941177
0 0.14853556485355648 0.7735294117647059 0.11297071129707113 0.05529411764705883
0 0.15481171548117154 0.721764705882353 0.12133891213389121 0.05058823529411765
0 0.9518828451882845 0.5305882352941177 0.09623430962343096 0.04
0 0.34205020920502094 0.4470588235294118 0.17364016736401675 0.05411764705882353
0 0.899581589958159 0.43117647058823527 0.029288702928870293 0.05058823529411765
0 0.200836820083682 0.4147058823529412 0.26359832635983266 0.03411764705882353
0 0.7364016736401674 0.33 0.1589958158995816 0.04352941176470588
0 0.6725941422594143 0.2994117647058824 0.0397489539748954 0.03411764705882353
0 0.8859832635983264 0.2664705882352941 0.09832635983263599 0.07411764705882352
0 0.9832635983263598 0.10529411764705883 0.03347280334728033 0.024705882352941175
0 0.9623430962343096 0.06352941176470588 0.07531380753138076 0.023529411764705882
0 0.4581589958158996 0.041176470588235294 0.100418410041841 0.01411764705882353
0 0.1893305439330544 0.05235294117647059 0.2615062761506276 0.03882352941176471
0 0.9801255230125523 0.009411764705882352 0.0397489539748954 0.018823529411764704
