0 0.7845188284518828 0.91 0.08786610878661087 0.09294117647058824
0 0.4372384937238494 0.5841176470588235 0.24686192468619247 0.05058823529411765
0 0.9612970711297071 0.5541176470588235 0.06903765690376569 0.02823529411764706
0 0.6297071129707112 0.5464705882352942 0.07531380753138076 0.02235294117647059
0 0.9435146443514645 0.518235294117647 0.11297071129707113 0.06
0 0.5345188284518828 0.3811764705882353 0.26569037656903766 0.023529411764705882
0 0.6767782426778243 0.3423529411764706 0.043933054393305436 0.04470588235294118
0 0.33158995815899583 0.34294117647058825 0.060669456066945605 0.04588235294117647
0 0.6276150627615062 0.3411764705882353 0.04184100418410042 0.04470588235294118
0 0.5711297071129707 0.3411764705882353 0.0502092050209205 0.04470588235294118
0 0.45083682008368203 0.3411764705882353 0.01882845188284519 0.04470588235294118
0 0.401673640167364 0.3411764705882353 0.06276150627615062 0.04470588235294118
0 0.5031380753138075 0.34058823529411764 0.06903765690376569 0.04588235294117647
0 0.9654811715481172 0.30823529411764705 0.06903765690376569 0.023529411764705882
0 0.4006276150627615 0.2958823529411765 0.03556485355648536 0.027058823529411764
0 0.5805439330543933 0.2952941176470588 0.12761506276150628 0.02823529411764706
0 0.9686192468619247 0.2641176470588235 0.06276150627615062 0.052941176470588235
0 0.9748953974895398 0.2235294117647059 0.0502092050209205 0.01411764705882353
0 0.6527196652719666 0.23 0.05439330543933055 0.03882352941176471
0 0.38702928870292885 0.2223529411764706 0.09205020920502092 0.06352941176470588
0 0.5606694560669456 0.21294117647058824 0.02510460251046025 0.04941176470588235
0 0.46443514644351463 0.2111764705882353 0.06694560669456066 0.06
0 0.5209205020920502 0.20823529411764705 0.02510460251046025 0.05647058823529412
0 0.3169456066945607 0.21235294117647058 0.09414225941422594 0.11647058823529412
0 0.0502092050209205 0.1376470588235294 0.100418410041841 0.07529411764705882
