0 0.5 0.9612970711297071 1.0 0.07740585774058577
0 0.11143867924528301 0.9456066945606695 0.06485849056603774 0.05439330543933055
0 0.25471698113207547 0.643305439330544 0.04481132075471698 0.08577405857740586
0 0.2706367924528302 0.5711297071129707 0.06485849056603774 0.03347280334728033
0 0.7051886792452831 0.35460251046025104 0.08018867924528301 0.06485355648535565
0 0.6892688679245284 0.2918410041841004 0.05070754716981132 0.060669456066945605
0 0.7299528301886793 0.28765690376569036 0.03537735849056604 0.060669456066945605
0 0.01179245283018868 0.25313807531380755 0.014150943396226415 0.058577405857740586
0 0.0347877358490566 0.2510460251046025 0.027122641509433963 0.058577405857740586
0 0.11733490566037735 0.24581589958158995 0.03419811320754717 0.060669456066945605
0 0.08018867924528301 0.24581589958158995 0.025943396226415096 0.060669456066945605
0 0.16096698113207547 0.24372384937238495 0.0294811320754717 0.060669456066945605
0 0.22995283018867924 0.2384937238493724 0.0330188679245283 0.06276150627615062
0 0.2028301886792453 0.2384937238493724 0.02122641509433962 0.06276150627615062
0 0.27004716981132076 0.23535564853556484 0.04245283018867924 0.06485355648535565
0 0.32134433962264153 0.23117154811715482 0.020047169811320754 0.060669456066945605
0 0.3001179245283019 0.23221757322175732 0.01061320754716981 0.06276150627615062
0 0.6780660377358491 0.2175732217573222 0.018867924528301886 0.03765690376569038
0 0.36497641509433965 0.2301255230125523 0.031839622641509434 0.06276150627615062
0 0.33962264150943394 0.2301255230125523 0.009433962264150943 0.06276150627615062
0 0.12853773584905662 0.06485355648535565 0.13443396226415094 0.1297071129707113
0 0.07134433962264151 0.02405857740585774 0.07665094339622641 0.04811715481171548
