0 0.7384937238493724 0.8588235294117647 0.14225941422594143 0.0988235294117647
0 0.1600418410041841 0.7870588235294118 0.1108786610878661 0.08
0 0.8106694560669456 0.7923529411764706 0.0397489539748954 0.09529411764705882
0 0.04811715481171548 0.7623529411764706 0.09623430962343096 0.05411764705882353
0 0.696652719665272 0.7835294117647059 0.1506276150627615 0.10823529411764705
0 0.26778242677824265 0.5770588235294117 0.0502092050209205 0.052941176470588235
0 0.553347280334728 0.5576470588235294 0.043933054393305436 0.047058823529411764
0 0.36610878661087864 0.5629411764705883 0.1297071129707113 0.06
0 0.48430962343096234 0.5570588235294117 0.10251046025104603 0.05764705882352941
0 0.5983263598326359 0.5447058823529412 0.029288702928870293 0.042352941176470586
0 0.17677824267782427 0.5729411764705883 0.14435146443514643 0.1011764705882353
0 0.6485355648535565 0.5423529411764706 0.08368200836820083 0.05647058823529412
0 0.16108786610878661 0.5217647058823529 0.13807531380753138 0.03411764705882353
0 0.100418410041841 0.49529411764705883 0.17154811715481172 0.01647058823529412
0 0.6297071129707112 0.4776470588235294 0.2594142259414226 0.007058823529411765
0 0.20292887029288703 0.3411764705882353 0.40585774058577406 0.018823529411764704
0 0.5596234309623431 0.33 0.303347280334728 0.029411764705882353
0 0.2698744769874477 0.31176470588235294 0.05439330543933055 0.04941176470588235
0 0.19874476987447698 0.3111764705882353 0.058577405857740586 0.05058823529411765
0 0.33263598326359833 0.30941176470588233 0.05439330543933055 0.04941176470588235
0 0.1307531380753138 0.30823529411764705 0.05230125523012552 0.04941176470588235
0 0.45188284518828453 0.30411764705882355 0.058577405857740586 0.05058823529411765
0 0.8085774058577406 0.24176470588235294 0.16108786610878661 0.041176470588235294
0 0.895397489539749 0.23647058823529413 0.07531380753138076 0.04
0 0.5878661087866108 0.05823529411764706 0.09623430962343096 0.05058823529411765
0 0.4665271966527197 0.024705882352941175 0.10460251046025104 0.04941176470588235
