0 0.4225941422594142 0.8129411764705883 0.06694560669456066 0.02823529411764706
0 0.5690376569037657 0.8170588235294117 0.11715481171548117 0.05764705882352941
0 0.4372384937238494 0.798235294117647 0.04602510460251046 0.02
0 0.6265690376569037 0.7605882352941177 0.07740585774058577 0.02235294117647059
0 0.46234309623430964 0.7641176470588236 0.04602510460251046 0.04352941176470588
0 0.6997907949790795 0.6958823529411765 0.14435146443514643 0.09058823529411765
0 0.6234309623430963 0.6588235294117647 0.03347280334728033 0.04470588235294118
0 0.6882845188284519 0.5476470588235294 0.1297071129707113 0.16823529411764707
0 0.30857740585774057 0.22294117647058823 0.043933054393305436 0.036470588235294116
0 0.5585774058577406 0.21529411764705883 0.1799163179916318 0.04
0 0.9309623430962343 0.19411764705882353 0.06276150627615062 0.04941176470588235
0 0.9560669456066946 0.12764705882352942 0.029288702928870293 0.05058823529411765
0 0.13179916317991633 0.11176470588235295 0.07531380753138076 0.0611764705882353
0 0.5951882845188284 0.09117647058823529 0.08158995815899582 0.14470588235294118
0 0.06380753138075314 0.0058823529411764705 0.04811715481171548 0.011764705882352941
