0 0.09728033472803348 0.8829411764705882 0.19456066945606695 0.03176470588235294
0 0.3148535564853556 0.8817647058823529 0.056485355648535567 0.05529411764705883
0 0.5899581589958159 0.8664705882352941 0.29707112970711297 0.04823529411764706
0 0.9811715481171548 0.8464705882352941 0.03765690376569038 0.02235294117647059
0 0.5836820083682008 0.8423529411764706 0.21338912133891214 0.04
0 0.06694560669456066 0.5735294117647058 0.13389121338912133 0.052941176470588235
0 0.3880753138075314 0.5694117647058824 0.19456066945606695 0.05647058823529412
0 0.6516736401673641 0.5347058823529411 0.17782426778242677 0.07882352941176471
0 0.5962343096234309 0.44529411764705884 0.100418410041841 0.06235294117647059
0 0.4780334728033473 0.4323529411764706 0.09414225941422594 0.32588235294117646
0 0.7332635983263598 0.23 0.05230125523012552 0.05058823529411765
0 0.12238493723849372 0.02411764705882353 0.043933054393305436 0.04823529411764706
0 0.08158995815899582 0.02588235294117647 0.04602510460251046 0.05176470588235294
0 0.02092050209205021 0.02823529411764706 0.04184100418410042 0.05647058823529412
