0 0.6192468619246861 0.9858823529411764 0.2217573221757322 0.02823529411764706
0 0.14853556485355648 0.9782352941176471 0.18828451882845187 0.04352941176470588
0 0.2792887029288703 0.8552941176470589 0.04811715481171548 0.06352941176470588
0 0.5711297071129707 0.7588235294117647 0.029288702928870293 0.01647058823529412
0 0.6338912133891214 0.7282352941176471 0.029288702928870293 0.01647058823529412
0 0.5753138075313807 0.7258823529411764 0.029288702928870293 0.01647058823529412
0 0.7656903765690377 0.6041176470588235 0.0502092050209205 0.02235294117647059
0 0.20711297071129708 0.6005882352941176 0.38493723849372385 0.015294117647058824
0 0.5575313807531381 0.5782352941176471 0.07740585774058577 0.027058823529411764
0 0.7907949790794979 0.558235294117647 0.2594142259414226 0.06941176470588235
0 0.8085774058577406 0.5235294117647059 0.14435146443514643 0.03058823529411765
0 0.5606694560669456 0.548235294117647 0.17154811715481172 0.09647058823529411
0 0.5585774058577406 0.5417647058823529 0.2384937238493724 0.1188235294117647
0 0.9152719665271967 0.28705882352941176 0.1694560669456067 0.06352941176470588
0 0.6694560669456067 0.29058823529411765 0.14644351464435146 0.08470588235294117
0 0.2813807531380753 0.24764705882352941 0.0397489539748954 0.03882352941176471
0 0.3797071129707113 0.23823529411764705 0.1401673640167364 0.06235294117647059
0 0.7918410041841004 0.17529411764705882 0.03138075313807531 0.02588235294117647
0 0.23535564853556484 0.16058823529411764 0.17782426778242677 0.04352941176470588
0 0.2384937238493724 0.11705882352941177 0.1799163179916318 0.04588235294117647
0 0.8535564853556485 0.12 0.06694560669456066 0.07764705882352942
0 0.17782426778242677 0.07058823529411765 0.0502092050209205 0.03764705882352941
