0 0.7050209205020921 0.7294117647058823 0.029288702928870293 0.03294117647058824
0 0.9225941422594143 0.5394117647058824 0.15481171548117154 0.06
0 0.5376569037656904 0.49823529411764705 0.08368200836820083 0.04588235294117647
0 0.3472803347280335 0.46058823529411763 0.08368200836820083 0.06470588235294118
0 0.553347280334728 0.3941176470588235 0.2824267782426778 0.058823529411764705
0 0.36506276150627615 0.38 0.09832635983263599 0.058823529411764705
0 0.895397489539749 0.2823529411764706 0.07531380753138076 0.05176470588235294
0 0.895397489539749 0.12764705882352942 0.08368200836820083 0.06705882352941177
0 0.39539748953974896 0.07 0.10460251046025104 0.10941176470588235
0 0.04184100418410042 0.020588235294117647 0.08368200836820083 0.041176470588235294
