0 0.6182008368200836 0.9864705882352941 0.2196652719665272 0.027058823529411764
0 0.14958158995815898 0.9782352941176471 0.18619246861924685 0.04352941176470588
0 0.28661087866108786 0.8558823529411764 0.04184100418410042 0.06470588235294118
0 0.5753138075313807 0.76 0.029288702928870293 0.01647058823529412
0 0.6359832635983264 0.73 0.029288702928870293 0.015294117647058824
0 0.5794979079497908 0.7276470588235294 0.029288702928870293 0.015294117647058824
0 0.2102510460251046 0.601764705882353 0.38702928870292885 0.015294117647058824
0 0.7928870292887029 0.5523529411764706 0.25523012552301255 0.08352941176470588
0 0.5460251046025104 0.5505882352941176 0.13389121338912133 0.09647058823529411
0 0.5627615062761506 0.5258823529411765 0.2384937238493724 0.08235294117647059
0 0.9184100418410042 0.2888235294117647 0.16317991631799164 0.06470588235294118
0 0.6715481171548117 0.2923529411764706 0.14225941422594143 0.08352941176470588
0 0.35460251046025104 0.2523529411764706 0.08158995815899582 0.036470588235294116
0 0.28556485355648537 0.2488235294117647 0.0397489539748954 0.03882352941176471
0 0.7960251046025104 0.1776470588235294 0.03138075313807531 0.02588235294117647
0 0.8357740585774058 0.14294117647058824 0.03138075313807531 0.02235294117647059
0 0.8577405857740585 0.1223529411764706 0.06694560669456066 0.07764705882352942
