0 0.05230125523012552 0.9470588235294117 0.10460251046025104 0.10588235294117647
0 0.16108786610878661 0.9211764705882353 0.11715481171548117 0.11058823529411765
0 0.6851464435146444 0.8111764705882353 0.027196652719665274 0.027058823529411764
0 0.1788702928870293 0.8170588235294117 0.09414225941422594 0.08823529411764706
0 0.2688284518828452 0.7947058823529412 0.02301255230125523 0.06941176470588235
0 0.7416317991631799 0.8041176470588235 0.06903765690376569 0.1
0 0.7322175732217573 0.7005882352941176 0.06694560669456066 0.0976470588235294
0 0.5460251046025104 0.58 0.100418410041841 0.03764705882352941
0 0.5303347280334728 0.5476470588235294 0.0899581589958159 0.027058823529411764
0 0.5763598326359832 0.5564705882352942 0.17364016736401675 0.04941176470588235
0 0.6182008368200836 0.5311764705882352 0.0899581589958159 0.02235294117647059
0 0.5742677824267782 0.5217647058823529 0.1903765690376569 0.036470588235294116
0 0.34518828451882844 0.51 0.08786610878661087 0.0811764705882353
0 0.25313807531380755 0.49470588235294116 0.04184100418410042 0.09058823529411765
0 0.21338912133891214 0.42176470588235293 0.03347280334728033 0.05058823529411765
0 0.7594142259414226 0.33941176470588236 0.03347280334728033 0.041176470588235294
0 0.09414225941422594 0.23 0.0794979079497908 0.04588235294117647
0 0.10564853556485355 0.12058823529411765 0.043933054393305436 0.03176470588235294
0 0.2301255230125523 0.09294117647058824 0.09623430962343096 0.08941176470588236
0 0.036610878661087864 0.07823529411764706 0.07322175732217573 0.0976470588235294
0 0.11715481171548117 0.0488235294117647 0.03347280334728033 0.04352941176470588
0 0.18723849372384938 0.018235294117647058 0.03138075313807531 0.036470588235294116
0 0.09623430962343096 0.011176470588235295 0.058577405857740586 0.02235294117647059
