0 0.5170990566037735 0.9131799163179917 0.024764150943396228 0.06903765690376569
0 0.7830188679245284 0.7364016736401674 0.03537735849056604 0.0502092050209205
0 0.8201650943396226 0.6872384937238494 0.024764150943396228 0.05230125523012552
0 0.6232311320754716 0.6516736401673641 0.012971698113207548 0.04811715481171548
0 0.6025943396226415 0.6422594142259415 0.01650943396226415 0.04602510460251046
0 0.7959905660377359 0.6506276150627615 0.025943396226415096 0.09623430962343096
0 0.96875 0.6129707112970711 0.024764150943396228 0.058577405857740586
0 0.7169811320754716 0.6705020920502092 0.05660377358490566 0.3075313807531381
0 0.9917452830188679 0.5387029288702929 0.01650943396226415 0.06485355648535565
0 0.7800707547169812 0.4989539748953975 0.055424528301886794 0.04811715481171548
0 0.5872641509433962 0.48640167364016734 0.08962264150943396 0.06903765690376569
0 0.8685141509433962 0.5638075313807531 0.07429245283018868 0.303347280334728
0 0.589622641509434 0.41736401673640167 0.08962264150943396 0.06903765690376569
0 0.2918632075471698 0.37552301255230125 0.020047169811320754 0.09832635983263599
0 0.07370283018867925 0.19665271966527198 0.05306603773584906 0.0502092050209205
0 0.6285377358490566 0.15690376569037656 0.07075471698113207 0.04602510460251046
0 0.6727594339622641 0.12656903765690378 0.02240566037735849 0.11506276150627615
0 0.6491745283018868 0.030334728033472803 0.10023584905660378 0.060669456066945605
