0 0.9089958158995816 0.7 0.1694560669456067 0.01647058823529412
0 0.9780334728033473 0.6105882352941177 0.043933054393305436 0.042352941176470586
0 0.797071129707113 0.6052941176470589 0.04602510460251046 0.03882352941176471
0 0.9728033472803347 0.5735294117647058 0.05439330543933055 0.036470588235294116
0 0.19142259414225943 0.6717647058823529 0.01882845188284519 0.24941176470588236
0 0.8901673640167364 0.5729411764705883 0.07322175732217573 0.12470588235294118
0 0.8430962343096234 0.48294117647058826 0.11297071129707113 0.024705882352941175
0 0.2897489539748954 0.4582352941176471 0.056485355648535567 0.02
0 0.027196652719665274 0.4958823529411765 0.05439330543933055 0.11176470588235295
0 0.034518828451882845 0.3764705882352941 0.043933054393305436 0.02588235294117647
0 0.100418410041841 0.3588235294117647 0.200836820083682 0.07294117647058823
0 0.8420502092050209 0.3129411764705882 0.07740585774058577 0.023529411764705882
0 0.6077405857740585 0.27176470588235296 0.1192468619246862 0.03058823529411765
0 0.502092050209205 0.26529411764705885 0.0794979079497908 0.024705882352941175
0 0.4445606694560669 0.26294117647058823 0.056485355648535567 0.024705882352941175
0 0.9832635983263598 0.23941176470588235 0.03347280334728033 0.02235294117647059
0 0.9393305439330544 0.20176470588235293 0.1087866108786611 0.09058823529411765
0 0.8849372384937239 0.1635294117647059 0.10460251046025104 0.04
0 0.9602510460251046 0.09823529411764706 0.0794979079497908 0.02
