0 0.04707112970711297 0.7152941176470589 0.09414225941422594 0.07294117647058823
0 0.04811715481171548 0.5811764705882353 0.09623430962343096 0.047058823529411764
0 0.07322175732217573 0.5341176470588235 0.05439330543933055 0.03058823529411765
0 0.02092050209205021 0.5205882352941177 0.04184100418410042 0.024705882352941175
0 0.021966527196652718 0.49058823529411766 0.043933054393305436 0.03058823529411765
0 0.03765690376569038 0.4117647058823529 0.07531380753138076 0.03764705882352941
0 0.8389121338912134 0.3711764705882353 0.14644351464435146 0.13294117647058823
0 0.35460251046025104 0.2076470588235294 0.07322175732217573 0.07882352941176471
0 0.060669456066945605 0.11411764705882353 0.12133891213389121 0.0611764705882353
0 0.348326359832636 0.04411764705882353 0.1694560669456067 0.01764705882352941
0 0.9299163179916318 0.00823529411764706 0.1401673640167364 0.01647058823529412
