0 0.6438679245283019 0.9780334728033473 0.02830188679245283 0.03138075313807531
0 0.6456367924528302 0.9414225941422594 0.027122641509433963 0.029288702928870293
0 0.9923349056603774 0.8880753138075314 0.015330188679245283 0.1192468619246862
0 0.07606132075471699 0.7981171548117155 0.07900943396226415 0.06903765690376569
0 0.013561320754716982 0.7510460251046025 0.027122641509433963 0.100418410041841
0 0.1479952830188679 0.7207112970711297 0.0695754716981132 0.06485355648535565
0 0.7387971698113207 0.7060669456066946 0.020047169811320754 0.08158995815899582
0 0.008254716981132075 0.647489539748954 0.01650943396226415 0.056485355648535567
0 0.7417452830188679 0.6108786610878661 0.02122641509433962 0.06694560669456066
0 0.12735849056603774 0.5742677824267782 0.07783018867924528 0.10251046025104603
0 0.00589622641509434 0.5230125523012552 0.01179245283018868 0.0502092050209205
0 0.18867924528301888 0.5983263598326359 0.04245283018867924 0.23430962343096234
0 0.3738207547169811 0.34309623430962344 0.025943396226415096 0.08368200836820083
0 0.4056603773584906 0.3106694560669456 0.03537735849056604 0.15271966527196654
0 0.5913915094339622 0.24790794979079497 0.024764150943396228 0.03556485355648536
0 0.6391509433962265 0.27719665271966526 0.06839622641509434 0.09832635983263599
0 0.3785377358490566 0.25313807531380755 0.02358490566037736 0.05439330543933055
0 0.4722877358490566 0.1705020920502092 0.045990566037735846 0.0397489539748954
0 0.3331367924528302 0.1506276150627615 0.08844339622641509 0.058577405857740586
0 0.8543632075471698 0.21443514644351463 0.02240566037735849 0.2196652719665272
0 0.20577830188679244 0.1297071129707113 0.036556603773584904 0.06276150627615062
0 0.2759433962264151 0.09832635983263599 0.07783018867924528 0.05439330543933055
0 0.6226415094339622 0.0899581589958159 0.06132075471698113 0.04602510460251046
0 0.6774764150943396 0.1202928870292887 0.04834905660377359 0.14435146443514643
0 0.6173349056603774 0.03347280334728033 0.08844339622641509 0.058577405857740586
0 0.972877358490566 0.4089958158995816 0.054245283018867926 0.8179916317991632
0 0.5642688679245284 0.01882845188284519 0.08844339622641509 0.03765690376569038
0 0.4834905660377358 0.0198744769874477 0.04716981132075472 0.0397489539748954
0 0.04363207547169811 0.021966527196652718 0.08726415094339622 0.043933054393305436
