0 0.2818396226415094 0.7740585774058577 0.04009433962264151 0.06694560669456066
0 0.5512971698113207 0.5230125523012552 0.015330188679245283 0.12552301255230125
0 0.5029481132075472 0.5251046025104602 0.015330188679245283 0.1297071129707113
0 0.40153301886792453 0.4707112970711297 0.024764150943396228 0.19246861924686193
0 0.7706367924528302 0.4225941422594142 0.045990566037735846 0.200836820083682
0 0.9941037735849056 0.3274058577405858 0.01179245283018868 0.05230125523012552
0 0.6745283018867925 0.29602510460251047 0.054245283018867926 0.05230125523012552
0 0.6438679245283019 0.29602510460251047 0.03537735849056604 0.05230125523012552
0 0.5548349056603774 0.29497907949790797 0.02240566037735849 0.0502092050209205
0 0.2971698113207547 0.25732217573221755 0.030660377358490566 0.0794979079497908
0 0.7287735849056604 0.252092050209205 0.018867924528301886 0.07740585774058577
0 0.9616745283018868 0.07112970711297072 0.04834905660377359 0.14225941422594143
