0 0.151673640167364 0.8335294117647059 0.303347280334728 0.06235294117647059
0 0.37656903765690375 0.8017647058823529 0.07112970711297072 0.015294117647058824
0 0.3138075313807531 0.788235294117647 0.09205020920502092 0.023529411764705882
0 0.09414225941422594 0.6982352941176471 0.04602510460251046 0.04588235294117647
0 0.0596234309623431 0.6841176470588235 0.03556485355648536 0.024705882352941175
0 0.7196652719665272 0.6817647058823529 0.04184100418410042 0.03176470588235294
0 0.15690376569037656 0.6723529411764706 0.14644351464435146 0.03411764705882353
0 0.010460251046025104 0.6270588235294118 0.02092050209205021 0.08
0 0.09832635983263599 0.5494117647058824 0.13807531380753138 0.04470588235294118
0 0.3587866108786611 0.528235294117647 0.3200836820083682 0.06588235294117648
0 0.5794979079497908 0.46352941176470586 0.04184100418410042 0.02823529411764706
0 0.3807531380753138 0.4147058823529412 0.0502092050209205 0.052941176470588235
0 0.4445606694560669 0.41411764705882353 0.07322175732217573 0.05411764705882353
0 0.25 0.40058823529411763 0.03556485355648536 0.029411764705882353
0 0.35669456066945604 0.3811764705882353 0.2907949790794979 0.04941176470588235
0 0.18514644351464435 0.39588235294117646 0.3368200836820084 0.10705882352941176
0 0.7939330543933054 0.2994117647058824 0.1401673640167364 0.03411764705882353
0 0.9456066945606695 0.28411764705882353 0.1087866108786611 0.07176470588235294
0 0.5794979079497908 0.09647058823529411 0.058577405857740586 0.047058823529411764
0 0.9309623430962343 0.11588235294117646 0.1087866108786611 0.09294117647058824
0 0.8085774058577406 0.02588235294117647 0.09832635983263599 0.05176470588235294
0 0.6642259414225942 0.01 0.07322175732217573 0.02
