0 0.8430962343096234 0.7305882352941176 0.02510460251046025 0.02823529411764706
0 0.8985355648535565 0.7029411764705882 0.20292887029288703 0.06470588235294118
0 0.9759414225941423 0.5876470588235294 0.04811715481171548 0.04588235294117647
0 0.7259414225941423 0.56 0.06694560669456066 0.04
0 0.700836820083682 0.5429411764705883 0.08786610878661087 0.06941176470588235
0 0.1705020920502092 0.46705882352941175 0.08158995815899582 0.09647058823529411
0 0.7803347280334728 0.32294117647058823 0.0794979079497908 0.036470588235294116
0 0.6997907949790795 0.30823529411764705 0.04811715481171548 0.03058823529411765
0 0.8891213389121339 0.07823529411764706 0.02510460251046025 0.027058823529411764
0 0.856694560669456 0.07705882352941176 0.02301255230125523 0.027058823529411764
0 0.9058577405857741 0.03588235294117647 0.02510460251046025 0.029411764705882353
0 0.8692468619246861 0.03470588235294118 0.02301255230125523 0.03176470588235294
0 0.9738493723849372 0.009411764705882352 0.05230125523012552 0.018823529411764704
