0 0.04288702928870293 0.9952941176470588 0.08577405857740586 0.009411764705882352
0 0.303347280334728 0.9052941176470588 0.09623430962343096 0.05764705882352941
0 0.6108786610878661 0.8764705882352941 0.20920502092050208 0.12470588235294118
0 0.8880753138075314 0.3547058823529412 0.22384937238493724 0.13058823529411764
0 0.5930962343096234 0.2688235294117647 0.06485355648535565 0.03411764705882353
0 0.8744769874476988 0.21352941176470588 0.02510460251046025 0.03176470588235294
0 0.9152719665271967 0.2088235294117647 0.03556485355648536 0.041176470588235294
0 0.9571129707112971 0.19823529411764707 0.03138075313807531 0.036470588235294116
0 0.7949790794979079 0.17882352941176471 0.07531380753138076 0.16941176470588235
0 0.9205020920502092 0.14058823529411765 0.1589958158995816 0.12352941176470589
0 0.6338912133891214 0.09352941176470589 0.2510460251046025 0.04823529411764706
0 0.7332635983263598 0.0688235294117647 0.10669456066945607 0.03882352941176471
0 0.852510460251046 0.06352941176470588 0.07740585774058577 0.06352941176470588
0 0.04288702928870293 0.023529411764705882 0.08577405857740586 0.047058823529411764
