0 0.22228773584905662 0.9246861924686193 0.041273584905660375 0.05439330543933055
0 0.40625 0.9048117154811716 0.05070754716981132 0.05230125523012552
0 0.09139150943396226 0.8838912133891214 0.07429245283018868 0.060669456066945605
0 0.298938679245283 0.8493723849372385 0.11438679245283019 0.02510460251046025
0 0.6963443396226415 0.7824267782426778 0.031839622641509434 0.0502092050209205
0 0.6025943396226415 0.8148535564853556 0.07311320754716981 0.13179916317991633
0 0.847877358490566 0.5104602510460251 0.04716981132075472 0.058577405857740586
0 0.8985849056603774 0.48430962343096234 0.02830188679245283 0.03556485355648536
0 0.8054245283018868 0.5146443514644351 0.06367924528301887 0.1506276150627615
0 0.7900943396226415 0.47280334728033474 0.030660377358490566 0.07531380753138076
0 0.8242924528301887 0.35355648535564854 0.049528301886792456 0.04602510460251046
0 0.7387971698113207 0.34414225941422594 0.02240566037735849 0.05230125523012552
0 0.6768867924528302 0.34309623430962344 0.02830188679245283 0.0502092050209205
0 0.7346698113207547 0.2792887029288703 0.0330188679245283 0.05230125523012552
0 0.6792452830188679 0.27824267782426776 0.02830188679245283 0.0502092050209205
0 0.07311320754716981 0.10460251046025104 0.030660377358490566 0.03765690376569038
0 0.32134433962264153 0.08368200836820083 0.07429245283018868 0.0502092050209205
0 0.5076650943396226 0.08472803347280335 0.04834905660377359 0.060669456066945605
0 0.972877358490566 0.056485355648535567 0.054245283018867926 0.05439330543933055
0 0.43985849056603776 0.07217573221757322 0.06367924528301887 0.1108786610878661
0 0.8531839622641509 0.06380753138075314 0.04834905660377359 0.1108786610878661
0 0.7028301886792453 0.0502092050209205 0.09669811320754718 0.100418410041841
0 0.683372641509434 0.014644351464435146 0.0294811320754717 0.029288702928870293
0 0.5548349056603774 0.03347280334728033 0.0294811320754717 0.06694560669456066
0 0.4982311320754717 0.05753138075313807 0.04834905660377359 0.11506276150627615
0 0.3402122641509434 0.038702928870292884 0.08136792452830188 0.07740585774058577
