0 0.2395397489539749 0.9705882352941176 0.08158995815899582 0.018823529411764704
0 0.27824267782426776 0.8147058823529412 0.04602510460251046 0.024705882352941175
0 0.2112970711297071 0.8076470588235294 0.0794979079497908 0.04823529411764706
0 0.5700836820083682 0.7776470588235294 0.04811715481171548 0.023529411764705882
0 0.4351464435146444 0.7723529411764706 0.058577405857740586 0.02235294117647059
0 0.5209205020920502 0.7623529411764706 0.10460251046025104 0.018823529411764704
0 0.6537656903765691 0.76 0.05230125523012552 0.023529411764705882
0 0.2280334728033473 0.7641176470588236 0.08786610878661087 0.03176470588235294
0 0.10251046025104603 0.7658823529411765 0.058577405857740586 0.04
0 0.34205020920502094 0.7517647058823529 0.13598326359832635 0.05647058823529412
0 0.5805439330543933 0.7335294117647059 0.10669456066945607 0.036470588235294116
0 0.4905857740585774 0.7370588235294118 0.11506276150627615 0.05764705882352941
0 0.9225941422594143 0.7341176470588235 0.08786610878661087 0.058823529411764705
0 0.0794979079497908 0.5705882352941176 0.06276150627615062 0.05647058823529412
0 0.14748953974895398 0.5641176470588235 0.060669456066945605 0.05529411764705883
0 0.8702928870292888 0.54 0.05439330543933055 0.01647058823529412
0 0.21548117154811716 0.5552941176470588 0.05439330543933055 0.05411764705882353
0 0.2730125523012552 0.5505882352941176 0.060669456066945605 0.05411764705882353
0 0.33368200836820083 0.5470588235294118 0.05230125523012552 0.05411764705882353
0 0.5031380753138075 0.5358823529411765 0.02301255230125523 0.05529411764705883
0 0.23326359832635984 0.47294117647058825 0.38702928870292885 0.04
0 0.6558577405857741 0.3635294117647059 0.23221757322175732 0.17411764705882352
0 0.07740585774058577 0.2852941176470588 0.05439330543933055 0.05764705882352941
0 0.19769874476987448 0.2823529411764706 0.056485355648535567 0.05647058823529412
0 0.37552301255230125 0.26588235294117646 0.056485355648535567 0.05647058823529412
0 0.4320083682008368 0.25882352941176473 0.056485355648535567 0.05647058823529412
0 0.4895397489539749 0.24411764705882352 0.058577405857740586 0.05058823529411765
0 0.6631799163179917 0.18588235294117647 0.06276150627615062 0.04470588235294118
0 0.7928870292887029 0.18411764705882352 0.1297071129707113 0.05058823529411765
0 0.6569037656903766 0.13352941176470587 0.058577405857740586 0.05058823529411765
0 0.7437238493723849 0.13823529411764707 0.27824267782426776 0.09058823529411765
0 0.21338912133891214 0.054705882352941174 0.26778242677824265 0.024705882352941175
0 0.013598326359832637 0.05411764705882353 0.02301255230125523 0.023529411764705882
