0 0.9006276150627615 0.7005882352941176 0.19874476987447698 0.027058823529411764
0 0.9811715481171548 0.6158823529411764 0.03765690376569038 0.027058823529411764
0 0.3169456066945607 0.5882352941176471 0.02301255230125523 0.021176470588235293
0 0.2698744769874477 0.5882352941176471 0.02510460251046025 0.021176470588235293
0 0.9759414225941423 0.5747058823529412 0.04811715481171548 0.036470588235294116
0 0.897489539748954 0.571764705882353 0.07112970711297072 0.12
0 0.858786610878661 0.48294117647058826 0.08577405857740586 0.02235294117647059
0 0.39748953974895396 0.48058823529411765 0.09205020920502092 0.024705882352941175
0 0.1589958158995816 0.5058823529411764 0.02510460251046025 0.09411764705882353
0 0.3054393305439331 0.46294117647058824 0.08368200836820083 0.015294117647058824
0 0.252092050209205 0.4652941176470588 0.08577405857740586 0.02
0 0.029288702928870293 0.5023529411764706 0.058577405857740586 0.11058823529411765
0 0.08682008368200837 0.36176470588235293 0.17364016736401675 0.07647058823529412
0 0.854602510460251 0.3123529411764706 0.04811715481171548 0.02235294117647059
0 0.6244769874476988 0.26176470588235295 0.07322175732217573 0.029411764705882353
0 0.40376569037656906 0.25529411764705884 0.06276150627615062 0.02823529411764706
0 0.9299163179916318 0.2111764705882353 0.10251046025104603 0.06941176470588235
0 0.8859832635983264 0.1635294117647059 0.08577405857740586 0.04
0 0.08786610878661087 0.17941176470588235 0.17573221757322174 0.08352941176470588
0 0.6359832635983264 0.12058823529411765 0.03347280334728033 0.03411764705882353
0 0.9602510460251046 0.09352941176470589 0.0794979079497908 0.024705882352941175
0 0.9257322175732218 0.033529411764705884 0.14853556485355648 0.06705882352941177
