0 0.8399581589958159 0.9882352941176471 0.060669456066945605 0.023529411764705882
0 0.6422594142259415 0.9035294117647059 0.2217573221757322 0.06588235294117648
0 0.8075313807531381 0.8682352941176471 0.13807531380753138 0.02823529411764706
0 0.4811715481171548 0.84 0.2510460251046025 0.15058823529411763
0 0.5951882845188284 0.7547058823529412 0.09414225941422594 0.02235294117647059
0 0.9539748953974896 0.5764705882352941 0.09205020920502092 0.0611764705882353
0 0.49476987447698745 0.45294117647058824 0.17782426778242677 0.04
0 0.9435146443514645 0.44588235294117645 0.11297071129707113 0.11058823529411765
0 0.8127615062761506 0.3111764705882353 0.08577405857740586 0.02235294117647059
0 0.3985355648535565 0.2888235294117647 0.06485355648535565 0.02
0 0.03347280334728033 0.24823529411764705 0.06694560669456066 0.018823529411764704
0 0.9079497907949791 0.25941176470588234 0.18410041841004185 0.10470588235294118
0 0.4571129707112971 0.10235294117647059 0.0397489539748954 0.047058823529411764
0 0.9194560669456067 0.04764705882352941 0.07740585774058577 0.09529411764705882
0 0.34623430962343094 0.03823529411764706 0.060669456066945605 0.07647058823529412
