0 0.47759433962264153 0.9299163179916318 0.02122641509433962 0.06485355648535565
0 0.5 0.9435146443514645 1.0 0.11297071129707113
0 0.19221698113207547 0.8922594142259415 0.03773584905660377 0.0397489539748954
0 0.19870283018867924 0.8274058577405857 0.05306603773584906 0.043933054393305436
0 0.27004716981132076 0.7395397489539749 0.06132075471698113 0.06485355648535565
0 0.267688679245283 0.7562761506276151 0.23349056603773585 0.2112970711297071
0 0.35318396226415094 0.3410041841004184 0.1474056603773585 0.04184100418410042
0 0.7287735849056604 0.03556485355648536 0.08962264150943396 0.07112970711297072
0 0.6709905660377359 0.036610878661087864 0.02122641509433962 0.07322175732217573
0 0.30365566037735847 0.05230125523012552 0.036556603773584904 0.10460251046025104
0 0.25589622641509435 0.07845188284518828 0.0660377358490566 0.15690376569037656
