0 0.5648535564853556 0.8335294117647059 0.22594142259414227 0.07176470588235294
0 0.9320083682008368 0.8058823529411765 0.13598326359832635 0.023529411764705882
0 0.6589958158995816 0.7635294117647059 0.03347280334728033 0.023529411764705882
0 0.7018828451882845 0.768235294117647 0.07740585774058577 0.04470588235294118
0 0.23744769874476987 0.5035294117647059 0.17364016736401675 0.04470588235294118
0 0.1684100418410042 0.4676470588235294 0.0397489539748954 0.036470588235294116
0 0.47280334728033474 0.3235294117647059 0.02510460251046025 0.03294117647058824
0 0.7625523012552301 0.31058823529411766 0.03556485355648536 0.058823529411764705
0 0.6767782426778243 0.2964705882352941 0.06903765690376569 0.047058823529411764
0 0.6663179916317992 0.28823529411764703 0.027196652719665274 0.03529411764705882
0 0.6056485355648535 0.19 0.01882845188284519 0.05764705882352941
0 0.7301255230125523 0.10588235294117647 0.100418410041841 0.009411764705882352
0 0.06589958158995816 0.06647058823529411 0.027196652719665274 0.05764705882352941
0 0.9299163179916318 0.12529411764705883 0.10251046025104603 0.25058823529411767
0 0.6297071129707112 0.07529411764705882 0.04184100418410042 0.15058823529411763
0 0.34309623430962344 0.05235294117647059 0.03347280334728033 0.10470588235294118
0 0.0502092050209205 0.018235294117647058 0.02510460251046025 0.036470588235294116
