0 0.6120283018867925 0.6778242677824268 0.02830188679245283 0.11297071129707113
0 0.2959905660377358 0.6286610878661087 0.04245283018867924 0.043933054393305436
0 0.024764150943396228 0.5502092050209205 0.018867924528301886 0.08368200836820083
0 0.34139150943396224 0.7112970711297071 0.045990566037735846 0.497907949790795
0 0.10259433962264151 0.46234309623430964 0.018867924528301886 0.04184100418410042
0 0.4946933962264151 0.4571129707112971 0.060141509433962265 0.09832635983263599
0 0.05837264150943396 0.4236401673640167 0.11674528301886793 0.07322175732217573
0 0.030070754716981132 0.32112970711297073 0.031839622641509434 0.08577405857740586
0 0.33254716981132076 0.28870292887029286 0.05188679245283019 0.16317991631799164
0 0.0589622641509434 0.1705020920502092 0.0330188679245283 0.043933054393305436
0 0.25471698113207547 0.17154811715481172 0.030660377358490566 0.08368200836820083
0 0.5100235849056604 0.05230125523012552 0.055424528301886794 0.10460251046025104
