0 0.3608786610878661 0.971764705882353 0.0397489539748954 0.05647058823529412
0 0.4884937238493724 0.7270588235294118 0.4874476987447699 0.06823529411764706
0 0.448744769874477 0.6364705882352941 0.2112970711297071 0.05176470588235294
0 0.7196652719665272 0.5735294117647058 0.04184100418410042 0.03411764705882353
0 0.9058577405857741 0.4623529411764706 0.18828451882845187 0.06352941176470588
0 0.6778242677824268 0.4223529411764706 0.06694560669456066 0.03058823529411765
0 0.1589958158995816 0.4588235294117647 0.06276150627615062 0.1811764705882353
0 0.7604602510460251 0.28 0.07740585774058577 0.021176470588235293
0 0.8807531380753139 0.20294117647058824 0.10460251046025104 0.0976470588235294
0 0.643305439330544 0.10588235294117647 0.05230125523012552 0.04
