0 0.5742677824267782 0.8229411764705883 0.2196652719665272 0.06941176470588235
0 0.9320083682008368 0.7976470588235294 0.13598326359832635 0.021176470588235293
0 0.6652719665271967 0.7552941176470588 0.03347280334728033 0.023529411764705882
0 0.20920502092050208 0.5047058823529412 0.07531380753138076 0.03764705882352941
0 0.2834728033472803 0.5005882352941177 0.11506276150627615 0.03882352941176471
0 0.48640167364016734 0.3264705882352941 0.02301255230125523 0.029411764705882353
0 0.5669456066945606 0.31058823529411766 0.02510460251046025 0.03294117647058824
0 0.7677824267782427 0.3211764705882353 0.029288702928870293 0.06352941176470588
0 0.6746861924686193 0.29294117647058826 0.027196652719665274 0.03294117647058824
0 0.6056485355648535 0.1988235294117647 0.01882845188284519 0.05411764705882353
0 0.9299163179916318 0.1288235294117647 0.10669456066945607 0.2576470588235294
0 0.6317991631799164 0.0811764705882353 0.04184100418410042 0.1623529411764706
0 0.34623430962343094 0.05529411764705883 0.03138075313807531 0.11058823529411765
0 0.06171548117154812 0.0611764705882353 0.043933054393305436 0.1223529411764706
