0 0.10251046025104603 0.9305882352941176 0.06276150627615062 0.03529411764705882
0 0.6589958158995816 0.8741176470588236 0.3723849372384937 0.09176470588235294
0 0.9560669456066946 0.831764705882353 0.08786610878661087 0.0611764705882353
0 0.7866108786610879 0.8029411764705883 0.0502092050209205 0.04352941176470588
0 0.7562761506276151 0.6594117647058824 0.06903765690376569 0.041176470588235294
0 0.38702928870292885 0.42411764705882354 0.24267782426778242 0.015294117647058824
0 0.893305439330544 0.4 0.05439330543933055 0.04
0 0.6621338912133892 0.3564705882352941 0.060669456066945605 0.0611764705882353
0 0.702928870292887 0.35411764705882354 0.04602510460251046 0.1011764705882353
0 0.9686192468619247 0.3023529411764706 0.04602510460251046 0.02588235294117647
0 0.4456066945606695 0.2964705882352941 0.18410041841004185 0.023529411764705882
0 0.4372384937238494 0.28647058823529414 0.1799163179916318 0.02
0 0.7018828451882845 0.22294117647058823 0.19456066945606695 0.04352941176470588
0 0.0198744769874477 0.033529411764705884 0.0397489539748954 0.05764705882352941
0 0.6443514644351465 0.033529411764705884 0.12552301255230125 0.06
