0 0.7771966527196653 0.8194117647058824 0.06485355648535565 0.10941176470588235
0 0.3284518828451883 0.8182352941176471 0.21338912133891214 0.1564705882352941
0 0.7709205020920502 0.7076470588235294 0.06903765690376569 0.11176470588235295
0 0.7646443514644351 0.5547058823529412 0.06485355648535565 0.027058823529411764
0 0.22698744769874477 0.6158823529411764 0.03556485355648536 0.24823529411764705
0 0.45292887029288703 0.48411764705882354 0.03556485355648536 0.02
0 0.40690376569037656 0.5329411764705883 0.1694560669456067 0.15058823529411763
0 0.5313807531380753 0.48 0.05439330543933055 0.05176470588235294
0 0.4696652719665272 0.4588235294117647 0.04811715481171548 0.018823529411764704
0 0.40481171548117156 0.4535294117647059 0.0397489539748954 0.02
0 0.6077405857740585 0.45705882352941174 0.06485355648535565 0.03882352941176471
0 0.8284518828451883 0.44588235294117645 0.03347280334728033 0.02588235294117647
0 0.5617154811715481 0.43411764705882355 0.04811715481171548 0.03764705882352941
0 0.2186192468619247 0.46176470588235297 0.014644351464435146 0.09529411764705882
0 0.9832635983263598 0.37529411764705883 0.03347280334728033 0.02588235294117647
0 0.8608786610878661 0.5994117647058823 0.12343096234309624 0.5141176470588236
0 0.24163179916317992 0.38235294117647056 0.05230125523012552 0.09647058823529411
0 0.3138075313807531 0.3382352941176471 0.0502092050209205 0.027058823529411764
0 0.9476987447698745 0.30117647058823527 0.10460251046025104 0.08
0 0.0899581589958159 0.14411764705882352 0.1799163179916318 0.1376470588235294
0 0.10146443514644352 0.03705882352941176 0.043933054393305436 0.027058823529411764
