0 0.5318396226415094 0.7761506276150628 0.07547169811320754 0.08368200836820083
0 0.294811320754717 0.8284518828451883 0.06367924528301887 0.19246861924686193
0 0.9439858490566038 0.7384937238493724 0.027122641509433963 0.0794979079497908
0 0.5212264150943396 0.6506276150627615 0.02830188679245283 0.06694560669456066
0 0.5224056603773585 0.5899581589958159 0.025943396226415096 0.04184100418410042
0 0.49115566037735847 0.5836820083682008 0.027122641509433963 0.03765690376569038
0 0.6037735849056604 0.4916317991631799 0.01650943396226415 0.04184100418410042
0 0.31014150943396224 0.42782426778242677 0.01650943396226415 0.1192468619246862
0 0.7836084905660378 0.5732217573221757 0.10259433962264151 0.4811715481171548
0 0.3095518867924528 0.29707112970711297 0.012971698113207548 0.09205020920502092
0 0.3472877358490566 0.16108786610878661 0.055424528301886794 0.08786610878661087
0 0.7553066037735849 0.20711297071129708 0.15212264150943397 0.2217573221757322
