0 0.26569037656903766 0.9688235294117648 0.08368200836820083 0.010588235294117647
0 0.2301255230125523 0.8270588235294117 0.03347280334728033 0.021176470588235293
0 0.2719665271966527 0.8188235294117647 0.07531380753138076 0.047058823529411764
0 0.6255230125523012 0.8147058823529412 0.05439330543933055 0.10470588235294118
0 0.8493723849372385 0.7188235294117648 0.04184100418410042 0.04
0 0.9372384937238494 0.7 0.12552301255230125 0.0611764705882353
0 0.6872384937238494 0.6658823529411765 0.06903765690376569 0.10352941176470588
0 0.9717573221757322 0.581764705882353 0.056485355648535567 0.05058823529411765
0 0.016736401673640166 0.5588235294117647 0.03347280334728033 0.06823529411764706
0 0.6213389121338913 0.4688235294117647 0.0794979079497908 0.04588235294117647
0 0.5658995815899581 0.4576470588235294 0.07322175732217573 0.04941176470588235
0 0.9393305439330544 0.46647058823529414 0.12133891213389121 0.0976470588235294
0 0.4236401673640167 0.4411764705882353 0.2112970711297071 0.0611764705882353
0 0.33472803347280333 0.4123529411764706 0.12552301255230125 0.06941176470588235
0 0.8797071129707112 0.37 0.2405857740585774 0.13294117647058823
0 0.32217573221757323 0.18470588235294116 0.04602510460251046 0.023529411764705882
0 0.8399581589958159 0.21176470588235294 0.0397489539748954 0.1811764705882353
0 0.8838912133891214 0.07882352941176471 0.02301255230125523 0.02588235294117647
0 0.850418410041841 0.07823529411764706 0.02301255230125523 0.027058823529411764
0 0.8985355648535565 0.03764705882352941 0.02301255230125523 0.02823529411764706
0 0.8629707112970711 0.03705882352941176 0.02301255230125523 0.029411764705882353
0 0.9696652719665272 0.010588235294117647 0.060669456066945605 0.021176470588235293
