0 0.9610849056603774 0.9351464435146444 0.07783018867924528 0.058577405857740586
0 0.9581367924528302 0.899581589958159 0.08372641509433962 0.0794979079497908
0 0.9811320754716981 0.858786610878661 0.030660377358490566 0.0397489539748954
0 0.18632075471698112 0.8472803347280334 0.054245283018867926 0.0502092050209205
0 0.09433962264150944 0.8378661087866108 0.0660377358490566 0.06485355648535565
0 0.9587264150943396 0.7751046025104602 0.03773584905660377 0.07322175732217573
0 0.6055424528301887 0.752092050209205 0.05070754716981132 0.05230125523012552
0 0.620872641509434 0.6778242677824268 0.015330188679245283 0.06276150627615062
0 0.8071933962264151 0.6077405857740585 0.04834905660377359 0.014644351464435146
0 0.055424528301886794 0.6746861924686193 0.0330188679245283 0.16108786610878661
0 0.8060141509433962 0.5847280334728033 0.05778301886792453 0.03556485355648536
0 0.96875 0.6401673640167364 0.0625 0.1506276150627615
0 0.6933962264150944 0.3922594142259414 0.10377358490566038 0.01882845188284519
0 0.5754716981132075 0.3692468619246862 0.09433962264150944 0.03556485355648536
0 0.9669811320754716 0.3776150627615063 0.0660377358490566 0.09832635983263599
0 0.8101415094339622 0.3368200836820084 0.08490566037735849 0.06276150627615062
0 0.46875 0.35355648535564854 0.04363207547169811 0.1087866108786611
0 0.8113207547169812 0.27405857740585776 0.08962264150943396 0.06276150627615062
0 0.9805424528301887 0.2384937238493724 0.03891509433962264 0.04184100418410042
0 0.7411556603773585 0.2918410041841004 0.21580188679245282 0.19456066945606695
0 0.7694575471698113 0.13389121338912133 0.07193396226415094 0.0502092050209205
0 0.5560141509433962 0.11401673640167365 0.045990566037735846 0.0397489539748954
0 0.6073113207547169 0.13493723849372385 0.10849056603773585 0.0899581589958159
0 0.07429245283018868 0.10355648535564854 0.14858490566037735 0.10669456066945607
0 0.4339622641509434 0.10564853556485355 0.11320754716981132 0.18200836820083682
0 0.33077830188679247 0.032426778242677826 0.0625 0.06485355648535565
0 0.20106132075471697 0.034518828451882845 0.07665094339622641 0.06903765690376569
