0 0.9610849056603774 0.9341004184100419 0.07783018867924528 0.056485355648535567
0 0.9575471698113207 0.9006276150627615 0.08490566037735849 0.08158995815899582
0 0.9817216981132075 0.8608786610878661 0.0294811320754717 0.0397489539748954
0 0.09139150943396226 0.8242677824267782 0.07193396226415094 0.08368200836820083
0 0.9593160377358491 0.7771966527196653 0.036556603773584904 0.07322175732217573
0 0.6226415094339622 0.75 0.018867924528301886 0.056485355648535567
0 0.6238207547169812 0.6809623430962343 0.01650943396226415 0.06903765690376569
0 0.7045990566037735 0.6129707112970711 0.09551886792452831 0.012552301255230125
0 0.8095518867924528 0.6119246861924686 0.045990566037735846 0.014644351464435146
0 0.05365566037735849 0.6705020920502092 0.031839622641509434 0.15690376569037656
0 0.8071933962264151 0.5910041841004184 0.05778301886792453 0.03138075313807531
0 0.9693396226415094 0.641213389121339 0.06132075471698113 0.14853556485355648
0 0.8183962264150944 0.38493723849372385 0.07311320754716981 0.02092050209205021
0 0.5784198113207547 0.3692468619246862 0.09551886792452831 0.03556485355648536
0 0.96875 0.3776150627615063 0.0625 0.09832635983263599
0 0.8125 0.3410041841004184 0.08490566037735849 0.06276150627615062
0 0.47110849056603776 0.35355648535564854 0.04363207547169811 0.1087866108786611
0 0.8136792452830188 0.27824267782426776 0.08962264150943396 0.06276150627615062
0 0.9811320754716981 0.23744769874476987 0.03773584905660377 0.0397489539748954
0 0.7104952830188679 0.2928870292887029 0.14504716981132076 0.19246861924686193
0 0.7600235849056604 0.12447698744769875 0.05306603773584906 0.04811715481171548
0 0.5560141509433962 0.11297071129707113 0.045990566037735846 0.03765690376569038
0 0.6073113207547169 0.13493723849372385 0.10849056603773585 0.0899581589958159
0 0.07429245283018868 0.10355648535564854 0.14858490566037735 0.10669456066945607
0 0.4339622641509434 0.10460251046025104 0.11320754716981132 0.1799163179916318
0 0.33077830188679247 0.032426778242677826 0.0625 0.06485355648535565
0 0.20106132075471697 0.034518828451882845 0.07665094339622641 0.06903765690376569
