0 0.9372384937238494 0.9770588235294118 0.12552301255230125 0.04588235294117647
0 0.9382845188284519 0.7970588235294118 0.06903765690376569 0.029411764705882353
0 0.5648535564853556 0.831764705882353 0.1087866108786611 0.13411764705882354
0 0.6401673640167364 0.7470588235294118 0.03347280334728033 0.01411764705882353
0 0.6443514644351465 0.7270588235294118 0.03347280334728033 0.018823529411764704
0 0.7039748953974896 0.83 0.03556485355648536 0.23176470588235293
0 0.29916317991631797 0.73 0.11297071129707113 0.07882352941176471
0 0.20292887029288703 0.5947058823529412 0.016736401673640166 0.10941176470588235
0 0.7625523012552301 0.5958823529411764 0.07740585774058577 0.14
0 0.17677824267782427 0.4582352941176471 0.03556485355648536 0.03176470588235294
0 0.0198744769874477 0.3076470588235294 0.0397489539748954 0.029411764705882353
0 0.25313807531380755 0.33294117647058824 0.008368200836820083 0.12941176470588237
0 0.8922594142259415 0.29 0.15271966527196654 0.05058823529411765
0 0.301255230125523 0.2923529411764706 0.06694560669456066 0.10235294117647059
0 0.7855648535564853 0.2388235294117647 0.07322175732217573 0.03529411764705882
0 0.05753138075313807 0.24058823529411766 0.11506276150627615 0.10235294117647059
0 0.34518828451882844 0.2817647058823529 0.012552301255230125 0.19176470588235295
0 0.3023012552301255 0.20529411764705882 0.06903765690376569 0.06470588235294118
0 0.7573221757322176 0.18176470588235294 0.03347280334728033 0.06235294117647059
0 0.3043933054393305 0.15235294117647058 0.06903765690376569 0.03411764705882353
0 0.48430962343096234 0.13058823529411764 0.12761506276150628 0.011764705882352941
0 0.9717573221757322 0.13 0.056485355648535567 0.02235294117647059
0 0.2594142259414226 0.10294117647058823 0.07112970711297072 0.01764705882352941
0 0.9518828451882845 0.06823529411764706 0.09623430962343096 0.03529411764705882
0 0.12656903765690378 0.0611764705882353 0.043933054393305436 0.03529411764705882
0 0.3410041841004184 0.0811764705882353 0.0502092050209205 0.08
0 0.9623430962343096 0.04941176470588235 0.07531380753138076 0.03764705882352941
