0 0.05660377358490566 0.7897489539748954 0.11320754716981132 0.0899581589958159
0 0.9864386792452831 0.74581589958159 0.027122641509433963 0.027196652719665274
0 0.8201650943396226 0.702928870292887 0.036556603773584904 0.04184100418410042
0 0.9545990566037735 0.6422594142259415 0.09080188679245282 0.09205020920502092
0 0.6680424528301887 0.348326359832636 0.08608490566037735 0.060669456066945605
0 0.6686320754716981 0.2824267782426778 0.08726415094339622 0.06276150627615062
0 0.6668632075471698 0.3117154811715481 0.09551886792452831 0.1589958158995816
0 0.38089622641509435 0.1192468619246862 0.03537735849056604 0.029288702928870293
0 0.13561320754716982 0.016736401673640166 0.0330188679245283 0.03347280334728033
0 0.06426886792452831 0.01778242677824268 0.020047169811320754 0.03556485355648536
