0 0.1202928870292887 0.7541176470588236 0.043933054393305436 0.15294117647058825
0 0.7918410041841004 0.6358823529411765 0.06485355648535565 0.02235294117647059
0 0.07635983263598327 0.5747058823529412 0.056485355648535567 0.0976470588235294
0 0.9330543933054394 0.3547058823529412 0.13389121338912133 0.06941176470588235
0 0.6548117154811716 0.27588235294117647 0.16736401673640167 0.036470588235294116
0 0.07845188284518828 0.13411764705882354 0.15690376569037656 0.08941176470588236
0 0.399581589958159 0.0688235294117647 0.03765690376569038 0.02235294117647059
0 0.27719665271966526 0.11705882352941177 0.18200836820083682 0.12352941176470589
0 0.47280334728033474 0.05941176470588235 0.100418410041841 0.03176470588235294
0 0.6997907949790795 0.06764705882352941 0.09832635983263599 0.05529411764705883
0 0.5428870292887029 0.08058823529411764 0.07322175732217573 0.1188235294117647
0 0.6694560669456067 0.025294117647058825 0.14644351464435146 0.05058823529411765
