0 0.20502092050209206 0.9752941176470589 0.029288702928870293 0.018823529411764704
0 0.40690376569037656 0.9741176470588235 0.06485355648535565 0.03058823529411765
0 0.6600418410041841 0.9705882352941176 0.4330543933054393 0.058823529411764705
0 0.20397489539748953 0.9135294117647059 0.1192468619246862 0.024705882352941175
0 0.6548117154811716 0.8947058823529411 0.2384937238493724 0.052941176470588235
0 0.8274058577405857 0.86 0.13598326359832635 0.02588235294117647
0 0.33577405857740583 0.768235294117647 0.1192468619246862 0.021176470588235293
0 0.9853556485355649 0.5876470588235294 0.029288702928870293 0.05529411764705883
0 0.5156903765690377 0.43058823529411766 0.20711297071129708 0.042352941176470586
0 0.9884937238493724 0.4429411764705882 0.02301255230125523 0.07176470588235294
0 0.702928870292887 0.34411764705882353 0.5690376569037657 0.02
0 0.8117154811715481 0.32 0.08368200836820083 0.021176470588235293
0 0.11820083682008369 0.31941176470588234 0.23640167364016737 0.029411764705882353
0 0.03347280334728033 0.25588235294117645 0.06694560669456066 0.02
0 0.9037656903765691 0.26823529411764707 0.19246861924686193 0.1011764705882353
0 0.4581589958158996 0.11 0.0502092050209205 0.05058823529411765
0 0.34623430962343094 0.061764705882352944 0.0397489539748954 0.05058823529411765
0 0.9236401673640168 0.05176470588235294 0.08577405857740586 0.10352941176470588
0 0.3399581589958159 0.017058823529411765 0.0397489539748954 0.03411764705882353
