0 0.8307783018867925 0.9330543933054394 0.03891509433962264 0.13389121338912133
0 0.9917452830188679 0.8158995815899581 0.01650943396226415 0.058577405857740586
0 0.808372641509434 0.602510460251046 0.024764150943396228 0.03347280334728033
0 0.9864386792452831 0.5648535564853556 0.027122641509433963 0.17154811715481172
0 0.9463443396226415 0.35669456066945604 0.07900943396226415 0.18619246861924685
0 0.7045990566037735 0.28765690376569036 0.045990566037735846 0.056485355648535567
0 0.7606132075471698 0.2834728033472803 0.018867924528301886 0.056485355648535567
0 0.6020047169811321 0.23117154811715482 0.02240566037735849 0.056485355648535567
0 0.6992924528301887 0.22384937238493724 0.03773584905660377 0.058577405857740586
0 0.9463443396226415 0.06903765690376569 0.10731132075471699 0.13807531380753138
0 0.7399764150943396 0.0198744769874477 0.036556603773584904 0.0397489539748954
0 0.7028301886792453 0.01882845188284519 0.0330188679245283 0.03765690376569038
