0 0.9675732217573222 0.9858823529411764 0.06485355648535565 0.02823529411764706
0 0.5742677824267782 0.95 0.35355648535564854 0.0035294117647058825
0 0.9184100418410042 0.9364705882352942 0.0794979079497908 0.01647058823529412
0 0.9790794979079498 0.9329411764705883 0.04184100418410042 0.03058823529411765
0 0.6286610878661087 0.8852941176470588 0.09832635983263599 0.01764705882352941
0 0.7269874476987448 0.64 0.10251046025104603 0.047058823529411764
0 0.75 0.5323529411764706 0.17782426778242677 0.03882352941176471
0 0.9592050209205021 0.5264705882352941 0.03556485355648536 0.029411764705882353
0 0.08891213389121339 0.47294117647058825 0.0899581589958159 0.15529411764705883
0 0.600418410041841 0.3511764705882353 0.1506276150627615 0.015294117647058824
0 0.7196652719665272 0.3452941176470588 0.100418410041841 0.010588235294117647
0 0.07112970711297072 0.36 0.07531380753138076 0.0611764705882353
0 0.3493723849372385 0.3517647058823529 0.08368200836820083 0.058823529411764705
0 0.49686192468619245 0.3305882352941176 0.04811715481171548 0.03294117647058824
0 0.4299163179916318 0.3388235294117647 0.07322175732217573 0.05176470588235294
0 0.75 0.2964705882352941 0.060669456066945605 0.021176470588235293
0 0.5428870292887029 0.2511764705882353 0.15690376569037656 0.03411764705882353
0 0.7071129707112971 0.24764705882352941 0.15481171548117154 0.03411764705882353
