0 0.5 0.9497907949790795 1.0 0.100418410041841
0 0.2016509433962264 0.8357740585774058 0.07547169811320754 0.11506276150627615
0 0.2623820754716981 0.7792887029288703 0.1214622641509434 0.12761506276150628
0 0.3160377358490566 0.6506276150627615 0.08018867924528301 0.12552301255230125
0 0.35672169811320753 0.3682008368200837 0.14268867924528303 0.04602510460251046
0 0.005306603773584905 0.3682008368200837 0.01061320754716981 0.100418410041841
0 0.7104952830188679 0.28765690376569036 0.055424528301886794 0.04811715481171548
0 0.6928066037735849 0.22594142259414227 0.0294811320754717 0.05439330543933055
0 0.7334905660377359 0.2102510460251046 0.05660377358490566 0.05230125523012552
0 0.6863207547169812 0.17154811715481172 0.018867924528301886 0.05439330543933055
0 0.7222877358490566 0.043933054393305436 0.09316037735849056 0.08786610878661087
0 0.6367924528301887 0.04811715481171548 0.07311320754716981 0.09623430962343096
0 0.4339622641509434 0.03765690376569038 0.03773584905660377 0.07531380753138076
0 0.39740566037735847 0.01882845188284519 0.030660377358490566 0.03765690376569038
0 0.298938679245283 0.08368200836820083 0.036556603773584904 0.16736401673640167
