0 0.14330543933054393 0.941764705882353 0.043933054393305436 0.11647058823529412
0 0.13807531380753138 0.8505882352941176 0.016736401673640166 0.058823529411764705
0 0.03347280334728033 0.4623529411764706 0.06694560669456066 0.021176470588235293
0 0.9309623430962343 0.47 0.13807531380753138 0.05764705882352941
0 0.5679916317991632 0.4264705882352941 0.043933054393305436 0.029411764705882353
0 0.5209205020920502 0.4264705882352941 0.03765690376569038 0.029411764705882353
0 0.3702928870292887 0.4229411764705882 0.04184100418410042 0.029411764705882353
0 0.8838912133891214 0.42470588235294116 0.0899581589958159 0.05176470588235294
0 0.2604602510460251 0.08705882352941176 0.16527196652719664 0.042352941176470586
0 0.6537656903765691 0.058823529411764705 0.19456066945606695 0.04941176470588235
0 0.20188284518828453 0.042352941176470586 0.043933054393305436 0.03529411764705882
0 0.9686192468619247 0.0058823529411764705 0.06276150627615062 0.011764705882352941
