0 0.21443514644351463 0.9835294117647059 0.08158995815899582 0.03294117647058824
0 0.6673640167364017 0.9647058823529412 0.07531380753138076 0.07058823529411765
0 0.8734309623430963 0.9623529411764706 0.0397489539748954 0.07529411764705882
0 0.7876569037656904 0.8723529411764706 0.02301255230125523 0.036470588235294116
0 0.6767782426778243 0.6817647058823529 0.2824267782426778 0.02235294117647059
0 0.1694560669456067 0.5770588235294117 0.03347280334728033 0.06705882352941177
0 0.4790794979079498 0.5570588235294117 0.12133891213389121 0.06705882352941177
0 0.1799163179916318 0.4747058823529412 0.03765690376569038 0.04588235294117647
0 0.5146443514644351 0.22176470588235295 0.1297071129707113 0.03176470588235294
0 0.33368200836820083 0.21411764705882352 0.03556485355648536 0.02588235294117647
0 0.37552301255230125 0.057058823529411766 0.02301255230125523 0.07647058823529412
0 0.2730125523012552 0.01647058823529412 0.1401673640167364 0.023529411764705882
