0 0.7269874476987448 0.6088235294117647 0.060669456066945605 0.02235294117647059
0 0.9299163179916318 0.48764705882352943 0.03138075313807531 0.04588235294117647
0 0.8274058577405857 0.3241176470588235 0.13598326359832635 0.07647058823529412
0 0.47280334728033474 0.21235294117647058 0.04184100418410042 0.041176470588235294
0 0.5836820083682008 0.21058823529411766 0.1087866108786611 0.042352941176470586
0 0.23221757322175732 0.05588235294117647 0.03765690376569038 0.02235294117647059
0 0.11506276150627615 0.07176470588235294 0.1589958158995816 0.05647058823529412
0 0.3075313807531381 0.04294117647058823 0.09623430962343096 0.03411764705882353
0 0.5418410041841004 0.03882352941176471 0.09205020920502092 0.05176470588235294
0 0.50418410041841 0.013529411764705882 0.14644351464435146 0.027058823529411764
0 0.38702928870292885 0.04411764705882353 0.06694560669456066 0.08823529411764706
