0 0.11610878661087866 0.758235294117647 0.04811715481171548 0.15176470588235294
0 0.7866108786610879 0.6347058823529412 0.06276150627615062 0.02235294117647059
0 0.8190376569037657 0.5947058823529412 0.03138075313807531 0.027058823529411764
0 0.06589958158995816 0.5782352941176471 0.056485355648535567 0.1
0 0.9309623430962343 0.35705882352941176 0.13807531380753138 0.07647058823529412
0 0.6485355648535565 0.28058823529411764 0.16736401673640167 0.036470588235294116
0 0.5868200836820083 0.23941176470588235 0.043933054393305436 0.036470588235294116
0 0.07740585774058577 0.13705882352941176 0.15481171548117154 0.0976470588235294
0 0.3922594142259414 0.06823529411764706 0.03556485355648536 0.021176470588235293
0 0.4665271966527197 0.05823529411764706 0.100418410041841 0.03176470588235294
0 0.6956066945606695 0.06764705882352941 0.09832635983263599 0.05529411764705883
0 0.5376569037656904 0.07941176470588235 0.07531380753138076 0.1188235294117647
0 0.6631799163179917 0.025294117647058825 0.14644351464435146 0.05058823529411765
