0 0.9121462264150944 0.9027196652719666 0.05306603773584906 0.0899581589958159
0 0.10200471698113207 0.8410041841004184 0.1332547169811321 0.16736401673640167
0 0.9840801886792453 0.7698744769874477 0.031839622641509434 0.0794979079497908
0 0.8891509433962265 0.7803347280334728 0.06367924528301887 0.14225941422594143
0 0.9817216981132075 0.7165271966527197 0.036556603773584904 0.06903765690376569
0 0.21462264150943397 0.7144351464435147 0.12735849056603774 0.20711297071129708
0 0.1704009433962264 0.6202928870292888 0.02240566037735849 0.06485355648535565
0 0.9770047169811321 0.6255230125523012 0.041273584905660375 0.09205020920502092
0 0.3720518867924528 0.5094142259414226 0.14504716981132076 0.0899581589958159
0 0.5990566037735849 0.4874476987447699 0.1320754716981132 0.100418410041841
0 0.7435141509433962 0.44037656903765693 0.15919811320754718 0.23221757322175732
0 0.7334905660377359 0.3253138075313807 0.1792452830188679 0.3117154811715481
0 0.5318396226415094 0.16108786610878661 0.02358490566037736 0.06276150627615062
0 0.6597877358490566 0.151673640167364 0.09080188679245282 0.06485355648535565
0 0.75 0.14539748953974896 0.08254716981132075 0.06485355648535565
0 0.9764150943396226 0.14330543933054393 0.02358490566037736 0.08577405857740586
0 0.9475235849056604 0.04602510460251046 0.041273584905660375 0.09205020920502092
0 0.7570754716981132 0.029288702928870293 0.018867924528301886 0.058577405857740586
