0 0.5721757322175732 0.8117647058823529 0.11506276150627615 0.05647058823529412
0 0.42782426778242677 0.8017647058823529 0.07322175732217573 0.03882352941176471
0 0.6276150627615062 0.7564705882352941 0.07531380753138076 0.021176470588235293
0 0.46443514644351463 0.7588235294117647 0.04602510460251046 0.04470588235294118
0 0.6642259414225942 0.69 0.06903765690376569 0.09294117647058824
0 0.6255230125523012 0.6541176470588236 0.03347280334728033 0.04470588235294118
0 0.6893305439330544 0.5494117647058824 0.12761506276150628 0.1811764705882353
0 0.3106694560669456 0.21764705882352942 0.043933054393305436 0.03529411764705882
0 0.5596234309623431 0.21 0.17782426778242677 0.03882352941176471
0 0.9341004184100419 0.19176470588235295 0.05230125523012552 0.04941176470588235
0 0.9581589958158996 0.13 0.029288702928870293 0.05764705882352941
0 0.13284518828451883 0.11058823529411765 0.07322175732217573 0.0611764705882353
0 0.5951882845188284 0.08823529411764706 0.08577405857740586 0.1411764705882353
