0 0.8158995815899581 0.9782352941176471 0.029288702928870293 0.02235294117647059
0 0.9309623430962343 0.97 0.05439330543933055 0.06
0 0.7709205020920502 0.9382352941176471 0.03138075313807531 0.027058823529411764
0 0.48326359832635984 0.91 0.029288702928870293 0.029411764705882353
0 0.4382845188284519 0.8876470588235295 0.03556485355648536 0.02
0 0.7039748953974896 0.8888235294117647 0.0397489539748954 0.041176470588235294
0 0.40481171548117156 0.86 0.056485355648535567 0.04
0 0.3702928870292887 0.8323529411764706 0.058577405857740586 0.03411764705882353
0 0.9602510460251046 0.8188235294117647 0.0794979079497908 0.07058823529411765
0 0.33472803347280333 0.8005882352941176 0.058577405857740586 0.03411764705882353
0 0.7782426778242678 0.7223529411764706 0.03765690376569038 0.03294117647058824
0 0.3023012552301255 0.7029411764705882 0.12343096234309624 0.07411764705882352
0 0.10355648535564854 0.5829411764705882 0.043933054393305436 0.027058823529411764
0 0.6558577405857741 0.5576470588235294 0.0397489539748954 0.047058823529411764
0 0.06485355648535565 0.5388235294117647 0.058577405857740586 0.01647058823529412
0 0.5439330543933054 0.5323529411764706 0.0502092050209205 0.012941176470588235
0 0.5334728033472803 0.4288235294117647 0.06276150627615062 0.012941176470588235
0 0.4194560669456067 0.4535294117647059 0.16108786610878661 0.06705882352941177
0 0.038702928870292884 0.36176470588235293 0.07740585774058577 0.04352941176470588
0 0.2688284518828452 0.34411764705882353 0.056485355648535567 0.01764705882352941
0 0.46548117154811713 0.30058823529411766 0.03556485355648536 0.02
0 0.9633891213389121 0.3476470588235294 0.07322175732217573 0.11647058823529412
0 0.11506276150627615 0.32 0.15481171548117154 0.0611764705882353
0 0.19665271966527198 0.3052941176470588 0.0502092050209205 0.03411764705882353
0 0.7646443514644351 0.2541176470588235 0.0397489539748954 0.05647058823529412
0 0.8891213389121339 0.2235294117647059 0.16736401673640167 0.07058823529411765
0 0.049163179916317995 0.22294117647058823 0.09832635983263599 0.07176470588235294
0 0.02615062761506276 0.16117647058823528 0.05230125523012552 0.04470588235294118
0 0.05753138075313807 0.13647058823529412 0.043933054393305436 0.02588235294117647
0 0.32426778242677823 0.10705882352941176 0.04184100418410042 0.021176470588235293
0 0.02510460251046025 0.008823529411764706 0.0502092050209205 0.01764705882352941
