0 0.6182008368200836 0.9494117647058824 0.2405857740585774 0.06823529411764706
0 0.805439330543933 0.918235294117647 0.15481171548117154 0.03411764705882353
0 0.9780334728033473 0.5658823529411765 0.043933054393305436 0.03529411764705882
0 0.5083682008368201 0.4429411764705882 0.200836820083682 0.041176470588235294
0 0.9832635983263598 0.3870588235294118 0.03347280334728033 0.01647058823529412
0 0.8556485355648535 0.29 0.07112970711297072 0.012941176470588235
0 0.9341004184100419 0.23588235294117646 0.13179916317991633 0.08823529411764706
0 0.4874476987447699 0.08529411764705883 0.03765690376569038 0.03411764705882353
0 0.3797071129707113 0.036470588235294116 0.03556485355648536 0.047058823529411764
0 0.952928870292887 0.03764705882352941 0.07322175732217573 0.07529411764705882
