0 0.4445606694560669 0.9911764705882353 0.09414225941422594 0.01764705882352941
0 0.9403765690376569 0.9611764705882353 0.0397489539748954 0.01647058823529412
0 0.9288702928870293 0.8505882352941176 0.02092050209205021 0.14352941176470588
0 0.7845188284518828 0.6294117647058823 0.08786610878661087 0.01411764705882353
0 0.946652719665272 0.49176470588235294 0.07740585774058577 0.04470588235294118
0 0.7615062761506276 0.49529411764705883 0.14644351464435146 0.08470588235294117
0 0.05753138075313807 0.3552941176470588 0.11506276150627615 0.042352941176470586
0 0.9790794979079498 0.32941176470588235 0.04184100418410042 0.02823529411764706
0 0.9299163179916318 0.38176470588235295 0.06485355648535565 0.13529411764705881
0 0.8744769874476988 0.32294117647058823 0.09205020920502092 0.027058823529411764
0 0.8085774058577406 0.3788235294117647 0.043933054393305436 0.1411764705882353
0 0.6621338912133892 0.32 0.043933054393305436 0.03058823529411765
0 0.752092050209205 0.32 0.1108786610878661 0.03294117647058824
0 0.6893305439330544 0.36823529411764705 0.04811715481171548 0.13176470588235295
0 0.18619246861924685 0.3052941176470588 0.03347280334728033 0.04588235294117647
0 0.9769874476987448 0.28058823529411764 0.02510460251046025 0.041176470588235294
0 0.9110878661087866 0.2664705882352941 0.03138075313807531 0.06235294117647059
0 0.9456066945606695 0.2641176470588235 0.03347280334728033 0.07176470588235294
0 0.9832635983263598 0.21941176470588236 0.03347280334728033 0.09058823529411765
0 0.7897489539748954 0.1 0.14853556485355648 0.03294117647058824
0 0.5156903765690377 0.09176470588235294 0.05230125523012552 0.023529411764705882
0 0.27824267782426776 0.08941176470588236 0.05439330543933055 0.09411764705882353
