0 0.08490566037735849 0.9048117154811716 0.05660377358490566 0.04811715481171548
0 0.5341981132075472 0.8472803347280334 0.02830188679245283 0.12133891213389121
0 0.6574292452830188 0.7907949790794979 0.060141509433962265 0.0794979079497908
0 0.6031839622641509 0.7677824267782427 0.02240566037735849 0.06276150627615062
0 0.8408018867924528 0.700836820083682 0.02358490566037736 0.029288702928870293
0 0.6332547169811321 0.700836820083682 0.04245283018867924 0.04602510460251046
0 0.7989386792452831 0.696652719665272 0.036556603773584904 0.05439330543933055
0 0.10023584905660378 0.6485355648535565 0.018867924528301886 0.05439330543933055
0 0.9840801886792453 0.5774058577405857 0.0294811320754717 0.06276150627615062
0 0.7264150943396226 0.6338912133891214 0.07311320754716981 0.30962343096234307
0 0.7959905660377359 0.46129707112970714 0.06367924528301887 0.04811715481171548
0 0.8608490566037735 0.5292887029288703 0.12264150943396226 0.30962343096234307
0 0.07606132075471699 0.3514644351464435 0.031839622641509434 0.02510460251046025
0 0.5695754716981132 0.301255230125523 0.030660377358490566 0.0502092050209205
0 0.0294811320754717 0.29707112970711297 0.02122641509433962 0.04184100418410042
0 0.3425707547169811 0.26778242677824265 0.020047169811320754 0.08786610878661087
0 0.10200471698113207 0.16422594142259414 0.05306603773584906 0.04811715481171548
0 0.018867924528301886 0.13284518828451883 0.03773584905660377 0.03556485355648536
0 0.45754716981132076 0.04288702928870293 0.18396226415094338 0.08577405857740586
0 0.33254716981132076 0.19456066945606695 0.0589622641509434 0.3891213389121339
