0 0.4916317991631799 0.8188235294117647 0.26778242677824265 0.1223529411764706
0 0.17154811715481172 0.6829411764705883 0.0794979079497908 0.05764705882352941
0 0.9905857740585774 0.5982352941176471 0.01882845188284519 0.04352941176470588
0 0.19769874476987448 0.5570588235294117 0.0899581589958159 0.052941176470588235
0 0.42887029288702927 0.5488235294117647 0.03765690376569038 0.04588235294117647
0 0.3776150627615063 0.5470588235294118 0.060669456066945605 0.047058823529411764
0 0.34309623430962344 0.5458823529411765 0.04602510460251046 0.047058823529411764
0 0.28556485355648537 0.548235294117647 0.08577405857740586 0.05176470588235294
0 0.10564853556485355 0.5564705882352942 0.09832635983263599 0.07058823529411765
0 0.5941422594142259 0.5417647058823529 0.1589958158995816 0.05529411764705883
0 0.47594142259414224 0.5411764705882353 0.056485355648535567 0.06588235294117648
0 0.5188284518828452 0.5394117647058824 0.058577405857740586 0.06705882352941177
0 0.950836820083682 0.5023529411764706 0.09832635983263599 0.12
0 0.4592050209205021 0.26941176470588235 0.0397489539748954 0.021176470588235293
0 0.7092050209205021 0.26941176470588235 0.18828451882845187 0.04470588235294118
0 0.3023012552301255 0.15058823529411763 0.12343096234309624 0.03529411764705882
0 0.4801255230125523 0.15 0.25732217573221755 0.07647058823529412
0 0.9089958158995816 0.09823529411764706 0.03138075313807531 0.01764705882352941
0 0.803347280334728 0.11235294117647059 0.1589958158995816 0.06470588235294118
0 0.29602510460251047 0.08235294117647059 0.08158995815899582 0.06352941176470588
0 0.8619246861924686 0.029411764705882353 0.14644351464435146 0.03294117647058824
0 0.4351464435146444 0.04588235294117647 0.12133891213389121 0.08235294117647059
0 0.25732217573221755 0.022941176470588236 0.07531380753138076 0.03882352941176471
0 0.7468619246861925 0.014705882352941176 0.0502092050209205 0.029411764705882353
