0 0.13179916317991633 0.98 0.26359832635983266 0.04
0 0.8368200836820083 0.9605882352941176 0.13389121338912133 0.03411764705882353
0 0.36297071129707115 0.8847058823529412 0.027196652719665274 0.03058823529411765
0 0.9675732217573222 0.89 0.06485355648535565 0.04588235294117647
0 0.8682008368200836 0.8658823529411764 0.11297071129707113 0.01411764705882353
0 0.303347280334728 0.8676470588235294 0.0794979079497908 0.036470588235294116
0 0.38389121338912136 0.8452941176470589 0.056485355648535567 0.03411764705882353
0 0.301255230125523 0.8305882352941176 0.09205020920502092 0.04
0 0.46548117154811713 0.8035294117647059 0.043933054393305436 0.021176470588235293
0 0.3723849372384937 0.7911764705882353 0.03765690376569038 0.02235294117647059
0 0.19874476987447698 0.7670588235294118 0.04184100418410042 0.021176470588235293
0 0.5303347280334728 0.7464705882352941 0.24476987447698745 0.036470588235294116
0 0.37447698744769875 0.7241176470588235 0.05439330543933055 0.02235294117647059
0 0.5679916317991632 0.7170588235294117 0.056485355648535567 0.027058823529411764
0 0.2196652719665272 0.7047058823529412 0.2510460251046025 0.03529411764705882
0 0.9476987447698745 0.6935294117647058 0.07112970711297072 0.03176470588235294
0 0.4236401673640167 0.6905882352941176 0.23640167364016737 0.0611764705882353
0 0.2280334728033473 0.6652941176470588 0.1506276150627615 0.041176470588235294
0 0.5355648535564853 0.6176470588235294 0.04184100418410042 0.03529411764705882
0 0.6893305439330544 0.6247058823529412 0.17364016736401675 0.09411764705882353
0 0.5230125523012552 0.5888235294117647 0.08786610878661087 0.07411764705882352
0 0.36506276150627615 0.5823529411764706 0.15271966527196654 0.11058823529411765
0 0.20292887029288703 0.5576470588235294 0.17154811715481172 0.1011764705882353
0 0.9497907949790795 0.5423529411764706 0.100418410041841 0.0988235294117647
0 0.9518828451882845 0.48764705882352943 0.09623430962343096 0.02
0 0.948744769874477 0.4711764705882353 0.10251046025104603 0.027058823529411764
0 0.06694560669456066 0.3870588235294118 0.13389121338912133 0.08235294117647059
0 0.0794979079497908 0.3447058823529412 0.1589958158995816 0.03294117647058824
0 0.2510460251046025 0.13705882352941176 0.0502092050209205 0.01764705882352941
0 0.4435146443514644 0.10588235294117647 0.14225941422594143 0.02823529411764706
0 0.028242677824267783 0.09588235294117647 0.056485355648535567 0.029411764705882353
0 0.8169456066945606 0.05588235294117647 0.29916317991631797 0.052941176470588235
0 0.47594142259414224 0.033529411764705884 0.16527196652719664 0.041176470588235294
0 0.6935146443514645 0.012352941176470587 0.2280334728033473 0.024705882352941175
