0 0.04602510460251046 0.9741176470588235 0.09205020920502092 0.05176470588235294
0 0.7510460251046025 0.8423529411764706 0.03347280334728033 0.08941176470588236
0 0.893305439330544 0.798235294117647 0.16736401673640167 0.041176470588235294
0 0.895397489539749 0.6735294117647059 0.14644351464435146 0.06941176470588235
0 0.9163179916317992 0.5811764705882353 0.0794979079497908 0.023529411764705882
0 0.8430962343096234 0.5135294117647059 0.029288702928870293 0.024705882352941175
0 0.9864016736401674 0.3305882352941176 0.027196652719665274 0.042352941176470586
0 0.029288702928870293 0.33647058823529413 0.012552301255230125 0.09176470588235294
0 0.9194560669456067 0.20294117647058824 0.07740585774058577 0.03882352941176471
0 0.9864016736401674 0.18823529411764706 0.027196652719665274 0.03764705882352941
0 0.5564853556485355 0.19647058823529412 0.2719665271966527 0.07294117647058823
0 0.9121338912133892 0.13411764705882354 0.058577405857740586 0.01647058823529412
0 0.5826359832635983 0.12764705882352942 0.027196652719665274 0.02
0 0.4497907949790795 0.13529411764705881 0.06694560669456066 0.06352941176470588
0 0.5606694560669456 0.13117647058823528 0.2510460251046025 0.07176470588235294
0 0.549163179916318 0.14647058823529413 0.3200836820083682 0.12352941176470589
0 0.9246861924686193 0.05647058823529412 0.1506276150627615 0.03764705882352941
0 0.9246861924686193 0.02 0.1506276150627615 0.04
