0 0.027196652719665274 0.9835294117647059 0.05439330543933055 0.03294117647058824
0 0.21652719665271966 0.9647058823529412 0.10251046025104603 0.04
0 0.23535564853556484 0.9335294117647058 0.043933054393305436 0.02235294117647059
0 0.899581589958159 0.84 0.200836820083682 0.047058823529411764
0 0.9058577405857741 0.7335294117647059 0.18828451882845187 0.11647058823529412
0 0.9131799163179917 0.6182352941176471 0.09414225941422594 0.027058823529411764
0 0.9037656903765691 0.41058823529411764 0.06276150627615062 0.13647058823529412
0 0.4581589958158996 0.3447058823529412 0.17573221757322174 0.10352941176470588
0 0.6610878661087866 0.29 0.19246861924686193 0.04823529411764706
0 0.7426778242677824 0.2811764705882353 0.04602510460251046 0.03529411764705882
0 0.9299163179916318 0.21352941176470588 0.1401673640167364 0.10470588235294118
0 0.9696652719665272 0.13117647058823528 0.060669456066945605 0.03882352941176471
0 0.9696652719665272 0.04941176470588235 0.060669456066945605 0.04941176470588235
