0 0.19769874476987448 0.7747058823529411 0.02301255230125523 0.06705882352941177
0 0.8043933054393305 0.8017647058823529 0.0397489539748954 0.14
0 0.553347280334728 0.6729411764705883 0.2824267782426778 0.018823529411764704
0 0.6014644351464435 0.6794117647058824 0.4121338912133891 0.03411764705882353
0 0.45292887029288703 0.4082352941176471 0.01882845188284519 0.021176470588235293
0 0.41841004184100417 0.4082352941176471 0.02092050209205021 0.021176470588235293
0 0.7583682008368201 0.37529411764705883 0.01882845188284519 0.021176470588235293
0 0.6307531380753139 0.37529411764705883 0.01882845188284519 0.021176470588235293
0 0.5774058577405857 0.37529411764705883 0.02092050209205021 0.021176470588235293
0 0.547071129707113 0.2917647058823529 0.5460251046025104 0.0988235294117647
0 0.10774058577405858 0.2376470588235294 0.056485355648535567 0.03529411764705882
0 0.6516736401673641 0.08058823529411764 0.05230125523012552 0.04352941176470588
0 0.9759414225941423 0.07 0.02301255230125523 0.11411764705882353
