0 0.6733490566037735 0.9048117154811716 0.10849056603773585 0.06903765690376569
0 0.7464622641509434 0.8399581589958159 0.04716981132075472 0.027196652719665274
0 0.5347877358490566 0.8556485355648535 0.060141509433962265 0.16736401673640167
0 0.6580188679245284 0.747907949790795 0.2240566037735849 0.03556485355648536
0 0.9569575471698113 0.8138075313807531 0.08608490566037735 0.17573221757322174
0 0.07429245283018868 0.7322175732217573 0.14858490566037735 0.06276150627615062
0 0.06132075471698113 0.5836820083682008 0.10613207547169812 0.11297071129707113
0 0.9375 0.5188284518828452 0.07311320754716981 0.12133891213389121
0 0.8573113207547169 0.49267782426778245 0.05660377358490566 0.08158995815899582
0 0.0347877358490566 0.41631799163179917 0.04363207547169811 0.0502092050209205
0 0.13797169811320756 0.3284518828451883 0.07783018867924528 0.09623430962343096
0 0.9268867924528302 0.26464435146443516 0.04245283018867924 0.0397489539748954
0 0.6379716981132075 0.2803347280334728 0.330188679245283 0.0794979079497908
0 0.7399764150943396 0.2719665271966527 0.10966981132075472 0.06694560669456066
0 0.6255896226415094 0.26569037656903766 0.10966981132075472 0.07112970711297072
0 0.9091981132075472 0.22489539748953974 0.04245283018867924 0.0397489539748954
0 0.9722877358490566 0.301255230125523 0.055424528301886794 0.19665271966527198
0 0.8496462264150944 0.20292887029288703 0.027122641509433963 0.058577405857740586
0 0.2794811320754717 0.1809623430962343 0.12028301886792453 0.03556485355648536
0 0.052476415094339625 0.17154811715481172 0.10495283018867925 0.016736401673640166
0 0.054245283018867926 0.151673640167364 0.10849056603773585 0.027196652719665274
0 0.5283018867924528 0.14330543933054393 0.025943396226415096 0.06903765690376569
0 0.46462264150943394 0.10774058577405858 0.02358490566037736 0.056485355648535567
0 0.5878537735849056 0.09100418410041841 0.08372641509433962 0.08577405857740586
0 0.4522405660377358 0.07845188284518828 0.05778301886792453 0.08577405857740586
0 0.6468160377358491 0.04079497907949791 0.02240566037735849 0.08158995815899582
0 0.31839622641509435 0.011506276150627616 0.025943396226415096 0.02301255230125523
0 0.2830188679245283 0.027196652719665274 0.02358490566037736 0.05439330543933055
