0 0.5690376569037657 0.8870588235294118 0.09205020920502092 0.03529411764705882
0 0.3901673640167364 0.8776470588235294 0.10669456066945607 0.03294117647058824
0 0.6736401673640168 0.8729411764705882 0.13807531380753138 0.05647058823529412
0 0.21548117154811716 0.8252941176470588 0.09623430962343096 0.02235294117647059
0 0.46338912133891214 0.7794117647058824 0.16108786610878661 0.03882352941176471
0 0.28556485355648537 0.6747058823529412 0.21548117154811716 0.029411764705882353
0 0.9403765690376569 0.7052941176470588 0.1192468619246862 0.13529411764705881
0 0.17468619246861924 0.581764705882353 0.03138075313807531 0.04352941176470588
0 0.1108786610878661 0.5852941176470589 0.0794979079497908 0.06
0 0.36715481171548114 0.5535294117647059 0.06485355648535565 0.04588235294117647
0 0.42677824267782427 0.5458823529411765 0.029288702928870293 0.042352941176470586
0 0.5251046025104602 0.5370588235294118 0.04184100418410042 0.03176470588235294
0 0.47175732217573224 0.5352941176470588 0.04811715481171548 0.05176470588235294
0 0.5481171548117155 0.5229411764705882 0.04184100418410042 0.03176470588235294
0 0.6098326359832636 0.52 0.056485355648535567 0.047058823529411764
0 0.17573221757322174 0.48764705882352943 0.07531380753138076 0.01764705882352941
0 0.2813807531380753 0.48705882352941177 0.11506276150627615 0.02823529411764706
0 0.700836820083682 0.5011764705882353 0.05439330543933055 0.058823529411764705
0 0.899581589958159 0.48176470588235293 0.0502092050209205 0.04588235294117647
0 0.9623430962343096 0.4717647058823529 0.05439330543933055 0.047058823529411764
0 0.06276150627615062 0.2823529411764706 0.12552301255230125 0.04941176470588235
0 0.3389121338912134 0.16823529411764707 0.04184100418410042 0.021176470588235293
0 0.48640167364016734 0.011764705882352941 0.06485355648535565 0.023529411764705882
