0 0.5543933054393305 0.9911764705882353 0.03765690376569038 0.01764705882352941
0 0.1108786610878661 0.9470588235294117 0.2217573221757322 0.10588235294117647
0 0.12238493723849372 0.8964705882352941 0.056485355648535567 0.02823529411764706
0 0.606694560669456 0.8270588235294117 0.029288702928870293 0.018823529411764704
0 0.4602510460251046 0.6558823529411765 0.2594142259414226 0.05529411764705883
0 0.7060669456066946 0.6147058823529412 0.03138075313807531 0.03411764705882353
0 0.6736401673640168 0.46352941176470586 0.06694560669456066 0.02823529411764706
0 0.9037656903765691 0.47058823529411764 0.19246861924686193 0.06823529411764706
0 0.17259414225941422 0.48 0.04811715481171548 0.15764705882352942
0 0.7771966527196653 0.28058823529411764 0.08577405857740586 0.01764705882352941
0 0.08786610878661087 0.23647058823529413 0.029288702928870293 0.02588235294117647
0 0.9079497907949791 0.20529411764705882 0.100418410041841 0.0976470588235294
0 0.25523012552301255 0.14470588235294118 0.03765690376569038 0.047058823529411764
0 0.6736401673640168 0.10647058823529412 0.0502092050209205 0.03882352941176471
0 0.8441422594142259 0.01588235294117647 0.14853556485355648 0.03176470588235294
0 0.6255230125523012 0.036470588235294116 0.25523012552301255 0.07294117647058823
