0 0.23744769874476987 0.8158823529411765 0.05230125523012552 0.07411764705882352
0 0.9769874476987448 0.6105882352941177 0.04602510460251046 0.021176470588235293
0 0.5868200836820083 0.5735294117647058 0.03138075313807531 0.01764705882352941
0 0.1600418410041841 0.6047058823529412 0.07322175732217573 0.2847058823529412
0 0.11297071129707113 0.36705882352941177 0.12133891213389121 0.08
0 0.09937238493723849 0.32294117647058823 0.056485355648535567 0.02235294117647059
0 0.08368200836820083 0.23058823529411765 0.14225941422594143 0.08941176470588236
0 0.7594142259414226 0.18235294117647058 0.11715481171548117 0.05176470588235294
0 0.5920502092050209 0.18176470588235294 0.029288702928870293 0.05058823529411765
0 0.4811715481171548 0.13941176470588235 0.2510460251046025 0.015294117647058824
