0 0.021966527196652718 0.7852941176470588 0.043933054393305436 0.06470588235294118
0 0.14748953974895398 0.7741176470588236 0.1108786610878661 0.05411764705882353
0 0.14225941422594143 0.731764705882353 0.09623430962343096 0.03294117647058824
0 0.9497907949790795 0.5294117647058824 0.100418410041841 0.04
0 0.34414225941422594 0.45 0.1694560669456067 0.05529411764705883
0 0.20606694560669456 0.41705882352941176 0.2698744769874477 0.036470588235294116
0 0.895397489539749 0.41352941176470587 0.03765690376569038 0.07176470588235294
0 0.7332635983263598 0.3347058823529412 0.15690376569037656 0.04352941176470588
0 0.6715481171548117 0.30411764705882355 0.03765690376569038 0.03411764705882353
0 0.8849372384937239 0.26588235294117646 0.100418410041841 0.07529411764705882
0 0.9822175732217573 0.10470588235294118 0.03556485355648536 0.02588235294117647
0 0.5376569037656904 0.06764705882352941 0.04602510460251046 0.012941176470588235
0 0.9612970711297071 0.06235294117647059 0.07740585774058577 0.023529411764705882
0 0.4560669456066946 0.041176470588235294 0.09623430962343096 0.01411764705882353
0 0.1589958158995816 0.05529411764705883 0.3179916317991632 0.047058823529411764
0 0.9801255230125523 0.008823529411764706 0.0397489539748954 0.01764705882352941
