0 0.3514644351464435 0.8917647058823529 0.15481171548117154 0.009411764705882352
0 0.8462343096234309 0.82 0.07322175732217573 0.04470588235294118
0 0.24372384937238495 0.8452941176470589 0.05230125523012552 0.1
0 0.7688284518828452 0.82 0.06485355648535565 0.10823529411764705
0 0.23117154811715482 0.7635294117647059 0.03556485355648536 0.10588235294117647
0 0.7635983263598326 0.7088235294117647 0.06694560669456066 0.10941176470588235
0 0.7583682008368201 0.5576470588235294 0.06485355648535565 0.02823529411764706
0 0.20606694560669456 0.5729411764705883 0.010460251046025104 0.17647058823529413
0 0.5198744769874477 0.4964705882352941 0.04811715481171548 0.02588235294117647
0 0.448744769874477 0.4894117647058824 0.0397489539748954 0.021176470588235293
0 0.5983263598326359 0.4764705882352941 0.058577405857740586 0.02588235294117647
0 0.39539748953974896 0.5358823529411765 0.18410041841004185 0.15176470588235294
0 0.5292887029288703 0.4676470588235294 0.04602510460251046 0.02235294117647059
0 0.46234309623430964 0.4623529411764706 0.05439330543933055 0.021176470588235293
0 0.40376569037656906 0.45647058823529413 0.03765690376569038 0.021176470588235293
0 0.6161087866108786 0.45235294117647057 0.043933054393305436 0.024705882352941175
0 0.551255230125523 0.4364705882352941 0.056485355648535567 0.04
0 0.21338912133891214 0.46 0.016736401673640166 0.09411764705882353
0 0.9748953974895398 0.37588235294117645 0.0502092050209205 0.029411764705882353
0 0.23430962343096234 0.38588235294117645 0.05439330543933055 0.0988235294117647
0 0.32217573221757323 0.34705882352941175 0.03347280334728033 0.04
0 0.301255230125523 0.3411764705882353 0.03765690376569038 0.02823529411764706
0 0.9456066945606695 0.3029411764705882 0.1087866108786611 0.08352941176470588
0 0.8232217573221757 0.4894117647058824 0.1903765690376569 0.6023529411764705
0 0.06589958158995816 0.21294117647058824 0.13179916317991633 0.11294117647058824
0 0.08472803347280335 0.14294117647058824 0.1694560669456067 0.13058823529411764
0 0.09623430962343096 0.03764705882352941 0.04184100418410042 0.02588235294117647
