0 0.3619246861924686 0.9723529411764706 0.04184100418410042 0.05529411764705883
0 0.4895397489539749 0.7252941176470589 0.48535564853556484 0.07176470588235294
0 0.4571129707112971 0.6405882352941177 0.20711297071129708 0.04588235294117647
0 0.7280334728033473 0.5758823529411765 0.029288702928870293 0.03176470588235294
0 0.9037656903765691 0.4623529411764706 0.19246861924686193 0.06352941176470588
0 0.6830543933054394 0.4229411764705882 0.06485355648535565 0.03176470588235294
0 0.16213389121338911 0.46 0.060669456066945605 0.1811764705882353
0 0.7615062761506276 0.28 0.07531380753138076 0.021176470588235293
0 0.8807531380753139 0.20294117647058824 0.10460251046025104 0.0976470588235294
0 0.6443514644351465 0.10588235294117647 0.05439330543933055 0.04
