0 0.25313807531380755 0.8347058823529412 0.03765690376569038 0.02235294117647059
0 0.3127615062761506 0.8282352941176471 0.043933054393305436 0.042352941176470586
0 0.6380753138075314 0.8135294117647058 0.05439330543933055 0.10705882352941176
0 0.8451882845188284 0.7223529411764706 0.03347280334728033 0.03294117647058824
0 0.9435146443514645 0.7 0.11297071129707113 0.0611764705882353
0 0.6997907949790795 0.668235294117647 0.060669456066945605 0.11058823529411765
0 0.9728033472803347 0.5811764705882353 0.05439330543933055 0.04941176470588235
0 0.021966527196652718 0.5682352941176471 0.043933054393305436 0.11529411764705882
0 0.6422594142259415 0.47352941176470587 0.07531380753138076 0.04588235294117647
0 0.060669456066945605 0.48 0.029288702928870293 0.07529411764705882
0 0.5878661087866108 0.46352941176470586 0.07112970711297072 0.04941176470588235
0 0.50418410041841 0.45176470588235296 0.09205020920502092 0.04941176470588235
0 0.40376569037656906 0.44058823529411767 0.12552301255230125 0.04823529411764706
0 0.9414225941422594 0.4652941176470588 0.11715481171548117 0.1
0 0.35564853556485354 0.4176470588235294 0.12552301255230125 0.07058823529411765
0 0.8870292887029289 0.37176470588235294 0.22594142259414227 0.12941176470588237
0 0.3378661087866109 0.18705882352941178 0.043933054393305436 0.02588235294117647
0 0.8619246861924686 0.16058823529411764 0.04184100418410042 0.11176470588235295
0 0.8838912133891214 0.07823529411764706 0.02301255230125523 0.027058823529411764
0 0.852510460251046 0.07705882352941176 0.02301255230125523 0.027058823529411764
0 0.8650627615062761 0.03588235294117647 0.02301255230125523 0.029411764705882353
0 0.9707112970711297 0.01 0.058577405857740586 0.02
