0 0.22384937238493724 0.9929411764705882 0.3305439330543933 0.01411764705882353
0 0.48326359832635984 0.7929411764705883 0.03765690376569038 0.06823529411764706
0 0.23430962343096234 0.7558823529411764 0.04184100418410042 0.07176470588235294
0 0.5784518828451883 0.7064705882352941 0.07740585774058577 0.03882352941176471
0 0.5690376569037657 0.6094117647058823 0.029288702928870293 0.03294117647058824
0 0.8713389121338913 0.5364705882352941 0.1192468619246862 0.058823529411764705
0 0.04497907949790795 0.5505882352941176 0.0899581589958159 0.15529411764705883
0 0.7060669456066946 0.4376470588235294 0.09414225941422594 0.0988235294117647
0 0.9518828451882845 0.39647058823529413 0.09623430962343096 0.06823529411764706
0 0.895397489539749 0.40647058823529414 0.1087866108786611 0.13058823529411764
0 0.9717573221757322 0.33176470588235296 0.056485355648535567 0.06823529411764706
0 0.6234309623430963 0.25823529411764706 0.0502092050209205 0.06470588235294118
0 0.9236401673640168 0.23176470588235293 0.15271966527196654 0.07294117647058823
0 0.3901673640167364 0.21411764705882352 0.10251046025104603 0.0611764705882353
0 0.6579497907949791 0.23705882352941177 0.0899581589958159 0.13529411764705881
0 0.16317991631799164 0.17529411764705882 0.09623430962343096 0.04
0 0.9361924686192469 0.1688235294117647 0.1108786610878661 0.036470588235294116
0 0.8242677824267782 0.1623529411764706 0.029288702928870293 0.09176470588235294
0 0.7154811715481172 0.14823529411764705 0.0794979079497908 0.06823529411764706
