0 0.6810141509433962 0.9069037656903766 0.09080188679245282 0.056485355648535567
0 0.7429245283018868 0.8357740585774058 0.06367924528301887 0.027196652719665274
0 0.9593160377358491 0.8085774058577406 0.08136792452830188 0.1694560669456067
0 0.5306603773584906 0.8274058577405857 0.07783018867924528 0.21548117154811716
0 0.03596698113207547 0.6997907949790795 0.07193396226415094 0.0899581589958159
0 0.7016509433962265 0.6757322175732218 0.2358490566037736 0.04602510460251046
0 0.9451650943396226 0.5125523012552301 0.07193396226415094 0.12133891213389121
0 0.8714622641509434 0.4916317991631799 0.04716981132075472 0.09623430962343096
0 0.9357311320754716 0.25627615062761505 0.04363207547169811 0.0397489539748954
0 0.9764150943396226 0.3148535564853556 0.04716981132075472 0.18619246861924685
0 0.9192216981132075 0.21652719665271966 0.041273584905660375 0.043933054393305436
0 0.6179245283018868 0.1903765690376569 0.294811320754717 0.03347280334728033
0 0.8655660377358491 0.19246861924686193 0.014150943396226415 0.058577405857740586
0 0.6196933962264151 0.13598326359832635 0.045990566037735846 0.016736401673640166
0 0.6533018867924528 0.15690376569037656 0.11320754716981132 0.06276150627615062
0 0.7706367924528302 0.15481171548117154 0.11438679245283019 0.06276150627615062
0 0.28596698113207547 0.12133891213389121 0.1615566037735849 0.008368200836820083
0 0.08077830188679246 0.11297071129707113 0.08608490566037735 0.02092050209205021
0 0.5925707547169812 0.07217573221757322 0.08608490566037735 0.07322175732217573
0 0.4693396226415094 0.06485355648535565 0.08254716981132075 0.09205020920502092
0 0.6538915094339622 0.03556485355648536 0.020047169811320754 0.07112970711297072
0 0.4339622641509434 0.02092050209205021 0.025943396226415096 0.04184100418410042
0 0.28537735849056606 0.02092050209205021 0.02358490566037736 0.04184100418410042
