0 0.5 0.9581589958158996 1.0 0.08368200836820083
0 0.11379716981132075 0.9393305439330544 0.06721698113207547 0.058577405857740586
0 0.2529481132075472 0.6349372384937239 0.04363207547169811 0.08577405857740586
0 0.6821933962264151 0.34623430962343094 0.045990566037735846 0.060669456066945605
0 0.7216981132075472 0.34205020920502094 0.03537735849056604 0.060669456066945605
0 0.6992924528301887 0.2792887029288703 0.08254716981132075 0.06485355648535565
0 0.0347877358490566 0.24686192468619247 0.027122641509433963 0.058577405857740586
0 0.08018867924528301 0.24163179916317992 0.02358490566037736 0.060669456066945605
0 0.10966981132075472 0.2395397489539749 0.02122641509433962 0.060669456066945605
0 0.1509433962264151 0.23640167364016737 0.025943396226415096 0.06276150627615062
0 0.22877358490566038 0.23117154811715482 0.0330188679245283 0.060669456066945605
0 0.2016509433962264 0.23221757322175732 0.018867924528301886 0.06276150627615062
0 0.267688679245283 0.2301255230125523 0.04245283018867924 0.06276150627615062
0 0.31839622641509435 0.22489539748953974 0.02122641509433962 0.060669456066945605
0 0.2977594339622642 0.22594142259414227 0.01061320754716981 0.06276150627615062
0 0.33726415094339623 0.22384937238493724 0.009433962264150943 0.06276150627615062
0 0.3626179245283019 0.2217573221757322 0.031839622641509434 0.06276150627615062
0 0.6709905660377359 0.20920502092050208 0.018867924528301886 0.04184100418410042
0 0.12853773584905662 0.06276150627615062 0.12971698113207547 0.12552301255230125
0 0.0695754716981132 0.02301255230125523 0.07547169811320754 0.04602510460251046
