0 0.9109669811320755 0.9016736401673641 0.05306603773584906 0.09205020920502092
0 0.10200471698113207 0.8410041841004184 0.1332547169811321 0.16736401673640167
0 0.9834905660377359 0.7688284518828452 0.0330188679245283 0.08158995815899582
0 0.8891509433962265 0.7792887029288703 0.06367924528301887 0.14435146443514643
0 0.9817216981132075 0.7165271966527197 0.036556603773584904 0.06903765690376569
0 0.2134433962264151 0.702928870292887 0.1320754716981132 0.2301255230125523
0 0.9764150943396226 0.6255230125523012 0.04245283018867924 0.09205020920502092
0 0.3767688679245283 0.497907949790795 0.1544811320754717 0.11297071129707113
0 0.6002358490566038 0.48640167364016734 0.1320754716981132 0.09832635983263599
0 0.7358490566037735 0.4393305439330544 0.16037735849056603 0.2301255230125523
0 0.7317216981132075 0.3514644351464435 0.18514150943396226 0.2594142259414226
0 0.660377358490566 0.1506276150627615 0.08962264150943396 0.06276150627615062
0 0.7511792452830188 0.14539748953974896 0.08254716981132075 0.06485355648535565
0 0.7234669811320755 0.1705020920502092 0.1733490566037736 0.12761506276150628
0 0.9758254716981132 0.14330543933054393 0.02240566037735849 0.08577405857740586
0 0.9469339622641509 0.04602510460251046 0.04245283018867924 0.09205020920502092
0 0.7564858490566038 0.029288702928870293 0.01768867924528302 0.058577405857740586
