0 0.0502092050209205 0.9423529411764706 0.100418410041841 0.10823529411764705
0 0.1506276150627615 0.928235294117647 0.09623430962343096 0.08941176470588236
0 0.17573221757322174 0.8135294117647058 0.1087866108786611 0.09058823529411765
0 0.27510460251046026 0.7858823529411765 0.02301255230125523 0.06823529411764706
0 0.7280334728033473 0.7841176470588235 0.06694560669456066 0.0976470588235294
0 0.7133891213389121 0.6858823529411765 0.06694560669456066 0.09411764705882353
0 0.5606694560669456 0.548235294117647 0.16736401673640167 0.05176470588235294
0 0.5575313807531381 0.5329411764705883 0.1694560669456067 0.04470588235294118
0 0.555439330543933 0.5170588235294118 0.18200836820083682 0.041176470588235294
0 0.33368200836820083 0.5035294117647059 0.0899581589958159 0.08470588235294117
0 0.24267782426778242 0.49470588235294116 0.04602510460251046 0.07411764705882352
0 0.9843096234309623 0.14588235294117646 0.03138075313807531 0.05176470588235294
0 0.029288702928870293 0.0976470588235294 0.058577405857740586 0.05411764705882353
0 0.2217573221757322 0.08176470588235295 0.08368200836820083 0.06235294117647059
0 0.1087866108786611 0.047058823529411764 0.02510460251046025 0.042352941176470586
0 0.08263598326359832 0.01 0.04811715481171548 0.02
