0 0.49581589958158995 0.9858823529411764 0.06276150627615062 0.02823529411764706
0 0.1903765690376569 0.981764705882353 0.029288702928870293 0.02
0 0.3922594142259414 0.9811764705882353 0.06485355648535565 0.03529411764705882
0 0.6098326359832636 0.9782352941176471 0.15690376569037656 0.04352941176470588
0 0.7688284518828452 0.9764705882352941 0.18619246861924685 0.047058823529411764
0 0.641213389121339 0.8958823529411765 0.22384937238493724 0.05764705882352941
0 0.8064853556485355 0.8605882352941177 0.13598326359832635 0.024705882352941175
0 0.35669456066945604 0.7635294117647059 0.15690376569037656 0.02588235294117647
0 0.9644351464435147 0.5811764705882353 0.07112970711297072 0.0611764705882353
0 0.4905857740585774 0.4323529411764706 0.19456066945606695 0.041176470588235294
0 0.9612970711297071 0.4294117647058823 0.07740585774058577 0.06352941176470588
0 0.6600418410041841 0.34705882352941175 0.5334728033472803 0.01647058823529412
0 0.8096234309623431 0.31588235294117645 0.08368200836820083 0.02235294117647059
0 0.1799163179916318 0.3241176470588235 0.3598326359832636 0.04352941176470588
0 0.399581589958159 0.29294117647058826 0.06276150627615062 0.018823529411764704
0 0.034518828451882845 0.2523529411764706 0.06903765690376569 0.02
0 0.9037656903765691 0.2641176470588235 0.19246861924686193 0.10235294117647059
0 0.4571129707112971 0.10411764705882352 0.043933054393305436 0.04352941176470588
0 0.9205020920502092 0.05 0.08368200836820083 0.1
0 0.34414225941422594 0.04058823529411765 0.056485355648535567 0.0811764705882353
