0 0.8425707547169812 0.9592050209205021 0.024764150943396228 0.08158995815899582
0 0.8201650943396226 0.6234309623430963 0.020047169811320754 0.03347280334728033
0 0.9929245283018868 0.5753138075313807 0.014150943396226415 0.13807531380753138
0 0.9581367924528302 0.38389121338912136 0.07900943396226415 0.18200836820083682
0 0.6975235849056604 0.24476987447698745 0.05306603773584906 0.06276150627615062
0 0.5925707547169812 0.20502092050209206 0.020047169811320754 0.05439330543933055
0 0.6975235849056604 0.18514644351464435 0.0625 0.060669456066945605
0 0.8419811320754716 0.01882845188284519 0.02358490566037736 0.03347280334728033
0 0.9475235849056604 0.05543933054393305 0.10495283018867925 0.1108786610878661
0 0.7305424528301887 0.028242677824267783 0.07900943396226415 0.056485355648535567
