0 0.6762971698113207 0.9100418410041841 0.08372641509433962 0.08786610878661087
0 0.4321933962264151 0.8483263598326359 0.0294811320754717 0.08158995815899582
0 0.5306603773584906 0.8472803347280334 0.06839622641509434 0.1087866108786611
0 0.3142688679245283 0.7677824267782427 0.07900943396226415 0.012552301255230125
0 0.4858490566037736 0.7489539748953975 0.08726415094339622 0.02092050209205021
0 0.6869103773584906 0.7102510460251046 0.07900943396226415 0.02301255230125523
0 0.754127358490566 0.5376569037656904 0.020047169811320754 0.07531380753138076
0 0.7240566037735849 0.5334728033472803 0.018867924528301886 0.0794979079497908
0 0.8714622641509434 0.5418410041841004 0.01650943396226415 0.23430962343096234
0 0.8012971698113207 0.50418410041841 0.0625 0.1589958158995816
0 0.7399764150943396 0.4497907949790795 0.036556603773584904 0.06694560669456066
0 0.20872641509433962 0.3514644351464435 0.18160377358490565 0.02510460251046025
0 0.27299528301886794 0.2939330543933054 0.09080188679245282 0.08577405857740586
0 0.3290094339622642 0.28765690376569036 0.02830188679245283 0.07740585774058577
0 0.16686320754716982 0.2824267782426778 0.16863207547169812 0.07112970711297072
0 0.04658018867924528 0.15376569037656904 0.09316037735849056 0.12761506276150628
0 0.4846698113207547 0.09832635983263599 0.030660377358490566 0.02510460251046025
0 0.39681603773584906 0.09832635983263599 0.04363207547169811 0.04184100418410042
0 0.12735849056603774 0.028242677824267783 0.08018867924528301 0.056485355648535567
