0 0.9048117154811716 0.8258823529411765 0.1903765690376569 0.08705882352941176
0 0.9309623430962343 0.7570588235294118 0.08786610878661087 0.03176470588235294
0 0.8326359832635983 0.7347058823529412 0.1087866108786611 0.04352941176470588
0 0.04288702928870293 0.6223529411764706 0.08577405857740586 0.09647058823529411
0 0.9550209205020921 0.48470588235294115 0.0899581589958159 0.01411764705882353
0 0.8807531380753139 0.5741176470588235 0.2384937238493724 0.19294117647058823
0 0.07531380753138076 0.49941176470588233 0.1506276150627615 0.09294117647058824
0 0.12761506276150628 0.40058823529411763 0.13807531380753138 0.029411764705882353
0 0.02615062761506276 0.38235294117647056 0.05230125523012552 0.02823529411764706
0 0.3064853556485356 0.38823529411764707 0.04811715481171548 0.05176470588235294
0 0.016736401673640166 0.3594117647058824 0.029288702928870293 0.02235294117647059
0 0.2405857740585774 0.38529411764705884 0.029288702928870293 0.12117647058823529
0 0.29497907949790797 0.32941176470588235 0.03765690376569038 0.02823529411764706
0 0.49267782426778245 0.35294117647058826 0.03556485355648536 0.08941176470588236
0 0.04184100418410042 0.32529411764705884 0.08368200836820083 0.03411764705882353
0 0.6140167364016736 0.3629411764705882 0.08158995815899582 0.11411764705882353
0 0.6192468619246861 0.23 0.11715481171548117 0.041176470588235294
