0 0.9528301886792453 0.8713389121338913 0.09433962264150944 0.06485355648535565
0 0.18455188679245282 0.8148535564853556 0.07900943396226415 0.060669456066945605
0 0.08844339622641509 0.8023012552301255 0.06132075471698113 0.0397489539748954
0 0.9569575471698113 0.7918410041841004 0.04363207547169811 0.0397489539748954
0 0.9192216981132075 0.8263598326359832 0.1615566037735849 0.11297071129707113
0 0.6297169811320755 0.6527196652719666 0.018867924528301886 0.12552301255230125
0 0.4180424528301887 0.5836820083682008 0.036556603773584904 0.058577405857740586
0 0.05070754716981132 0.6663179916317992 0.04009433962264151 0.2405857740585774
0 0.8042452830188679 0.5251046025104602 0.05188679245283019 0.029288702928870293
0 0.49410377358490565 0.5889121338912134 0.09905660377358491 0.20711297071129708
0 0.9510613207547169 0.4769874476987448 0.041273584905660375 0.058577405857740586
0 0.7110849056603774 0.4435146443514644 0.11320754716981132 0.20502092050209206
0 0.6957547169811321 0.34623430962343094 0.09669811320754718 0.014644351464435146
0 0.8136792452830188 0.33368200836820083 0.07075471698113207 0.01882845188284519
0 0.5819575471698113 0.3253138075313807 0.09080188679245282 0.03556485355648536
0 0.9587264150943396 0.3190376569037657 0.08254716981132075 0.10251046025104603
0 0.8060141509433962 0.2928870292887029 0.08372641509433962 0.058577405857740586
0 0.47759433962264153 0.3127615062761506 0.04245283018867924 0.10669456066945607
0 0.8042452830188679 0.23430962343096234 0.08254716981132075 0.058577405857740586
0 0.7057783018867925 0.2594142259414226 0.13561320754716982 0.17154811715481172
0 0.25412735849056606 0.16422594142259414 0.041273584905660375 0.027196652719665274
0 0.7989386792452831 0.10669456066945607 0.060141509433962265 0.03347280334728033
0 0.7411556603773585 0.06694560669456066 0.06721698113207547 0.0502092050209205
0 0.5784198113207547 0.0899581589958159 0.1332547169811321 0.12133891213389121
0 0.7783018867924528 0.04707112970711297 0.018867924528301886 0.0397489539748954
0 0.06132075471698113 0.06799163179916318 0.12264150943396226 0.0899581589958159
0 0.4410377358490566 0.07322175732217573 0.12971698113207547 0.14644351464435146
