0 0.32426778242677823 0.9194117647058824 0.497907949790795 0.07176470588235294
0 0.6297071129707112 0.8788235294117647 0.12133891213389121 0.03529411764705882
0 0.03765690376569038 0.8864705882352941 0.07112970711297072 0.12352941176470589
0 0.8117154811715481 0.7617647058823529 0.1087866108786611 0.12117647058823529
0 0.9079497907949791 0.658235294117647 0.18410041841004185 0.027058823529411764
0 0.8598326359832636 0.43941176470588234 0.09205020920502092 0.01764705882352941
0 0.18200836820083682 0.4335294117647059 0.36401673640167365 0.06
0 0.9100418410041841 0.3905882352941176 0.1799163179916318 0.11294117647058824
0 0.18305439330543932 0.3658823529411765 0.09414225941422594 0.07764705882352942
0 0.2604602510460251 0.35058823529411764 0.05230125523012552 0.0611764705882353
0 0.5700836820083682 0.3517647058823529 0.25732217573221755 0.08705882352941176
0 0.6255230125523012 0.27 0.09205020920502092 0.04823529411764706
0 0.11715481171548117 0.27058823529411763 0.04184100418410042 0.04941176470588235
0 0.20920502092050208 0.26529411764705885 0.04602510460251046 0.04823529411764706
0 0.5784518828451883 0.27176470588235296 0.2196652719665272 0.06588235294117648
0 0.2489539748953975 0.2605882352941176 0.04602510460251046 0.04823529411764706
0 0.2907949790794979 0.25529411764705884 0.04602510460251046 0.047058823529411764
0 0.6673640167364017 0.18470588235294116 0.1799163179916318 0.04941176470588235
0 0.9937238493723849 0.17176470588235293 0.012552301255230125 0.08
0 0.5993723849372385 0.1423529411764706 0.04811715481171548 0.04470588235294118
0 0.6548117154811716 0.16294117647058823 0.18410041841004185 0.10705882352941176
0 0.9131799163179917 0.05 0.12761506276150628 0.015294117647058824
