0 0.2698744769874477 0.9423529411764706 0.06694560669456066 0.01647058823529412
0 0.5366108786610879 0.9235294117647059 0.1694560669456067 0.023529411764705882
0 0.9623430962343096 0.6194117647058823 0.058577405857740586 0.015294117647058824
0 0.008368200836820083 0.31411764705882356 0.016736401673640166 0.03058823529411765
0 0.5753138075313807 0.3023529411764706 0.029288702928870293 0.03764705882352941
0 0.5627615062761506 0.3029411764705882 0.0794979079497908 0.11647058823529412
0 0.20920502092050208 0.24411764705882352 0.20502092050209206 0.14705882352941177
0 0.07845188284518828 0.18294117647058825 0.15690376569037656 0.08823529411764706
0 0.6809623430962343 0.16411764705882353 0.27405857740585776 0.11411764705882353
0 0.19142259414225943 0.14 0.03138075313807531 0.08470588235294117
0 0.8713389121338913 0.11647058823529412 0.11506276150627615 0.04
0 0.6642259414225942 0.11176470588235295 0.10669456066945607 0.042352941176470586
0 0.4571129707112971 0.11352941176470588 0.10669456066945607 0.04588235294117647
0 0.06276150627615062 0.11176470588235295 0.11715481171548117 0.042352941176470586
0 0.2709205020920502 0.11 0.1108786610878661 0.04352941176470588
0 0.3723849372384937 0.10823529411764705 0.016736401673640166 0.0988235294117647
