0 0.5669456066945606 0.9894117647058823 0.0502092050209205 0.021176470588235293
0 0.19456066945606695 0.9894117647058823 0.029288702928870293 0.021176470588235293
0 0.39330543933054396 0.9864705882352941 0.06276150627615062 0.027058823529411764
0 0.8326359832635983 0.9847058823529412 0.07531380753138076 0.03058823529411765
0 0.6380753138075314 0.9 0.2217573221757322 0.06352941176470588
0 0.8023012552301255 0.8641176470588235 0.1401673640167364 0.029411764705882353
0 0.47280334728033474 0.8376470588235294 0.2510460251046025 0.15058823529411763
0 0.9497907949790795 0.5776470588235294 0.100418410041841 0.0611764705882353
0 0.4811715481171548 0.44823529411764707 0.1799163179916318 0.04
0 0.9393305439330544 0.4329411764705882 0.12133891213389121 0.08470588235294117
0 0.8106694560669456 0.31176470588235294 0.08577405857740586 0.023529411764705882
0 0.3985355648535565 0.29 0.06485355648535565 0.02
0 0.03347280334728033 0.24823529411764705 0.06694560669456066 0.018823529411764704
0 0.9069037656903766 0.26 0.18619246861924685 0.10352941176470588
0 0.4571129707112971 0.10352941176470588 0.0397489539748954 0.04941176470588235
0 0.9194560669456067 0.04764705882352941 0.07740585774058577 0.09529411764705882
0 0.34518828451882844 0.03882352941176471 0.058577405857740586 0.07764705882352942
