0 0.4330543933054393 0.7935294117647059 0.03765690376569038 0.015294117647058824
0 0.5606694560669456 0.7752941176470588 0.08786610878661087 0.01647058823529412
0 0.4895397489539749 0.6411764705882353 0.07112970711297072 0.04470588235294118
0 0.8755230125523012 0.5288235294117647 0.0397489539748954 0.036470588235294116
0 0.9215481171548117 0.5370588235294118 0.056485355648535567 0.05764705882352941
0 0.8138075313807531 0.5229411764705882 0.07531380753138076 0.03882352941176471
0 0.4686192468619247 0.5023529411764706 0.03347280334728033 0.04941176470588235
0 0.032426778242677826 0.3247058823529412 0.06485355648535565 0.01411764705882353
0 0.09623430962343096 0.3264705882352941 0.04602510460251046 0.02
0 0.03556485355648536 0.21588235294117647 0.07112970711297072 0.02
0 0.056485355648535567 0.10294117647058823 0.11297071129707113 0.02235294117647059
