0 0.6767782426778243 0.7905882352941176 0.06903765690376569 0.018823529411764704
0 0.606694560669456 0.7523529411764706 0.07112970711297072 0.02235294117647059
0 0.9665271966527197 0.7623529411764706 0.06694560669456066 0.06823529411764706
0 0.2112970711297071 0.7276470588235294 0.08368200836820083 0.06
0 0.8755230125523012 0.6805882352941176 0.13598326359832635 0.05764705882352941
0 0.48640167364016734 0.57 0.043933054393305436 0.01764705882352941
0 0.9518828451882845 0.5788235294117647 0.09623430962343096 0.07058823529411765
0 0.12238493723849372 0.5670588235294117 0.09832635983263599 0.25882352941176473
0 0.19456066945606695 0.3 0.0794979079497908 0.042352941176470586
0 0.27510460251046026 0.2823529411764706 0.09832635983263599 0.047058823529411764
0 0.06694560669456066 0.24529411764705883 0.1087866108786611 0.05058823529411765
0 0.2604602510460251 0.19823529411764707 0.2698744769874477 0.04352941176470588
0 0.6746861924686193 0.1676470588235294 0.11506276150627615 0.012941176470588235
0 0.30857740585774057 0.15294117647058825 0.043933054393305436 0.018823529411764704
0 0.2102510460251046 0.14588235294117646 0.0899581589958159 0.023529411764705882
0 0.04811715481171548 0.14411764705882352 0.09623430962343096 0.041176470588235294
