0 0.11401673640167365 0.7811764705882352 0.03556485355648536 0.02588235294117647
0 0.12133891213389121 0.7770588235294118 0.11297071129707113 0.05764705882352941
0 0.12133891213389121 0.7229411764705882 0.12552301255230125 0.05764705882352941
0 0.06589958158995816 0.6111764705882353 0.13179916317991633 0.04352941176470588
0 0.9225941422594143 0.5070588235294118 0.15481171548117154 0.04470588235294118
0 0.18828451882845187 0.43823529411764706 0.06694560669456066 0.024705882352941175
0 0.23744769874476987 0.4447058823529412 0.14435146443514643 0.0611764705882353
0 0.13389121338912133 0.41058823529411764 0.26778242677824265 0.04470588235294118
0 0.854602510460251 0.39588235294117646 0.09414225941422594 0.08352941176470588
0 0.6516736401673641 0.2964705882352941 0.16108786610878661 0.04941176470588235
0 0.8347280334728033 0.24705882352941178 0.16736401673640167 0.07058823529411765
0 0.9696652719665272 0.06823529411764706 0.060669456066945605 0.03529411764705882
0 0.946652719665272 0.03 0.10669456066945607 0.024705882352941175
0 0.15376569037656904 0.027058823529411764 0.24476987447698745 0.02823529411764706
