0 0.4330543933054393 0.8223529411764706 0.06276150627615062 0.02588235294117647
0 0.5784518828451883 0.8247058823529412 0.11506276150627615 0.05647058823529412
0 0.4476987447698745 0.8064705882352942 0.04602510460251046 0.02
0 0.6307531380753139 0.7676470588235295 0.08577405857740586 0.02235294117647059
0 0.47384937238493724 0.7729411764705882 0.04811715481171548 0.04470588235294118
0 0.6663179916317992 0.7129411764705882 0.060669456066945605 0.07294117647058823
0 0.696652719665272 0.5747058823529412 0.1297071129707113 0.20588235294117646
0 0.3158995815899582 0.23352941176470587 0.04184100418410042 0.036470588235294116
0 0.5638075313807531 0.22588235294117648 0.17782426778242677 0.04
0 0.1600418410041841 0.1711764705882353 0.0397489539748954 0.027058823529411764
0 0.9288702928870293 0.18411764705882352 0.07531380753138076 0.07176470588235294
0 0.12866108786610878 0.11470588235294117 0.07322175732217573 0.06235294117647059
0 0.5910041841004184 0.0976470588235294 0.08577405857740586 0.15294117647058825
0 0.0596234309623431 0.007058823529411765 0.04811715481171548 0.01411764705882353
