0 0.9581367924528302 0.899581589958159 0.08372641509433962 0.0794979079497908
0 0.9805424528301887 0.8619246861924686 0.03419811320754717 0.03765690376569038
0 0.6998820754716981 0.8389121338912134 0.031839622641509434 0.03765690376569038
0 0.8130896226415094 0.8357740585774058 0.04834905660377359 0.03556485355648536
0 0.09492924528301887 0.8075313807531381 0.07429245283018868 0.0794979079497908
0 0.964622641509434 0.7876569037656904 0.02830188679245283 0.056485355648535567
0 0.6273584905660378 0.6997907949790795 0.018867924528301886 0.12343096234309624
0 0.7028301886792453 0.606694560669456 0.09198113207547169 0.012552301255230125
0 0.8001179245283019 0.5868200836820083 0.05070754716981132 0.027196652719665274
0 0.054245283018867926 0.6621338912133892 0.03773584905660377 0.18200836820083682
0 0.9634433962264151 0.4131799163179916 0.04481132075471698 0.027196652719665274
0 0.6975235849056604 0.40376569037656906 0.10023584905660378 0.012552301255230125
0 0.5866745283018868 0.37343096234309625 0.09080188679245282 0.03138075313807531
0 0.8042452830188679 0.3577405857740586 0.07311320754716981 0.05439330543933055
0 0.9593160377358491 0.3608786610878661 0.08136792452830188 0.07740585774058577
0 0.8060141509433962 0.29811715481171547 0.07900943396226415 0.056485355648535567
0 0.9811320754716981 0.23535564853556484 0.03773584905660377 0.04811715481171548
0 0.5984669811320755 0.18200836820083682 0.036556603773584904 0.029288702928870293
0 0.7617924528301887 0.12656903765690378 0.05188679245283019 0.043933054393305436
0 0.558372641509434 0.11506276150627615 0.045990566037735846 0.03765690376569038
0 0.6079009433962265 0.14330543933054393 0.10966981132075472 0.10251046025104603
0 0.07488207547169812 0.10355648535564854 0.14976415094339623 0.10669456066945607
0 0.4339622641509434 0.1087866108786611 0.11320754716981132 0.1799163179916318
0 0.31957547169811323 0.01882845188284519 0.03773584905660377 0.03765690376569038
0 0.2028301886792453 0.034518828451882845 0.07547169811320754 0.06903765690376569
