0 0.7468619246861925 0.611764705882353 0.14225941422594143 0.07058823529411765
0 0.7332635983263598 0.5788235294117647 0.10669456066945607 0.02588235294117647
0 0.9884937238493724 0.57 0.02301255230125523 0.02
0 0.9518828451882845 0.58 0.016736401673640166 0.08
0 0.3294979079497908 0.4235294117647059 0.06903765690376569 0.01647058823529412
0 0.9267782426778243 0.20588235294117646 0.058577405857740586 0.047058823529411764
0 0.850418410041841 0.1976470588235294 0.1108786610878661 0.04470588235294118
0 0.6182008368200836 0.19058823529411764 0.04811715481171548 0.03294117647058824
0 0.7719665271966527 0.08647058823529412 0.02092050209205021 0.08352941176470588
0 0.8002092050209205 0.017058823529411765 0.10251046025104603 0.02
0 0.0794979079497908 0.022941176470588236 0.02510460251046025 0.04588235294117647
