0 0.6580188679245284 0.9728033472803347 0.025943396226415096 0.029288702928870293
0 0.6597877358490566 0.9372384937238494 0.027122641509433963 0.029288702928870293
0 0.9917452830188679 0.8870292887029289 0.01650943396226415 0.11715481171548117
0 0.19693396226415094 0.7866108786610879 0.049528301886792456 0.0502092050209205
0 0.07724056603773585 0.7960251046025104 0.08608490566037735 0.07322175732217573
0 0.015330188679245283 0.7489539748953975 0.030660377358490566 0.10460251046025104
0 0.14976415094339623 0.7196652719665272 0.07311320754716981 0.07531380753138076
0 0.7482311320754716 0.7071129707112971 0.020047169811320754 0.0794979079497908
0 0.010023584905660377 0.643305439330544 0.020047169811320754 0.06485355648535565
0 0.7511792452830188 0.6150627615062761 0.02122641509433962 0.07112970711297072
0 0.12971698113207547 0.5742677824267782 0.07783018867924528 0.10669456066945607
0 0.009433962264150943 0.5104602510460251 0.018867924528301886 0.08368200836820083
0 0.39681603773584906 0.3472803347280335 0.024764150943396228 0.07531380753138076
0 0.43042452830188677 0.3138075313807531 0.03537735849056604 0.14644351464435146
0 0.4044811320754717 0.2615062761506276 0.02358490566037736 0.058577405857740586
0 0.6220518867924528 0.2813807531380753 0.10731132075471699 0.1192468619246862
0 0.054245283018867926 0.20711297071129708 0.03773584905660377 0.02092050209205021
0 0.4740566037735849 0.17259414225941422 0.04716981132075472 0.043933054393305436
0 0.24528301886792453 0.17573221757322174 0.0330188679245283 0.058577405857740586
0 0.33490566037735847 0.14958158995815898 0.09198113207547169 0.056485355648535567
0 0.8549528301886793 0.2175732217573222 0.02358490566037736 0.23430962343096234
0 0.20754716981132076 0.1297071129707113 0.03773584905660377 0.06694560669456066
0 0.2800707547169811 0.09832635983263599 0.08136792452830188 0.06276150627615062
0 0.6137971698113207 0.1192468619246862 0.08136792452830188 0.1087866108786611
0 0.6786556603773585 0.11820083682008369 0.05070754716981132 0.1694560669456067
0 0.5925707547169812 0.032426778242677826 0.14504716981132076 0.06485355648535565
0 0.4840801886792453 0.0198744769874477 0.04834905660377359 0.0397489539748954
0 0.041273584905660375 0.02301255230125523 0.08254716981132075 0.04602510460251046
