0 0.5899581589958159 0.8570588235294118 0.11715481171548117 0.027058823529411764
0 0.4110878661087866 0.7088235294117647 0.06485355648535565 0.05764705882352941
0 0.45397489539748953 0.4758823529411765 0.07531380753138076 0.029411764705882353
0 0.4884937238493724 0.47352941176470587 0.6422594142259415 0.10470588235294118
0 0.7562761506276151 0.3988235294117647 0.027196652719665274 0.03058823529411765
0 0.7228033472803347 0.3988235294117647 0.03556485355648536 0.03058823529411765
0 0.5596234309623431 0.3976470588235294 0.06485355648535565 0.02823529411764706
0 0.4330543933054393 0.39647058823529413 0.03347280334728033 0.02823529411764706
0 0.26569037656903766 0.39588235294117646 0.029288702928870293 0.027058823529411764
0 0.803347280334728 0.3211764705882353 0.1087866108786611 0.0988235294117647
0 0.9759414225941423 0.22941176470588234 0.04811715481171548 0.08705882352941176
0 0.8179916317991632 0.18 0.26778242677824265 0.08941176470588236
0 0.9142259414225942 0.15941176470588236 0.17154811715481172 0.05058823529411765
0 0.24790794979079497 0.14705882352941177 0.2280334728033473 0.07764705882352942
0 0.5313807531380753 0.13058823529411764 0.06694560669456066 0.04941176470588235
0 0.9152719665271967 0.11705882352941177 0.1694560669456067 0.04588235294117647
0 0.10564853556485355 0.12176470588235294 0.13179916317991633 0.06705882352941177
0 0.3190376569037657 0.057058823529411766 0.11506276150627615 0.01764705882352941
0 0.12447698744769875 0.051176470588235295 0.2489539748953975 0.010588235294117647
