0 0.6733490566037735 0.9497907949790795 0.08726415094339622 0.05439330543933055
0 0.5365566037735849 0.9006276150627615 0.05660377358490566 0.15690376569037656
0 0.6668632075471698 0.8064853556485355 0.23702830188679244 0.0397489539748954
0 0.9510613207547169 0.8462343096234309 0.0695754716981132 0.15690376569037656
0 0.7788915094339622 0.6861924686192469 0.07193396226415094 0.058577405857740586
0 0.5854952830188679 0.6705020920502092 0.041273584905660375 0.043933054393305436
0 0.6880896226415094 0.6192468619246861 0.01768867924528302 0.04184100418410042
0 0.6037735849056604 0.6297071129707112 0.01650943396226415 0.11297071129707113
0 0.8030660377358491 0.5878661087866108 0.05660377358490566 0.0502092050209205
0 0.9292452830188679 0.5836820083682008 0.06839622641509434 0.04602510460251046
0 0.03419811320754717 0.5951882845188284 0.05188679245283019 0.0899581589958159
0 0.5919811320754716 0.5575313807531381 0.049528301886792456 0.05230125523012552
0 0.6875 0.602510460251046 0.08962264150943396 0.18828451882845187
0 0.7570754716981132 0.5721757322175732 0.0330188679245283 0.13598326359832635
0 0.8555424528301887 0.5303347280334728 0.036556603773584904 0.08577405857740586
0 0.7942216981132075 0.5146443514644351 0.05070754716981132 0.06276150627615062
0 0.021816037735849055 0.49476987447698745 0.04363207547169811 0.06903765690376569
0 0.8237028301886793 0.502092050209205 0.031839622641509434 0.1087866108786611
0 0.19929245283018868 0.5460251046025104 0.10377358490566038 0.21338912133891214
0 0.41568396226415094 0.49581589958158995 0.041273584905660375 0.16736401673640167
0 0.9846698113207547 0.39748953974895396 0.030660377358490566 0.0502092050209205
0 0.25235849056603776 0.4194560669456067 0.09198113207547169 0.10669456066945607
0 0.6285377358490566 0.34205020920502094 0.3891509433962264 0.09414225941422594
0 0.6255896226415094 0.33158995815899583 0.11910377358490566 0.07322175732217573
0 0.9115566037735849 0.303347280334728 0.03773584905660377 0.03347280334728033
0 0.13502358490566038 0.23430962343096234 0.20872641509433962 0.04184100418410042
0 0.2205188679245283 0.2217573221757322 0.0589622641509434 0.029288702928870293
0 0.9675707547169812 0.3179916317991632 0.06485849056603774 0.2384937238493724
0 0.0347877358490566 0.19142259414225943 0.0695754716981132 0.01882845188284519
0 0.5807783018867925 0.14644351464435146 0.07429245283018868 0.06694560669456066
0 0.43514150943396224 0.1412133891213389 0.030660377358490566 0.056485355648535567
0 0.2806603773584906 0.08158995815899582 0.02122641509433962 0.05439330543933055
0 0.3154481132075472 0.038702928870292884 0.1332547169811321 0.07740585774058577
0 0.22169811320754718 0.04184100418410042 0.10849056603773585 0.08368200836820083
0 0.05188679245283019 0.011506276150627616 0.05188679245283019 0.02301255230125523
