0 0.5711297071129707 0.83 0.2217573221757322 0.06941176470588235
0 0.9330543933054394 0.8035294117647059 0.13389121338912133 0.023529411764705882
0 0.6610878661087866 0.7617647058823529 0.029288702928870293 0.02235294117647059
0 0.17782426778242677 0.508235294117647 0.03765690376569038 0.03294117647058824
0 0.3023012552301255 0.5005882352941177 0.060669456066945605 0.03176470588235294
0 0.20815899581589958 0.38294117647058823 0.07322175732217573 0.06
0 0.3682008368200837 0.3552941176470588 0.24267782426778242 0.08
0 0.4801255230125523 0.3264705882352941 0.02301255230125523 0.027058823529411764
0 0.7656903765690377 0.32176470588235295 0.029288702928870293 0.06
0 0.5345188284518828 0.33294117647058824 0.15271966527196654 0.09647058823529411
0 0.6056485355648535 0.1952941176470588 0.01882845188284519 0.05647058823529412
0 0.9299163179916318 0.12823529411764706 0.10251046025104603 0.2564705882352941
0 0.6307531380753139 0.07882352941176471 0.043933054393305436 0.15764705882352942
0 0.34414225941422594 0.05529411764705883 0.03138075313807531 0.11058823529411765
0 0.0596234309623431 0.05058823529411765 0.043933054393305436 0.1011764705882353
