0 0.07488207547169812 0.7834728033472803 0.031839622641509434 0.02301255230125523
0 0.6308962264150944 0.7698744769874477 0.03537735849056604 0.09205020920502092
0 0.5831367924528302 0.7740585774058577 0.05070754716981132 0.17573221757322174
0 0.6126179245283019 0.6882845188284519 0.03419811320754717 0.11297071129707113
0 0.2936320754716981 0.6527196652719666 0.04245283018867924 0.04184100418410042
0 0.02122641509433962 0.5575313807531381 0.01650943396226415 0.08158995815899582
0 0.49587264150943394 0.5167364016736402 0.05306603773584906 0.016736401673640166
0 0.32547169811320753 0.7353556485355649 0.014150943396226415 0.5125523012552301
0 0.10023584905660378 0.4696652719665272 0.018867924528301886 0.043933054393305436
0 0.504127358490566 0.4686192468619247 0.036556603773584904 0.08368200836820083
0 0.05778301886792453 0.4299163179916318 0.11556603773584906 0.07322175732217573
0 0.027122641509433963 0.33263598326359833 0.030660377358490566 0.08368200836820083
0 0.3266509433962264 0.3169456066945607 0.054245283018867926 0.17364016736401675
0 0.2505896226415094 0.20920502092050208 0.03891509433962264 0.1087866108786611
0 0.7264150943396226 0.19246861924686193 0.049528301886792456 0.09623430962343096
0 0.6008254716981132 0.17573221757322174 0.21108490566037735 0.06694560669456066
0 0.5607311320754716 0.09414225941422594 0.04363207547169811 0.03765690376569038
0 0.5058962264150944 0.060669456066945605 0.0589622641509434 0.12133891213389121
0 0.41450471698113206 0.009414225941422594 0.03891509433962264 0.01882845188284519
