0 0.5230125523012552 0.8135294117647058 0.20502092050209206 0.02235294117647059
0 0.9194560669456067 0.7635294117647059 0.16108786610878661 0.02588235294117647
0 0.893305439330544 0.7105882352941176 0.21338912133891214 0.07058823529411765
0 0.946652719665272 0.6317647058823529 0.10669456066945607 0.02588235294117647
0 0.8420502092050209 0.6276470588235294 0.09832635983263599 0.027058823529411764
0 0.856694560669456 0.5788235294117647 0.10669456066945607 0.021176470588235293
0 0.016736401673640166 0.4123529411764706 0.03347280334728033 0.02235294117647059
0 0.3368200836820084 0.3588235294117647 0.06276150627615062 0.03764705882352941
0 0.2792887029288703 0.28058823529411764 0.08158995815899582 0.03176470588235294
0 0.12238493723849372 0.27941176470588236 0.10251046025104603 0.036470588235294116
0 0.9089958158995816 0.2711764705882353 0.18200836820083682 0.12823529411764706
0 0.09937238493723849 0.1188235294117647 0.19874476987447698 0.02823529411764706
0 0.0502092050209205 0.09705882352941177 0.100418410041841 0.010588235294117647
0 0.9403765690376569 0.021176470588235293 0.056485355648535567 0.042352941176470586
