0 0.9257322175732218 0.9770588235294118 0.06485355648535565 0.04588235294117647
0 0.9644351464435147 0.9247058823529412 0.07112970711297072 0.15058823529411763
0 0.9633891213389121 0.8235294117647058 0.07322175732217573 0.03294117647058824
0 0.7071129707112971 0.7817647058823529 0.23430962343096234 0.07176470588235294
0 0.5083682008368201 0.7064705882352941 0.10460251046025104 0.041176470588235294
0 0.4372384937238494 0.6905882352941176 0.0502092050209205 0.03529411764705882
0 0.9497907949790795 0.7211764705882353 0.100418410041841 0.17176470588235293
0 0.7740585774058577 0.6594117647058824 0.22594142259414227 0.05529411764705883
0 0.6736401673640168 0.43117647058823527 0.301255230125523 0.02
0 0.5794979079497908 0.41058823529411764 0.07531380753138076 0.03294117647058824
0 0.33472803347280333 0.42764705882352944 0.09205020920502092 0.07411764705882352
0 0.4351464435146444 0.41294117647058826 0.08786610878661087 0.06352941176470588
0 0.07531380753138076 0.4776470588235294 0.05439330543933055 0.1976470588235294
0 0.5125523012552301 0.4041176470588235 0.06694560669456066 0.06
0 0.7981171548117155 0.3876470588235294 0.07322175732217573 0.05058823529411765
0 0.7248953974895398 0.3870588235294118 0.060669456066945605 0.05647058823529412
0 0.6610878661087866 0.3888235294117647 0.07531380753138076 0.06
0 0.0502092050209205 0.3411764705882353 0.02092050209205021 0.058823529411764705
0 0.5711297071129707 0.3070588235294118 0.18410041841004185 0.03764705882352941
0 0.7635983263598326 0.3064705882352941 0.18828451882845187 0.03882352941176471
0 0.5355648535564853 0.23411764705882354 0.13389121338912133 0.047058823529411764
0 0.6903765690376569 0.22823529411764706 0.14225941422594143 0.06588235294117648
0 0.8629707112970711 0.21764705882352942 0.12761506276150628 0.07294117647058823
0 0.9654811715481172 0.2111764705882353 0.06903765690376569 0.06941176470588235
