0 0.9937238493723849 0.7058823529411765 0.012552301255230125 0.05411764705882353
0 0.5868200836820083 0.6629411764705883 0.1903765690376569 0.04352941176470588
0 0.6297071129707112 0.5705882352941176 0.08786610878661087 0.023529411764705882
0 0.5209205020920502 0.5429411764705883 0.1297071129707113 0.0811764705882353
0 0.39435146443514646 0.5329411764705883 0.1108786610878661 0.06588235294117648
0 0.27615062761506276 0.5288235294117647 0.10460251046025104 0.06470588235294118
0 0.40376569037656906 0.4611764705882353 0.06276150627615062 0.03529411764705882
0 0.7301255230125523 0.42058823529411765 0.06694560669456066 0.07647058823529412
0 0.11820083682008369 0.4147058823529412 0.060669456066945605 0.06705882352941177
0 0.6652719665271967 0.3982352941176471 0.02510460251046025 0.04352941176470588
0 0.6255230125523012 0.4076470588235294 0.04184100418410042 0.07176470588235294
0 0.19456066945606695 0.40294117647058825 0.07112970711297072 0.06941176470588235
0 0.5502092050209205 0.4023529411764706 0.07112970711297072 0.07058823529411765
0 0.2834728033472803 0.3976470588235294 0.07740585774058577 0.06823529411764706
0 0.46338912133891214 0.39647058823529413 0.06903765690376569 0.07058823529411765
0 0.37552301255230125 0.3952941176470588 0.07322175732217573 0.06823529411764706
