0 0.06276150627615062 0.8976470588235295 0.04184100418410042 0.023529411764705882
0 0.0198744769874477 0.8452941176470589 0.0397489539748954 0.03411764705882353
0 0.20188284518828453 0.7341176470588235 0.03556485355648536 0.02823529411764706
0 0.3807531380753138 0.72 0.04184100418410042 0.04
0 0.27405857740585776 0.7147058823529412 0.05439330543933055 0.03176470588235294
0 0.8483263598326359 0.6505882352941177 0.0397489539748954 0.018823529411764704
0 0.9341004184100419 0.6317647058823529 0.0899581589958159 0.021176470588235293
0 0.8629707112970711 0.59 0.15271966527196654 0.024705882352941175
0 0.8253138075313807 0.4511764705882353 0.19456066945606695 0.03882352941176471
0 0.14330543933054393 0.39647058823529413 0.056485355648535567 0.02588235294117647
0 0.19769874476987448 0.13058823529411764 0.13179916317991633 0.09411764705882353
0 0.6401673640167364 0.08647058823529412 0.06694560669456066 0.012941176470588235
0 0.4696652719665272 0.09941176470588235 0.09832635983263599 0.04823529411764706
0 0.9372384937238494 0.057058823529411766 0.12552301255230125 0.06941176470588235
0 0.698744769874477 0.009411764705882352 0.03347280334728033 0.018823529411764704
0 0.5711297071129707 0.02176470588235294 0.03347280334728033 0.04352941176470588
0 0.4341004184100418 0.018823529411764704 0.06485355648535565 0.03764705882352941
