0 0.8901673640167364 0.9288235294117647 0.04811715481171548 0.02235294117647059
0 0.7635983263598326 0.9494117647058824 0.47280334728033474 0.06352941176470588
0 0.7018828451882845 0.9094117647058824 0.08158995815899582 0.01647058823529412
0 0.9393305439330544 0.9188235294117647 0.08786610878661087 0.05176470588235294
0 0.7175732217573222 0.8941176470588236 0.06276150627615062 0.01411764705882353
0 0.4205020920502092 0.8670588235294118 0.029288702928870293 0.03058823529411765
0 0.7196652719665272 0.7852941176470588 0.04602510460251046 0.02
0 0.7813807531380753 0.7470588235294118 0.1401673640167364 0.021176470588235293
0 0.9633891213389121 0.7429411764705882 0.07322175732217573 0.04588235294117647
0 0.9707112970711297 0.7294117647058823 0.04184100418410042 0.021176470588235293
0 0.8786610878661087 0.5123529411764706 0.13389121338912133 0.015294117647058824
0 0.9121338912133892 0.49 0.11297071129707113 0.015294117647058824
0 0.9361924686192469 0.30117647058823527 0.12761506276150628 0.042352941176470586
0 0.6464435146443515 0.29 0.0794979079497908 0.041176470588235294
0 0.7269874476987448 0.2911764705882353 0.11506276150627615 0.04588235294117647
0 0.6422594142259415 0.23823529411764705 0.0502092050209205 0.03882352941176471
0 0.9518828451882845 0.20352941176470588 0.09623430962343096 0.05411764705882353
0 0.895397489539749 0.008823529411764706 0.20920502092050208 0.01764705882352941
0 0.42677824267782427 0.004705882352941176 0.2384937238493724 0.009411764705882352
