0 0.22489539748953974 0.9294117647058824 0.37447698744769875 0.06588235294117648
0 0.5847280334728033 0.8305882352941176 0.07740585774058577 0.01647058823529412
0 0.6799163179916318 0.8235294117647058 0.058577405857740586 0.01647058823529412
0 0.06380753138075314 0.8335294117647059 0.09832635983263599 0.05764705882352941
0 0.6820083682008368 0.7758823529411765 0.03765690376569038 0.027058823529411764
0 0.8023012552301255 0.7741176470588236 0.03556485355648536 0.02823529411764706
0 0.7207112970711297 0.7729411764705882 0.03556485355648536 0.02823529411764706
0 0.7583682008368201 0.7688235294117647 0.03556485355648536 0.029411764705882353
0 0.647489539748954 0.5611764705882353 0.1903765690376569 0.10352941176470588
0 0.200836820083682 0.46588235294117647 0.07531380753138076 0.05411764705882353
0 0.27719665271966526 0.4588235294117647 0.06903765690376569 0.05411764705882353
0 0.3472803347280335 0.45176470588235296 0.07531380753138076 0.05411764705882353
0 0.12238493723849372 0.46176470588235297 0.09414225941422594 0.07882352941176471
0 0.698744769874477 0.05 0.03765690376569038 0.1
