0 0.41568396226415094 0.8608786610878661 0.18514150943396226 0.04811715481171548
0 0.9711084905660378 0.8368200836820083 0.05778301886792453 0.02510460251046025
0 0.9823113207547169 0.8043933054393305 0.03537735849056604 0.01882845188284519
0 0.5890330188679245 0.5 0.045990566037735846 0.1799163179916318
0 0.9280660377358491 0.3985355648535565 0.14386792452830188 0.09414225941422594
0 0.5925707547169812 0.36506276150627615 0.07429245283018868 0.0899581589958159
0 0.2841981132075472 0.348326359832636 0.08962264150943396 0.060669456066945605
0 0.375 0.34414225941422594 0.08490566037735849 0.056485355648535567
0 0.21816037735849056 0.2813807531380753 0.125 0.02301255230125523
0 0.44221698113207547 0.20606694560669456 0.18632075471698112 0.05230125523012552
0 0.8325471698113207 0.20606694560669456 0.03773584905660377 0.07740585774058577
0 0.9587264150943396 0.19142259414225943 0.03773584905660377 0.05230125523012552
0 0.8903301886792453 0.13598326359832635 0.21933962264150944 0.06694560669456066
