0 0.9016736401673641 0.9905882352941177 0.08368200836820083 0.018823529411764704
0 0.9717573221757322 0.9752941176470589 0.056485355648535567 0.04941176470588235
0 0.5899581589958159 0.9376470588235294 0.34309623430962344 0.004705882352941176
0 0.9644351464435147 0.92 0.07112970711297072 0.03294117647058824
0 0.643305439330544 0.8747058823529412 0.08158995815899582 0.01764705882352941
0 0.7332635983263598 0.6364705882352941 0.10251046025104603 0.047058823529411764
0 0.7583682008368201 0.5264705882352941 0.1694560669456067 0.036470588235294116
0 0.6077405857740585 0.3476470588235294 0.14853556485355648 0.015294117647058824
0 0.7228033472803347 0.34294117647058825 0.09832635983263599 0.010588235294117647
0 0.07845188284518828 0.36058823529411765 0.08577405857740586 0.06235294117647059
0 0.3577405857740586 0.35 0.08368200836820083 0.05764705882352941
0 0.4372384937238494 0.33705882352941174 0.07531380753138076 0.05058823529411765
0 0.502092050209205 0.32941176470588235 0.0502092050209205 0.03764705882352941
0 0.6276150627615062 0.31588235294117645 0.016736401673640166 0.036470588235294116
0 0.5648535564853556 0.30823529411764705 0.04602510460251046 0.023529411764705882
0 0.75 0.2952941176470588 0.060669456066945605 0.021176470588235293
0 0.547071129707113 0.2511764705882353 0.15271966527196654 0.03411764705882353
0 0.7092050209205021 0.24764705882352941 0.15481171548117154 0.03411764705882353
