0 0.32217573221757323 0.9217647058823529 0.502092050209205 0.07176470588235294
0 0.6380753138075314 0.8735294117647059 0.14644351464435146 0.05058823529411765
0 0.6255230125523012 0.8641176470588235 0.13389121338912133 0.036470588235294116
0 0.03347280334728033 0.8929411764705882 0.06694560669456066 0.11294117647058824
0 0.8064853556485355 0.7517647058823529 0.10669456066945607 0.10352941176470588
0 0.9058577405857741 0.658235294117647 0.18828451882845187 0.027058823529411764
0 0.8608786610878661 0.44 0.09832635983263599 0.01647058823529412
0 0.12552301255230125 0.44 0.2510460251046025 0.047058823529411764
0 0.9100418410041841 0.39294117647058824 0.1799163179916318 0.10823529411764705
0 0.6527196652719666 0.3547058823529412 0.058577405857740586 0.04588235294117647
0 0.1589958158995816 0.37 0.08368200836820083 0.08352941176470588
0 0.1903765690376569 0.36176470588235293 0.09623430962343096 0.0811764705882353
0 0.27510460251046026 0.36058823529411765 0.1108786610878661 0.10235294117647059
0 0.09518828451882845 0.30823529411764705 0.1903765690376569 0.018823529411764704
0 0.09623430962343096 0.26941176470588235 0.04602510460251046 0.04941176470588235
0 0.14435146443514643 0.26705882352941174 0.04602510460251046 0.047058823529411764
0 0.6108786610878661 0.26705882352941174 0.11715481171548117 0.05176470588235294
0 0.19351464435146443 0.2635294117647059 0.04811715481171548 0.04941176470588235
0 0.5700836820083682 0.2664705882352941 0.2280334728033473 0.06705882352941177
0 0.23221757322175732 0.2576470588235294 0.04602510460251046 0.04941176470588235
0 0.27615062761506276 0.2447058823529412 0.04602510460251046 0.03294117647058824
0 0.3399581589958159 0.24294117647058824 0.04811715481171548 0.04823529411764706
0 0.38493723849372385 0.23294117647058823 0.04602510460251046 0.042352941176470586
0 0.6621338912133892 0.17823529411764705 0.18619246861924685 0.05058823529411765
0 0.9937238493723849 0.17705882352941177 0.012552301255230125 0.07411764705882352
0 0.5941422594142259 0.13470588235294118 0.0502092050209205 0.04588235294117647
0 0.6537656903765691 0.15588235294117647 0.19874476987447698 0.10941176470588235
0 0.9131799163179917 0.05058823529411765 0.12761506276150628 0.01411764705882353
