0 0.9822175732217573 0.6505882352941177 0.03556485355648536 0.04
0 0.8922594142259415 0.5705882352941176 0.056485355648535567 0.03058823529411765
0 0.15481171548117154 0.528235294117647 0.029288702928870293 0.06352941176470588
0 0.9121338912133892 0.4976470588235294 0.07531380753138076 0.047058823529411764
0 0.75 0.4547058823529412 0.060669456066945605 0.04588235294117647
0 0.7395397489539749 0.3729411764705882 0.16108786610878661 0.04
0 0.5596234309623431 0.3335294117647059 0.056485355648535567 0.024705882352941175
0 0.6799163179916318 0.33588235294117647 0.04184100418410042 0.036470588235294116
0 0.4560669456066946 0.3241176470588235 0.03347280334728033 0.024705882352941175
0 0.7186192468619247 0.35411764705882354 0.14853556485355648 0.09176470588235294
0 0.30857740585774057 0.29411764705882354 0.08577405857740586 0.02823529411764706
0 0.6621338912133892 0.2847058823529412 0.060669456066945605 0.023529411764705882
0 0.2301255230125523 0.29058823529411765 0.06694560669456066 0.04
0 0.5031380753138075 0.2847058823529412 0.08577405857740586 0.03529411764705882
0 0.604602510460251 0.2847058823529412 0.0794979079497908 0.047058823529411764
0 0.9717573221757322 0.27 0.05230125523012552 0.02235294117647059
0 0.9612970711297071 0.1476470588235294 0.07740585774058577 0.029411764705882353
0 0.8619246861924686 0.1811764705882353 0.07531380753138076 0.1952941176470588
0 0.32217573221757323 0.02176470588235294 0.029288702928870293 0.04352941176470588
