0 0.7110849056603774 0.8483263598326359 0.05188679245283019 0.060669456066945605
0 0.6933962264150944 0.7740585774058577 0.10849056603773585 0.08786610878661087
0 0.7635613207547169 0.7688284518828452 0.07665094339622641 0.08577405857740586
0 0.7464622641509434 0.7667364016736402 0.10849056603773585 0.11506276150627615
0 0.9905660377358491 0.7112970711297071 0.018867924528301886 0.06694560669456066
0 0.02653301886792453 0.6809623430962343 0.027122641509433963 0.1108786610878661
0 0.14681603773584906 0.7039748953974896 0.01768867924528302 0.19456066945606695
0 0.9852594339622641 0.5115062761506276 0.0294811320754717 0.09832635983263599
0 0.22995283018867924 0.41527196652719667 0.09433962264150944 0.06903765690376569
0 0.22641509433962265 0.350418410041841 0.09433962264150944 0.06485355648535565
0 0.18985849056603774 0.28870292887029286 0.02358490566037736 0.058577405857740586
0 0.21108490566037735 0.11715481171548117 0.025943396226415096 0.04184100418410042
0 0.020047169811320754 0.100418410041841 0.03537735849056604 0.1297071129707113
0 0.3873820754716981 0.03556485355648536 0.01061320754716981 0.07112970711297072
0 0.33549528301886794 0.02092050209205021 0.03419811320754717 0.04184100418410042
