0 0.008368200836820083 0.7947058823529412 0.016736401673640166 0.07647058823529412
0 0.8221757322175732 0.5611764705882353 0.35564853556485354 0.021176470588235293
0 0.6788702928870293 0.45176470588235296 0.014644351464435146 0.04
0 0.7594142259414226 0.4511764705882353 0.10460251046025104 0.10705882352941176
0 0.9288702928870293 0.40588235294117647 0.03347280334728033 0.021176470588235293
0 0.48535564853556484 0.21294117647058824 0.1589958158995816 0.03529411764705882
0 0.6558577405857741 0.18176470588235294 0.13598326359832635 0.027058823529411764
0 0.4236401673640167 0.17176470588235293 0.0397489539748954 0.03529411764705882
0 0.8870292887029289 0.08705882352941176 0.04602510460251046 0.021176470588235293
0 0.33158995815899583 0.06411764705882353 0.03138075313807531 0.07647058823529412
0 0.5135983263598326 0.05 0.03556485355648536 0.1
0 0.13912133891213388 0.05235294117647059 0.07322175732217573 0.10470588235294118
