0 0.04497907949790795 0.981764705882353 0.0899581589958159 0.036470588235294116
0 0.7196652719665272 0.8441176470588235 0.029288702928870293 0.08352941176470588
0 0.8922594142259415 0.7958823529411765 0.15271966527196654 0.041176470588235294
0 0.8817991631799164 0.6694117647058824 0.16527196652719664 0.0611764705882353
0 0.9110878661087866 0.58 0.08158995815899582 0.023529411764705882
0 0.8347280334728033 0.5105882352941177 0.03347280334728033 0.01647058823529412
0 0.3158995815899582 0.3423529411764706 0.12133891213389121 0.047058823529411764
0 0.9811715481171548 0.3264705882352941 0.03765690376569038 0.036470588235294116
0 0.9110878661087866 0.2023529411764706 0.07740585774058577 0.03764705882352941
0 0.9822175732217573 0.18352941176470589 0.03556485355648536 0.042352941176470586
0 0.9027196652719666 0.13294117647058823 0.060669456066945605 0.01647058823529412
0 0.9341004184100419 0.06 0.13179916317991633 0.02823529411764706
0 0.9351464435146444 0.018823529411764704 0.1297071129707113 0.03764705882352941
