0 0.5983263598326359 0.9623529411764706 0.0502092050209205 0.03058823529411765
0 0.8880753138075314 0.8935294117647059 0.060669456066945605 0.041176470588235294
0 0.5031380753138075 0.7147058823529412 0.05230125523012552 0.04823529411764706
0 0.4372384937238494 0.7094117647058824 0.06694560669456066 0.047058823529411764
0 0.9403765690376569 0.7711764705882352 0.1192468619246862 0.1776470588235294
0 0.3807531380753138 0.701764705882353 0.058577405857740586 0.04588235294117647
0 0.30962343096234307 0.6952941176470588 0.05439330543933055 0.047058823529411764
0 0.23326359832635984 0.6876470588235294 0.056485355648535567 0.04352941176470588
0 0.1799163179916318 0.6823529411764706 0.0502092050209205 0.04470588235294118
0 0.10564853556485355 0.6764705882352942 0.027196652719665274 0.04
0 0.3702928870292887 0.6535294117647059 0.029288702928870293 0.02
0 0.20606694560669456 0.64 0.06485355648535565 0.023529411764705882
0 0.04811715481171548 0.4958823529411765 0.09623430962343096 0.024705882352941175
0 0.9780334728033473 0.5552941176470588 0.043933054393305436 0.15529411764705883
0 0.22489539748953974 0.40176470588235297 0.08158995815899582 0.041176470588235294
0 0.5387029288702929 0.38235294117647056 0.21548117154811716 0.08235294117647059
0 0.2594142259414226 0.45294117647058824 0.22594142259414227 0.23058823529411765
0 0.7928870292887029 0.2811764705882353 0.11715481171548117 0.058823529411764705
0 0.694560669456067 0.26529411764705885 0.100418410041841 0.04823529411764706
0 0.7071129707112971 0.21411764705882352 0.100418410041841 0.04
0 0.9780334728033473 0.02235294117647059 0.043933054393305436 0.021176470588235293
0 0.8326359832635983 0.02 0.12552301255230125 0.04
