0 0.9304245283018868 0.9382845188284519 0.08018867924528301 0.09414225941422594
0 0.8962264150943396 0.8253138075313807 0.08018867924528301 0.0899581589958159
0 0.9840801886792453 0.7625523012552301 0.031839622641509434 0.08158995815899582
0 0.8808962264150944 0.7217573221757322 0.04009433962264151 0.04602510460251046
0 0.8402122641509434 0.6684100418410042 0.03891509433962264 0.06485355648535565
0 0.9593160377358491 0.6851464435146444 0.08136792452830188 0.16108786610878661
0 0.057193396226415096 0.4884937238493724 0.020047169811320754 0.05230125523012552
0 0.9846698113207547 0.3608786610878661 0.030660377358490566 0.056485355648535567
0 0.007075471698113208 0.16317991631799164 0.014150943396226415 0.100418410041841
0 0.41745283018867924 0.009414225941422594 0.04245283018867924 0.01882845188284519
0 0.3744103773584906 0.011506276150627616 0.03419811320754717 0.02301255230125523
