0 0.13561320754716982 0.854602510460251 0.0660377358490566 0.03556485355648536
0 0.2865566037735849 0.8451882845188284 0.12028301886792453 0.029288702928870293
0 0.39681603773584906 0.7771966527196653 0.14504716981132076 0.13179916317991633
0 0.1792452830188679 0.747907949790795 0.1320754716981132 0.07740585774058577
0 0.8331367924528302 0.7081589958158996 0.031839622641509434 0.043933054393305436
0 0.6179245283018868 0.7018828451882845 0.2028301886792453 0.05230125523012552
0 0.18455188679245282 0.7133891213389121 0.14976415094339623 0.09205020920502092
0 0.6308962264150944 0.6642259414225942 0.20047169811320756 0.04811715481171548
0 0.8219339622641509 0.7060669456066946 0.07311320754716981 0.13598326359832635
0 0.6904481132075472 0.6380753138075314 0.10495283018867925 0.029288702928870293
0 0.8867924528301887 0.7217573221757322 0.04716981132075472 0.2301255230125523
0 0.15271226415094338 0.649581589958159 0.02240566037735849 0.08577405857740586
0 0.17099056603773585 0.6380753138075314 0.01179245283018868 0.07531380753138076
0 0.18278301886792453 0.6276150627615062 0.014150943396226415 0.07531380753138076
0 0.2034198113207547 0.6150627615062761 0.03419811320754717 0.08368200836820083
0 0.057193396226415096 0.7228033472803347 0.0294811320754717 0.3075313807531381
0 0.22287735849056603 0.5983263598326359 0.025943396226415096 0.07531380753138076
0 0.23761792452830188 0.5889121338912134 0.0294811320754717 0.07740585774058577
0 0.35377358490566035 0.6255230125523012 0.07311320754716981 0.16317991631799164
0 0.26827830188679247 0.5669456066945606 0.036556603773584904 0.07112970711297072
0 0.4492924528301887 0.5784518828451883 0.04009433962264151 0.09832635983263599
0 0.3331367924528302 0.600418410041841 0.08844339622641509 0.17154811715481172
0 0.3313679245283019 0.5627615062761506 0.09433962264150944 0.17154811715481172
0 0.46285377358490565 0.5083682008368201 0.09787735849056604 0.1087866108786611
0 0.6810141509433962 0.5324267782426778 0.14976415094339623 0.16527196652719664
0 0.2358490566037736 0.5930962343096234 0.2688679245283019 0.28661087866108786
0 0.5017688679245284 0.46443514644351463 0.10259433962264151 0.1087866108786611
0 0.5589622641509434 0.39330543933054396 0.19339622641509435 0.02510460251046025
0 0.06426886792452831 0.47280334728033474 0.012971698113207548 0.18410041841004185
0 0.5707547169811321 0.3713389121338912 0.18632075471698112 0.014644351464435146
0 0.5807783018867925 0.34518828451882844 0.18514150943396226 0.02510460251046025
0 0.19398584905660377 0.3587866108786611 0.01768867924528302 0.060669456066945605
0 0.24233490566037735 0.3410041841004184 0.020047169811320754 0.06276150627615062
0 0.2617924528301887 0.33472803347280333 0.018867924528301886 0.06276150627615062
0 0.1715801886792453 0.34414225941422594 0.13561320754716982 0.15271966527196654
0 0.1945754716981132 0.3577405857740586 0.18160377358490565 0.21338912133891214
0 0.7724056603773585 0.19456066945606695 0.08726415094339622 0.09623430962343096
0 0.7700471698113207 0.12238493723849372 0.08726415094339622 0.08158995815899582
0 0.847877358490566 0.17677824267782427 0.018867924528301886 0.2698744769874477
0 0.038325471698113206 0.07635983263598327 0.027122641509433963 0.08158995815899582
0 0.7399764150943396 0.049163179916317995 0.027122641509433963 0.06903765690376569
0 0.4658018867924528 0.028242677824267783 0.08018867924528301 0.056485355648535567
0 0.07841981132075472 0.03347280334728033 0.01768867924528302 0.06694560669456066
