0 0.05230125523012552 0.9447058823529412 0.10460251046025104 0.11058823529411765
0 0.17259414225941422 0.9235294117647059 0.13598326359832635 0.11058823529411765
0 0.15690376569037656 0.8223529411764706 0.06276150627615062 0.08
0 0.7123430962343096 0.8088235294117647 0.06903765690376569 0.10470588235294118
0 0.22698744769874477 0.7911764705882353 0.02301255230125523 0.07176470588235294
0 0.7039748953974896 0.7011764705882353 0.06903765690376569 0.1011764705882353
0 0.5146443514644351 0.5747058823529412 0.1087866108786611 0.03882352941176471
0 0.502092050209205 0.5417647058823529 0.07531380753138076 0.024705882352941175
0 0.547071129707113 0.5517647058823529 0.18200836820083682 0.05176470588235294
0 0.5920502092050209 0.5264705882352941 0.09205020920502092 0.02235294117647059
0 0.5658995815899581 0.5141176470588236 0.15690376569037656 0.03294117647058824
0 0.7290794979079498 0.5958823529411764 0.027196652719665274 0.2011764705882353
0 0.23430962343096234 0.5094117647058823 0.02092050209205021 0.05647058823529412
0 0.3117154811715481 0.5017647058823529 0.08786610878661087 0.08823529411764706
0 0.21652719665271966 0.48764705882352943 0.03138075313807531 0.0811764705882353
0 0.18200836820083682 0.44176470588235295 0.0502092050209205 0.052941176470588235
0 0.08786610878661087 0.23058823529411765 0.07531380753138076 0.047058823529411764
0 0.10355648535564854 0.12176470588235294 0.043933054393305436 0.029411764705882353
0 0.034518828451882845 0.1 0.06903765690376569 0.058823529411764705
0 0.2301255230125523 0.17588235294117646 0.09623430962343096 0.2529411764705882
0 0.11401673640167365 0.05058823529411765 0.03138075313807531 0.042352941176470586
0 0.03765690376569038 0.05058823529411765 0.07531380753138076 0.047058823529411764
0 0.1997907949790795 0.021176470588235293 0.060669456066945605 0.042352941176470586
0 0.09414225941422594 0.011764705882352941 0.06276150627615062 0.023529411764705882
