0 0.4410377358490566 0.8671548117154811 0.1320754716981132 0.03138075313807531
0 0.6591981132075472 0.7228033472803347 0.02358490566037736 0.07322175732217573
0 0.36851415094339623 0.49267782426778245 0.07900943396226415 0.08158995815899582
0 0.33667452830188677 0.303347280334728 0.09787735849056604 0.04184100418410042
0 0.19398584905660377 0.29497907949790797 0.027122641509433963 0.06694560669456066
0 0.33549528301886794 0.26778242677824265 0.09787735849056604 0.02510460251046025
0 0.4357311320754717 0.28556485355648537 0.09316037735849056 0.06485355648535565
0 0.96875 0.24163179916317992 0.03419811320754717 0.09414225941422594
0 0.6238207547169812 0.17468619246861924 0.08726415094339622 0.06485355648535565
0 0.17747641509433962 0.1684100418410042 0.19221698113207547 0.09414225941422594
0 0.4675707547169811 0.010460251046025104 0.03419811320754717 0.02092050209205021
