0 0.7133891213389121 0.61 0.16317991631799164 0.0811764705882353
0 0.9780334728033473 0.5705882352941176 0.043933054393305436 0.01647058823529412
0 0.6976987447698745 0.5782352941176471 0.12343096234309624 0.03176470588235294
0 0.9278242677824268 0.5741176470588235 0.01882845188284519 0.0988235294117647
0 0.9644351464435147 0.40294117647058825 0.016736401673640166 0.04352941176470588
0 0.9884937238493724 0.4052941176470588 0.02301255230125523 0.06705882352941177
0 0.9016736401673641 0.2011764705882353 0.05439330543933055 0.047058823529411764
0 0.8211297071129707 0.19411764705882353 0.09414225941422594 0.04470588235294118
0 0.8221757322175732 0.15941176470588236 0.09623430962343096 0.02
0 0.7803347280334728 0.08588235294117647 0.02092050209205021 0.07529411764705882
