0 0.5376569037656904 0.7988235294117647 0.3138075313807531 0.04
0 0.9361924686192469 0.7835294117647059 0.0899581589958159 0.07529411764705882
0 0.8002092050209205 0.7588235294117647 0.11506276150627615 0.03294117647058824
0 0.27615062761506276 0.7535294117647059 0.058577405857740586 0.04588235294117647
0 0.4330543933054393 0.7123529411764706 0.07112970711297072 0.024705882352941175
0 0.35460251046025104 0.6641176470588235 0.06485355648535565 0.03411764705882353
0 0.22698744769874477 0.6717647058823529 0.027196652719665274 0.07764705882352942
0 0.9602510460251046 0.5947058823529412 0.06694560669456066 0.05529411764705883
0 0.1893305439330544 0.5688235294117647 0.07740585774058577 0.22
0 0.303347280334728 0.42823529411764705 0.06694560669456066 0.03764705882352941
0 0.20502092050209206 0.24176470588235294 0.19665271966527198 0.02235294117647059
0 0.4089958158995816 0.22705882352941176 0.20711297071129708 0.018823529411764704
0 0.7981171548117155 0.20294117647058824 0.12761506276150628 0.024705882352941175
0 0.6014644351464435 0.18764705882352942 0.056485355648535567 0.015294117647058824
0 0.547071129707113 0.1864705882352941 0.043933054393305436 0.02235294117647059
0 0.3891213389121339 0.17588235294117646 0.1087866108786611 0.02235294117647059
0 0.3075313807531381 0.16823529411764707 0.04184100418410042 0.021176470588235293
0 0.04602510460251046 0.15705882352941178 0.09205020920502092 0.04823529411764706
