0 0.15585774058577406 0.8017647058823529 0.1108786610878661 0.05529411764705883
0 0.15585774058577406 0.7517647058823529 0.1401673640167364 0.058823529411764705
0 0.41841004184100417 0.5564705882352942 0.03765690376569038 0.03058823529411765
0 0.9288702928870293 0.5011764705882353 0.14225941422594143 0.042352941176470586
0 0.2280334728033473 0.4676470588235294 0.10460251046025104 0.027058823529411764
0 0.3284518828451883 0.46352941176470586 0.2384937238493724 0.08
0 0.18828451882845187 0.4429411764705882 0.37656903765690375 0.04823529411764706
0 0.8629707112970711 0.39235294117647057 0.06485355648535565 0.08588235294117647
0 0.6956066945606695 0.3276470588235294 0.16108786610878661 0.04588235294117647
0 0.8451882845188284 0.24411764705882352 0.13807531380753138 0.06941176470588235
0 0.9246861924686193 0.061764705882352944 0.1506276150627615 0.036470588235294116
0 0.9435146443514645 0.024705882352941175 0.11297071129707113 0.02588235294117647
0 0.1412133891213389 0.027058823529411764 0.2615062761506276 0.03764705882352941
0 0.74581589958159 0.041176470588235294 0.10669456066945607 0.08235294117647059
0 0.5711297071129707 0.007647058823529412 0.04184100418410042 0.015294117647058824
