0 0.19246861924686193 0.8488235294117648 0.0502092050209205 0.02
0 0.07322175732217573 0.86 0.14644351464435146 0.06352941176470588
0 0.7175732217573222 0.7729411764705882 0.016736401673640166 0.03529411764705882
0 0.7667364016736402 0.7664705882352941 0.014644351464435146 0.036470588235294116
0 0.6098326359832636 0.7741176470588236 0.01882845188284519 0.05647058823529412
0 0.1098326359832636 0.7576470588235295 0.2196652719665272 0.11764705882352941
0 0.26778242677824265 0.7011764705882353 0.06694560669456066 0.021176470588235293
0 0.7876569037656904 0.7047058823529412 0.07322175732217573 0.04
0 0.04497907949790795 0.6588235294117647 0.0899581589958159 0.03294117647058824
0 0.1893305439330544 0.5164705882352941 0.18200836820083682 0.0611764705882353
0 0.41527196652719667 0.5011764705882353 0.3284518828451883 0.06588235294117648
0 0.6359832635983264 0.43117647058823527 0.17573221757322174 0.036470588235294116
0 0.15690376569037656 0.4147058823529412 0.09623430962343096 0.024705882352941175
0 0.700836820083682 0.3888235294117647 0.06694560669456066 0.012941176470588235
0 0.14644351464435146 0.38235294117647056 0.03765690376569038 0.02588235294117647
0 0.3389121338912134 0.3911764705882353 0.0502092050209205 0.05764705882352941
0 0.034518828451882845 0.3564705882352941 0.06903765690376569 0.047058823529411764
0 0.39330543933054396 0.3735294117647059 0.04602510460251046 0.08352941176470588
0 0.48221757322175735 0.36470588235294116 0.1108786610878661 0.09176470588235294
0 0.643305439330544 0.34823529411764703 0.10669456066945607 0.09647058823529411
0 0.5815899581589958 0.3035294117647059 0.08368200836820083 0.02588235294117647
0 0.9236401673640168 0.2888235294117647 0.15271966527196654 0.10470588235294118
0 0.6673640167364017 0.24058823529411766 0.07531380753138076 0.03882352941176471
0 0.9225941422594143 0.13411764705882354 0.08368200836820083 0.08941176470588236
0 0.8158995815899581 0.058823529411764705 0.03765690376569038 0.047058823529411764
0 0.6537656903765691 0.018235294117647058 0.08158995815899582 0.036470588235294116
