0 0.1506276150627615 0.9788235294117648 0.301255230125523 0.042352941176470586
0 0.9403765690376569 0.9705882352941176 0.1192468619246862 0.03058823529411765
0 0.46234309623430964 0.8970588235294118 0.04184100418410042 0.03176470588235294
0 0.9581589958158996 0.8764705882352941 0.08368200836820083 0.011764705882352941
0 0.4874476987447699 0.8588235294117647 0.06276150627615062 0.042352941176470586
0 0.4006276150627615 0.8611764705882353 0.09832635983263599 0.07764705882352942
0 0.5721757322175732 0.8158823529411765 0.043933054393305436 0.02235294117647059
0 0.47384937238493724 0.8035294117647059 0.04811715481171548 0.02588235294117647
0 0.4299163179916318 0.7947058823529412 0.04811715481171548 0.024705882352941175
0 0.34623430962343094 0.7852941176470588 0.03138075313807531 0.02235294117647059
0 0.4497907949790795 0.7764705882352941 0.03347280334728033 0.01647058823529412
0 0.3023012552301255 0.7776470588235294 0.043933054393305436 0.023529411764705882
0 0.3514644351464435 0.7629411764705882 0.03347280334728033 0.015294117647058824
0 0.6391213389121339 0.758235294117647 0.2405857740585774 0.036470588235294116
0 0.497907949790795 0.7388235294117647 0.02510460251046025 0.02588235294117647
0 0.47175732217573224 0.7347058823529412 0.03556485355648536 0.024705882352941175
0 0.038702928870292884 0.7505882352941177 0.07740585774058577 0.0988235294117647
0 0.3263598326359833 0.7158823529411765 0.2510460251046025 0.036470588235294116
0 0.6861924686192469 0.7205882352941176 0.09623430962343096 0.05058823529411765
0 0.4581589958158996 0.6929411764705883 0.39748953974895396 0.07764705882352942
0 0.6799163179916318 0.6123529411764705 0.06276150627615062 0.07647058823529412
0 0.6244769874476988 0.6088235294117647 0.10669456066945607 0.09294117647058824
0 0.4895397489539749 0.5923529411764706 0.17573221757322174 0.11411764705882353
0 0.2698744769874477 0.13588235294117648 0.0794979079497908 0.02
0 0.4351464435146444 0.10882352941176471 0.19246861924686193 0.036470588235294116
0 0.06171548117154812 0.09176470588235294 0.12343096234309624 0.03294117647058824
0 0.8211297071129707 0.057058823529411766 0.303347280334728 0.05529411764705883
0 0.700836820083682 0.013529411764705882 0.2301255230125523 0.027058823529411764
