0 0.6129707112970711 0.9552941176470588 0.09623430962343096 0.08941176470588236
0 0.14225941422594143 0.951764705882353 0.18410041841004185 0.09647058823529411
0 0.9895397489539749 0.7358823529411764 0.02092050209205021 0.04352941176470588
0 0.6579497907949791 0.6688235294117647 0.2615062761506276 0.012941176470588235
0 0.4602510460251046 0.5664705882352942 0.1297071129707113 0.029411764705882353
0 0.1401673640167364 0.5723529411764706 0.02510460251046025 0.04823529411764706
0 0.9696652719665272 0.5105882352941177 0.060669456066945605 0.021176470588235293
0 0.13912133891213388 0.47705882352941176 0.03138075313807531 0.036470588235294116
0 0.46548117154811713 0.19823529411764707 0.1401673640167364 0.03176470588235294
0 0.2688284518828452 0.19470588235294117 0.03556485355648536 0.029411764705882353
0 0.9790794979079498 0.1976470588235294 0.04184100418410042 0.23529411764705882
0 0.893305439330544 0.03882352941176471 0.15481171548117154 0.07764705882352942
0 0.7730125523012552 0.03470588235294118 0.12343096234309624 0.06941176470588235
