0 0.4456066945606695 0.9558823529411765 0.10460251046025104 0.01764705882352941
0 0.23221757322175732 0.9488235294117647 0.19665271966527198 0.036470588235294116
0 0.5407949790794979 0.9258823529411765 0.08158995815899582 0.05176470588235294
0 0.6600418410041841 0.92 0.13598326359832635 0.0611764705882353
0 0.6297071129707112 0.8652941176470588 0.09623430962343096 0.06941176470588235
0 0.7740585774058577 0.8194117647058824 0.05439330543933055 0.07882352941176471
0 0.8127615062761506 0.7170588235294117 0.027196652719665274 0.1
0 0.9518828451882845 0.40352941176470586 0.09623430962343096 0.11764705882352941
0 0.7144351464435147 0.24529411764705883 0.15271966527196654 0.03882352941176471
0 0.6663179916317992 0.2023529411764706 0.043933054393305436 0.04
0 0.9382845188284519 0.2211764705882353 0.07740585774058577 0.13647058823529412
0 0.9142259414225942 0.12294117647058823 0.058577405857740586 0.024705882352941175
0 0.9864016736401674 0.12823529411764706 0.027196652719665274 0.05411764705882353
