0 0.01882845188284519 0.7835294117647059 0.03765690376569038 0.06823529411764706
0 0.14853556485355648 0.7729411764705882 0.11297071129707113 0.05411764705882353
0 0.15481171548117154 0.7205882352941176 0.12133891213389121 0.05058823529411765
0 0.9518828451882845 0.5305882352941177 0.09623430962343096 0.04
0 0.3410041841004184 0.44588235294117645 0.17154811715481172 0.05647058823529412
0 0.9006276150627615 0.43058823529411766 0.027196652719665274 0.047058823529411764
0 0.20920502092050208 0.41294117647058826 0.24267782426778242 0.03529411764705882
0 0.7364016736401674 0.32823529411764707 0.1589958158995816 0.04470588235294118
0 0.6715481171548117 0.29705882352941176 0.03765690376569038 0.03411764705882353
0 0.8870292887029289 0.2664705882352941 0.09623430962343096 0.07411764705882352
0 0.9832635983263598 0.10588235294117647 0.03347280334728033 0.02588235294117647
0 0.9623430962343096 0.06411764705882353 0.07531380753138076 0.02235294117647059
0 0.4581589958158996 0.041176470588235294 0.100418410041841 0.01411764705882353
0 0.19874476987447698 0.05058823529411765 0.24267782426778242 0.03529411764705882
0 0.9811715481171548 0.01 0.03765690376569038 0.02
