0 0.20502092050209206 0.8258823529411765 0.10460251046025104 0.021176470588235293
0 0.36610878661087864 0.8188235294117647 0.058577405857740586 0.04
0 0.45292887029288703 0.8176470588235294 0.043933054393305436 0.04
0 0.2939330543933054 0.8176470588235294 0.06485355648535565 0.04
0 0.5188284518828452 0.8141176470588235 0.04184100418410042 0.04
0 0.5617154811715481 0.8117647058823529 0.043933054393305436 0.04
0 0.28765690376569036 0.6711764705882353 0.1903765690376569 0.06235294117647059
0 0.5962343096234309 0.6452941176470588 0.17154811715481172 0.10941176470588235
0 0.805439330543933 0.5841176470588235 0.10460251046025104 0.041176470588235294
0 0.6140167364016736 0.538235294117647 0.1694560669456067 0.12823529411764706
0 0.350418410041841 0.47352941176470587 0.33263598326359833 0.041176470588235294
0 0.7468619246861925 0.4047058823529412 0.08786610878661087 0.04941176470588235
0 0.7573221757322176 0.3611764705882353 0.09205020920502092 0.05176470588235294
0 0.8399581589958159 0.33 0.0397489539748954 0.029411764705882353
0 0.24163179916317992 0.07529411764705882 0.07322175732217573 0.011764705882352941
0 0.11506276150627615 0.060588235294117644 0.09623430962343096 0.010588235294117647
0 0.2405857740585774 0.05588235294117647 0.09205020920502092 0.012941176470588235
0 0.8943514644351465 0.010588235294117647 0.060669456066945605 0.021176470588235293
