0 0.6997907949790795 0.7276470588235294 0.027196652719665274 0.03411764705882353
0 0.6684100418410042 0.7282352941176471 0.03138075313807531 0.03529411764705882
0 0.5052301255230126 0.5558823529411765 0.09414225941422594 0.027058823529411764
0 0.9110878661087866 0.5394117647058824 0.17782426778242677 0.06705882352941177
0 0.5156903765690377 0.4988235294117647 0.0397489539748954 0.04941176470588235
0 0.34414225941422594 0.47 0.08158995815899582 0.06941176470588235
0 0.5878661087866108 0.4047058823529412 0.3179916317991632 0.06352941176470588
0 0.3514644351464435 0.39 0.12133891213389121 0.06235294117647059
0 0.8608786610878661 0.2788235294117647 0.05230125523012552 0.07529411764705882
0 0.8619246861924686 0.14352941176470588 0.09205020920502092 0.06588235294117648
0 0.38389121338912136 0.1011764705882353 0.1108786610878661 0.07764705882352942
0 0.8734309623430963 0.07235294117647059 0.0397489539748954 0.06235294117647059
0 0.40376569037656906 0.04294117647058823 0.04184100418410042 0.02235294117647059
0 0.043933054393305436 0.021176470588235293 0.08786610878661087 0.042352941176470586
