0 0.8514150943396226 0.8880753138075314 0.04716981132075472 0.07322175732217573
0 0.7470518867924528 0.7583682008368201 0.05778301886792453 0.07740585774058577
0 0.8201650943396226 0.6579497907949791 0.045990566037735846 0.05230125523012552
0 0.7193396226415094 0.6485355648535565 0.030660377358490566 0.03347280334728033
0 0.6774764150943396 0.555439330543933 0.07429245283018868 0.05230125523012552
0 0.27889150943396224 0.5387029288702929 0.020047169811320754 0.06485355648535565
0 0.9451650943396226 0.5073221757322176 0.03419811320754717 0.043933054393305436
0 0.2983490566037736 0.49267782426778245 0.01650943396226415 0.15690376569037656
0 0.8555424528301887 0.33472803347280333 0.06721698113207547 0.05439330543933055
0 0.8974056603773585 0.33158995815899583 0.025943396226415096 0.05230125523012552
0 0.19752358490566038 0.17468619246861924 0.0294811320754717 0.0397489539748954
0 0.25707547169811323 0.17782426778242677 0.030660377358490566 0.0502092050209205
0 0.45754716981132076 0.14853556485355648 0.02122641509433962 0.08786610878661087
0 0.37087264150943394 0.1192468619246862 0.045990566037735846 0.12133891213389121
0 0.9575471698113207 0.09623430962343096 0.08490566037735849 0.14225941422594143
0 0.19988207547169812 0.0794979079497908 0.031839622641509434 0.11715481171548117
0 0.9840801886792453 0.016736401673640166 0.031839622641509434 0.03347280334728033
0 0.5560141509433962 0.06485355648535565 0.036556603773584904 0.1297071129707113
0 0.5017688679245284 0.09518828451882845 0.0695754716981132 0.1903765690376569
0 0.267688679245283 0.06694560669456066 0.04009433962264151 0.13389121338912133
