0 0.41527196652719667 0.9823529411764705 0.1192468619246862 0.01411764705882353
0 0.6746861924686193 0.9435294117647058 0.1401673640167364 0.06352941176470588
0 0.5690376569037657 0.9117647058823529 0.2175732217573222 0.12941176470588237
0 0.7562761506276151 0.841764705882353 0.15690376569037656 0.10470588235294118
0 0.38389121338912136 0.7776470588235294 0.060669456066945605 0.021176470588235293
0 0.8556485355648535 0.7347058823529412 0.02510460251046025 0.07647058823529412
0 0.03765690376569038 0.6905882352941176 0.029288702928870293 0.02588235294117647
0 0.20502092050209206 0.6747058823529412 0.03347280334728033 0.024705882352941175
0 0.8253138075313807 0.72 0.043933054393305436 0.16470588235294117
0 0.3106694560669456 0.4988235294117647 0.09832635983263599 0.03529411764705882
0 0.9560669456066946 0.36823529411764705 0.08786610878661087 0.11058823529411765
0 0.7050209205020921 0.18764705882352942 0.1799163179916318 0.05058823529411765
0 0.9518828451882845 0.1952941176470588 0.0794979079497908 0.13647058823529412
0 0.9361924686192469 0.07705882352941176 0.06485355648535565 0.027058823529411764
0 0.14435146443514643 0.009411764705882352 0.28870292887029286 0.018823529411764704
