0 0.8640167364016736 0.9664705882352941 0.2719665271966527 0.036470588235294116
0 0.8797071129707112 0.9335294117647058 0.04811715481171548 0.02235294117647059
0 0.9173640167364017 0.8729411764705882 0.16527196652719664 0.13176470588235295
0 0.8702928870292888 0.8111764705882353 0.11715481171548117 0.024705882352941175
0 0.8002092050209205 0.84 0.11506276150627615 0.10588235294117647
0 0.643305439330544 0.7776470588235294 0.02301255230125523 0.05647058823529412
0 0.805439330543933 0.7547058823529412 0.05439330543933055 0.015294117647058824
0 0.9560669456066946 0.7505882352941177 0.08786610878661087 0.03529411764705882
0 0.9780334728033473 0.6988235294117647 0.043933054393305436 0.03529411764705882
0 0.8472803347280334 0.7076470588235294 0.11715481171548117 0.09294117647058824
0 0.9895397489539749 0.6052941176470589 0.02092050209205021 0.04352941176470588
0 0.9602510460251046 0.5158823529411765 0.04602510460251046 0.012941176470588235
0 0.8817991631799164 0.5141176470588236 0.07322175732217573 0.01411764705882353
0 0.9006276150627615 0.49117647058823527 0.09414225941422594 0.012941176470588235
0 0.9759414225941423 0.36823529411764705 0.04811715481171548 0.058823529411764705
0 0.9414225941422594 0.30470588235294116 0.09623430962343096 0.03529411764705882
0 0.7918410041841004 0.24764705882352941 0.04811715481171548 0.04588235294117647
0 0.6767782426778243 0.24411764705882352 0.09414225941422594 0.041176470588235294
0 0.9571129707112971 0.20411764705882354 0.08577405857740586 0.04823529411764706
0 0.8713389121338913 0.009411764705882352 0.25732217573221755 0.018823529411764704
0 0.3587866108786611 0.006470588235294118 0.2824267782426778 0.012941176470588235
