0 0.2694575471698113 0.805439330543933 0.060141509433962265 0.34309623430962344
0 0.4009433962264151 0.6140167364016736 0.02830188679245283 0.08158995815899582
0 0.4693396226415094 0.608786610878661 0.03537735849056604 0.0794979079497908
0 0.4345518867924528 0.6098326359832636 0.024764150943396228 0.08158995815899582
0 0.9569575471698113 0.5805439330543933 0.041273584905660375 0.03556485355648536
0 0.5094339622641509 0.602510460251046 0.04009433962264151 0.08368200836820083
0 0.6509433962264151 0.5062761506276151 0.11084905660377359 0.07531380753138076
0 0.9575471698113207 0.4769874476987448 0.04245283018867924 0.04184100418410042
0 0.6350235849056604 0.47594142259414224 0.03891509433962264 0.056485355648535567
0 0.6580188679245284 0.4560669456066946 0.05660377358490566 0.06276150627615062
0 0.9080188679245284 0.4215481171548117 0.03773584905660377 0.04811715481171548
0 0.3266509433962264 0.3682008368200837 0.018867924528301886 0.05439330543933055
0 0.4380896226415094 0.3619246861924686 0.07900943396226415 0.05439330543933055
0 0.5194575471698113 0.3577405857740586 0.07665094339622641 0.05439330543933055
0 0.9917452830188679 0.30962343096234307 0.01650943396226415 0.04184100418410042
0 0.5141509433962265 0.3410041841004184 0.23113207547169812 0.1799163179916318
