0 0.5941422594142259 0.7929411764705883 0.1506276150627615 0.03764705882352941
0 0.7217573221757322 0.7929411764705883 0.3389121338912134 0.04
0 0.8106694560669456 0.7076470588235294 0.10669456066945607 0.036470588235294116
0 0.5188284518828452 0.6994117647058824 0.07531380753138076 0.041176470588235294
0 0.3912133891213389 0.64 0.07531380753138076 0.03764705882352941
0 0.18200836820083682 0.6376470588235295 0.1297071129707113 0.03764705882352941
0 0.6673640167364017 0.6058823529411764 0.04602510460251046 0.03764705882352941
0 0.4874476987447699 0.6076470588235294 0.07112970711297072 0.05764705882352941
0 0.5606694560669456 0.5876470588235294 0.03765690376569038 0.024705882352941175
0 0.011506276150627616 0.5058823529411764 0.02301255230125523 0.08
0 0.8263598326359832 0.30176470588235293 0.3472803347280335 0.010588235294117647
0 0.9518828451882845 0.2911764705882353 0.09623430962343096 0.012941176470588235
0 0.9518828451882845 0.2723529411764706 0.09623430962343096 0.02
0 0.9832635983263598 0.1776470588235294 0.03347280334728033 0.02588235294117647
0 0.5836820083682008 0.18058823529411766 0.4811715481171548 0.10705882352941176
0 0.7175732217573222 0.14705882352941177 0.0794979079497908 0.05411764705882353
0 0.17154811715481172 0.04058823529411765 0.058577405857740586 0.052941176470588235
0 0.952928870292887 0.008823529411764706 0.09414225941422594 0.01764705882352941
