0 0.14225941422594143 0.9429411764705883 0.04184100418410042 0.11411764705882353
0 0.13493723849372385 0.8570588235294118 0.014644351464435146 0.05058823529411765
0 0.9320083682008368 0.4776470588235294 0.13598326359832635 0.047058823529411764
0 0.032426778242677826 0.4623529411764706 0.06485355648535565 0.021176470588235293
0 0.5617154811715481 0.4294117647058823 0.03138075313807531 0.03058823529411765
0 0.5209205020920502 0.4288235294117647 0.03765690376569038 0.029411764705882353
0 0.3702928870292887 0.4252941176470588 0.04184100418410042 0.029411764705882353
0 0.2604602510460251 0.08705882352941176 0.16527196652719664 0.042352941176470586
0 0.6548117154811716 0.058823529411764705 0.19246861924686193 0.04941176470588235
0 0.200836820083682 0.042352941176470586 0.04184100418410042 0.03529411764705882
0 0.9675732217573222 0.005294117647058823 0.06485355648535565 0.010588235294117647
