0 0.8326359832635983 0.81 0.016736401673640166 0.07411764705882352
0 0.9016736401673641 0.8141176470588235 0.012552301255230125 0.10823529411764705
0 0.6652719665271967 0.7270588235294118 0.12552301255230125 0.018823529411764704
0 0.9079497907949791 0.8423529411764706 0.09205020920502092 0.31529411764705884
0 0.48221757322175735 0.6729411764705883 0.027196652719665274 0.02823529411764706
0 0.6725941422594143 0.6752941176470588 0.07322175732217573 0.04
0 0.4330543933054393 0.6770588235294117 0.1087866108786611 0.06470588235294118
0 0.7667364016736402 0.52 0.13598326359832635 0.03058823529411765
0 0.8242677824267782 0.49 0.02510460251046025 0.024705882352941175
0 0.7343096234309623 0.4858823529411765 0.06276150627615062 0.02588235294117647
0 0.03765690376569038 0.48764705882352943 0.07531380753138076 0.041176470588235294
0 0.7928870292887029 0.4935294117647059 0.11715481171548117 0.1
0 0.8943514644351465 0.49411764705882355 0.08577405857740586 0.10823529411764705
0 0.5376569037656904 0.31588235294117645 0.06276150627615062 0.03882352941176471
0 0.9769874476987448 0.26588235294117646 0.04602510460251046 0.023529411764705882
0 0.9257322175732218 0.23823529411764705 0.06485355648535565 0.06470588235294118
0 0.05753138075313807 0.20352941176470588 0.07740585774058577 0.02823529411764706
