0 0.2583682008368201 0.8258823529411765 0.06903765690376569 0.01647058823529412
0 0.4382845188284519 0.8152941176470588 0.23640167364016737 0.03058823529411765
0 0.7311715481171548 0.7735294117647059 0.15690376569037656 0.06
0 0.6757322175732218 0.7376470588235294 0.2384937238493724 0.05411764705882353
0 0.4497907949790795 0.7335294117647059 0.17154811715481172 0.05764705882352941
0 0.058577405857740586 0.6988235294117647 0.11715481171548117 0.25882352941176473
0 0.9456066945606695 0.5147058823529411 0.1087866108786611 0.041176470588235294
0 0.8650627615062761 0.4923529411764706 0.05230125523012552 0.01764705882352941
0 0.797071129707113 0.49411764705882355 0.08786610878661087 0.03058823529411765
0 0.6349372384937239 0.3558823529411765 0.06903765690376569 0.027058823529411764
0 0.6098326359832636 0.36176470588235293 0.12761506276150628 0.03882352941176471
0 0.6558577405857741 0.27705882352941175 0.11506276150627615 0.05058823529411765
0 0.48221757322175735 0.18941176470588236 0.04811715481171548 0.03058823529411765
0 0.9278242677824268 0.18764705882352942 0.07740585774058577 0.1423529411764706
0 0.4445606694560669 0.06588235294117648 0.10251046025104603 0.03529411764705882
0 0.25313807531380755 0.09529411764705882 0.16736401673640167 0.15294117647058825
