0 0.8520047169811321 0.8692468619246861 0.0695754716981132 0.03556485355648536
0 0.4221698113207547 0.6872384937238494 0.030660377358490566 0.0397489539748954
0 0.9740566037735849 0.6202928870292888 0.03537735849056604 0.03138075313807531
0 0.6426886792452831 0.5543933054393305 0.0589622641509434 0.058577405857740586
0 0.6043632075471698 0.551255230125523 0.01768867924528302 0.056485355648535567
0 0.43278301886792453 0.5585774058577406 0.03773584905660377 0.12552301255230125
0 0.6550707547169812 0.4801255230125523 0.027122641509433963 0.043933054393305436
0 0.9363207547169812 0.37552301255230125 0.05660377358490566 0.027196652719665274
0 0.5017688679245284 0.3776150627615063 0.041273584905660375 0.060669456066945605
0 0.30306603773584906 0.36715481171548114 0.01650943396226415 0.04811715481171548
0 0.8844339622641509 0.3158995815899582 0.03773584905660377 0.03765690376569038
0 0.9239386792452831 0.3138075313807531 0.03891509433962264 0.04184100418410042
0 0.09610849056603774 0.2186192468619247 0.04834905660377359 0.027196652719665274
0 0.9716981132075472 0.17573221757322174 0.05660377358490566 0.03347280334728033
0 0.49115566037735847 0.24267782426778242 0.05070754716981132 0.17573221757322174
0 0.9351415094339622 0.08054393305439331 0.08254716981132075 0.08158995815899582
0 0.6645047169811321 0.05753138075313807 0.024764150943396228 0.0397489539748954
