0 0.361438679245283 0.9414225941422594 0.055424528301886794 0.03347280334728033
0 0.3071933962264151 0.9539748953974896 0.045990566037735846 0.06694560669456066
0 0.7824292452830188 0.8744769874476988 0.02240566037735849 0.04184100418410042
0 0.7612028301886793 0.7165271966527197 0.0294811320754717 0.23221757322175732
0 0.28950471698113206 0.6422594142259415 0.015330188679245283 0.16317991631799164
0 0.7429245283018868 0.6014644351464435 0.018867924528301886 0.41631799163179917
0 0.5206367924528302 0.27510460251046026 0.02240566037735849 0.03138075313807531
0 0.017099056603773585 0.2813807531380753 0.03419811320754717 0.13598326359832635
0 0.9522405660377359 0.1589958158995816 0.020047169811320754 0.058577405857740586
0 0.25471698113207547 0.10251046025104603 0.02830188679245283 0.0502092050209205
0 0.7670990566037735 0.08577405857740586 0.041273584905660375 0.17154811715481172
