0 0.5 0.9665271966527197 1.0 0.06694560669456066
0 0.06308962264150944 0.9100418410041841 0.015330188679245283 0.13389121338912133
0 0.6709905660377359 0.7907949790794979 0.030660377358490566 0.05439330543933055
0 0.6975235849056604 0.7855648535564853 0.020047169811320754 0.04811715481171548
0 0.7488207547169812 0.7698744769874477 0.01650943396226415 0.0502092050209205
0 0.6279481132075472 0.6809623430962343 0.015330188679245283 0.04811715481171548
0 0.7334905660377359 0.6642259414225942 0.04009433962264151 0.0397489539748954
0 0.6633254716981132 0.6610878661087866 0.036556603773584904 0.09623430962343096
0 0.5966981132075472 0.6516736401673641 0.07311320754716981 0.13179916317991633
0 0.5064858490566038 0.6234309623430963 0.055424528301886794 0.08786610878661087
0 0.566627358490566 0.602510460251046 0.024764150943396228 0.0502092050209205
0 0.839622641509434 0.6077405857740585 0.04716981132075472 0.07740585774058577
0 0.7977594339622641 0.6098326359832636 0.020047169811320754 0.09414225941422594
0 0.7258254716981132 0.6014644351464435 0.0294811320754717 0.08158995815899582
0 0.7629716981132075 0.5690376569037657 0.01179245283018868 0.18410041841004185
0 0.47995283018867924 0.5648535564853556 0.09669811320754718 0.18828451882845187
0 0.5837264150943396 0.5125523012552301 0.07783018867924528 0.08786610878661087
0 0.7069575471698113 0.49372384937238495 0.0294811320754717 0.07531380753138076
0 0.47287735849056606 0.5669456066945606 0.10613207547169812 0.2301255230125523
0 0.8349056603773585 0.4801255230125523 0.04009433962264151 0.0899581589958159
0 0.660377358490566 0.47594142259414224 0.03773584905660377 0.12343096234309624
0 0.6350235849056604 0.13702928870292888 0.09551886792452831 0.1192468619246862
0 0.9109669811320755 0.03347280334728033 0.08372641509433962 0.06694560669456066
0 0.4481132075471698 0.0198744769874477 0.10613207547169812 0.0397489539748954
