0 0.7207112970711297 0.6070588235294118 0.06485355648535565 0.023529411764705882
0 0.7489539748953975 0.5688235294117647 0.029288702928870293 0.024705882352941175
0 0.9246861924686193 0.4852941176470588 0.03347280334728033 0.04588235294117647
0 0.8242677824267782 0.32235294117647056 0.14225941422594143 0.07529411764705882
0 0.4581589958158996 0.1811764705882353 0.0502092050209205 0.04470588235294118
0 0.22594142259414227 0.052941176470588235 0.03765690376569038 0.021176470588235293
0 0.11192468619246862 0.07705882352941176 0.16108786610878661 0.07176470588235294
0 0.3002092050209205 0.04058823529411765 0.09832635983263599 0.03411764705882353
0 0.5334728033472803 0.03764705882352941 0.09205020920502092 0.04941176470588235
0 0.49686192468619245 0.012352941176470587 0.14853556485355648 0.024705882352941175
0 0.39644351464435146 0.04176470588235294 0.03556485355648536 0.08352941176470588
