0 0.10251046025104603 0.9270588235294117 0.06694560669456066 0.03529411764705882
0 0.6589958158995816 0.8711764705882353 0.3682008368200837 0.09058823529411765
0 0.948744769874477 0.8294117647058824 0.05230125523012552 0.03529411764705882
0 0.7845188284518828 0.8029411764705883 0.0502092050209205 0.03882352941176471
0 0.7437238493723849 0.6923529411764706 0.03556485355648536 0.02
0 0.39539748953974896 0.4235294117647059 0.22594142259414227 0.01411764705882353
0 0.02615062761506276 0.4082352941176471 0.05230125523012552 0.03529411764705882
0 0.893305439330544 0.4023529411764706 0.0502092050209205 0.042352941176470586
0 0.08158995815899582 0.3952941176470588 0.058577405857740586 0.047058823529411764
0 0.6621338912133892 0.35764705882352943 0.060669456066945605 0.06352941176470588
0 0.702928870292887 0.35352941176470587 0.04602510460251046 0.10235294117647059
0 0.9675732217573222 0.3035294117647059 0.04811715481171548 0.02823529411764706
0 0.4456066945606695 0.29823529411764704 0.18410041841004185 0.024705882352941175
0 0.4372384937238494 0.28705882352941176 0.1799163179916318 0.018823529411764704
0 0.694560669456067 0.22470588235294117 0.1799163179916318 0.042352941176470586
0 0.6861924686192469 0.051176470588235295 0.04184100418410042 0.024705882352941175
0 0.0198744769874477 0.03588235294117647 0.0397489539748954 0.05764705882352941
0 0.5889121338912134 0.020588235294117647 0.14853556485355648 0.041176470588235294
