0 0.5261506276150628 0.7729411764705882 0.03138075313807531 0.023529411764705882
0 0.4341004184100418 0.768235294117647 0.03556485355648536 0.02823529411764706
0 0.47489539748953974 0.7676470588235295 0.03765690376569038 0.029411764705882353
0 0.39330543933054396 0.7676470588235295 0.03347280334728033 0.029411764705882353
0 0.7949790794979079 0.74 0.1589958158995816 0.16705882352941176
0 0.6516736401673641 0.6652941176470588 0.03556485355648536 0.02235294117647059
0 0.09518828451882845 0.3947058823529412 0.060669456066945605 0.04352941176470588
0 0.14853556485355648 0.32176470588235295 0.06276150627615062 0.07882352941176471
0 0.8211297071129707 0.26529411764705885 0.0397489539748954 0.04352941176470588
0 0.4989539748953975 0.2641176470588235 0.21548117154811716 0.052941176470588235
0 0.6830543933054394 0.26176470588235295 0.13179916317991633 0.05058823529411765
0 0.5679916317991632 0.2252941176470588 0.3619246861924686 0.015294117647058824
0 0.03765690376569038 0.18235294117647058 0.07531380753138076 0.17647058823529413
0 0.7259414225941423 0.005294117647058823 0.2217573221757322 0.010588235294117647
