0 0.551255230125523 0.8088235294117647 0.17782426778242677 0.02235294117647059
0 0.9236401673640168 0.7629411764705882 0.15271966527196654 0.027058823529411764
0 0.8943514644351465 0.71 0.2112970711297071 0.07176470588235294
0 0.948744769874477 0.63 0.10251046025104603 0.024705882352941175
0 0.8441422594142259 0.6264705882352941 0.10251046025104603 0.027058823529411764
0 0.8577405857740585 0.5776470588235294 0.11715481171548117 0.021176470588235293
0 0.04079497907949791 0.41823529411764704 0.08158995815899582 0.036470588235294116
0 0.2939330543933054 0.2823529411764706 0.09414225941422594 0.03764705882352941
0 0.12866108786610878 0.2782352941176471 0.10251046025104603 0.036470588235294116
0 0.9089958158995816 0.2752941176470588 0.18200836820083682 0.11764705882352941
0 0.09937238493723849 0.1223529411764706 0.19874476987447698 0.018823529411764704
0 0.11715481171548117 0.07588235294117647 0.23430962343096234 0.010588235294117647
0 0.9612970711297071 0.019411764705882354 0.07740585774058577 0.03882352941176471
