0 0.6739386792452831 0.9089958158995816 0.10731132075471699 0.06485355648535565
0 0.745872641509434 0.8399581589958159 0.04363207547169811 0.027196652719665274
0 0.5341981132075472 0.8723849372384938 0.0589622641509434 0.13807531380753138
0 0.6580188679245284 0.7866108786610879 0.2240566037735849 0.04184100418410042
0 0.9557783018867925 0.8158995815899581 0.08844339622641509 0.17154811715481172
0 0.02358490566037736 0.6516736401673641 0.04716981132075472 0.03556485355648536
0 0.6715801886792453 0.649581589958159 0.060141509433962265 0.04811715481171548
0 0.6839622641509434 0.5972803347280334 0.01650943396226415 0.0397489539748954
0 0.7971698113207547 0.6338912133891214 0.030660377358490566 0.12133891213389121
0 0.7075471698113207 0.6098326359832636 0.01650943396226415 0.08577405857740586
0 0.08254716981132075 0.5711297071129707 0.06839622641509434 0.1297071129707113
0 0.04658018867924528 0.5188284518828452 0.05306603773584906 0.029288702928870293
