0 0.9245283018867925 0.9518828451882845 0.02122641509433962 0.0794979079497908
0 0.8956367924528302 0.8692468619246861 0.045990566037735846 0.06903765690376569
0 0.09787735849056604 0.8629707112970711 0.12735849056603774 0.1108786610878661
0 0.49292452830188677 0.7269874476987448 0.07075471698113207 0.02301255230125523
0 0.21757075471698112 0.7238493723849372 0.12382075471698113 0.13807531380753138
0 0.9716981132075472 0.700836820083682 0.05660377358490566 0.1297071129707113
0 0.1786556603773585 0.6307531380753139 0.03419811320754717 0.06903765690376569
0 0.9581367924528302 0.5794979079497908 0.03891509433962264 0.08786610878661087
0 0.8655660377358491 0.6506276150627615 0.07075471698113207 0.30962343096234307
0 0.36615566037735847 0.5292887029288703 0.14268867924528303 0.0794979079497908
0 0.9870283018867925 0.22698744769874477 0.025943396226415096 0.06485355648535565
0 0.6474056603773585 0.1788702928870293 0.08254716981132075 0.06485355648535565
0 0.7317216981132075 0.17364016736401675 0.07665094339622641 0.06276150627615062
0 0.7476415094339622 0.07426778242677824 0.02830188679245283 0.043933054393305436
0 0.9846698113207547 0.100418410041841 0.030660377358490566 0.200836820083682
0 0.9410377358490566 0.07112970711297072 0.049528301886792456 0.14225941422594143
