0 0.2698744769874477 0.841764705882353 0.058577405857740586 0.015294117647058824
0 0.4497907949790795 0.831764705882353 0.24267782426778242 0.03294117647058824
0 0.100418410041841 0.8294117647058824 0.04184100418410042 0.03058823529411765
0 0.7353556485355649 0.7847058823529411 0.15690376569037656 0.06823529411764706
0 0.6935146443514645 0.75 0.2112970711297071 0.04823529411764706
0 0.0397489539748954 0.6882352941176471 0.0794979079497908 0.25882352941176473
0 0.8765690376569037 0.508235294117647 0.24686192468619247 0.05647058823529412
0 0.6370292887029289 0.37823529411764706 0.1108786610878661 0.03882352941176471
0 0.6338912133891214 0.29352941176470587 0.14644351464435146 0.03411764705882353
0 0.46548117154811713 0.18941176470588236 0.04811715481171548 0.03529411764705882
0 0.9131799163179917 0.18823529411764706 0.07740585774058577 0.14588235294117646
0 0.4194560669456067 0.07058823529411765 0.1108786610878661 0.04
0 0.23117154811715482 0.0988235294117647 0.17364016736401675 0.15058823529411763
