0 0.09518828451882845 0.8247058823529412 0.08577405857740586 0.2776470588235294
0 0.8786610878661087 0.6729411764705883 0.12133891213389121 0.01647058823529412
0 0.8274058577405857 0.5976470588235294 0.06903765690376569 0.018823529411764704
0 0.8410041841004184 0.5529411764705883 0.06694560669456066 0.009411764705882352
0 0.8828451882845189 0.5452941176470588 0.07531380753138076 0.07411764705882352
0 0.5523012552301255 0.36705882352941177 0.07112970711297072 0.03529411764705882
0 0.6317991631799164 0.36058823529411765 0.10460251046025104 0.03411764705882353
0 0.016736401673640166 0.3241176470588235 0.03347280334728033 0.024705882352941175
0 0.858786610878661 0.28647058823529414 0.13179916317991633 0.015294117647058824
0 0.7688284518828452 0.2958823529411765 0.03138075313807531 0.03882352941176471
0 0.6171548117154811 0.2782352941176471 0.03765690376569038 0.02235294117647059
0 0.7834728033472803 0.14588235294117646 0.027196652719665274 0.10588235294117647
0 0.8859832635983264 0.09352941176470589 0.043933054393305436 0.015294117647058824
0 0.4372384937238494 0.08764705882352941 0.03765690376569038 0.17529411764705882
