0 0.009414225941422594 0.7964705882352942 0.01882845188284519 0.08705882352941176
0 0.8221757322175732 0.56 0.35564853556485354 0.023529411764705882
0 0.6778242677824268 0.4511764705882353 0.016736401673640166 0.041176470588235294
0 0.7573221757322176 0.4511764705882353 0.10460251046025104 0.10941176470588235
0 0.9288702928870293 0.4052941176470588 0.03347280334728033 0.02235294117647059
0 0.48640167364016734 0.21352941176470588 0.15690376569037656 0.03411764705882353
0 0.6715481171548117 0.1888235294117647 0.16317991631799164 0.03882352941176471
0 0.8200836820083682 0.12176470588235294 0.09205020920502092 0.02
0 0.8901673640167364 0.08470588235294117 0.06903765690376569 0.018823529411764704
0 0.3284518828451883 0.06294117647058824 0.03347280334728033 0.07411764705882352
0 0.5094142259414226 0.0488235294117647 0.03556485355648536 0.0976470588235294
0 0.13179916317991633 0.051176470588235295 0.07112970711297072 0.10235294117647059
