0 0.34309623430962344 0.9217647058823529 0.100418410041841 0.03882352941176471
0 0.9079497907949791 0.8041176470588235 0.18410041841004185 0.05058823529411765
0 0.7719665271966527 0.7758823529411765 0.100418410041841 0.2223529411764706
0 0.9100418410041841 0.6847058823529412 0.17154811715481172 0.08470588235294117
0 0.9027196652719666 0.5805882352941176 0.09414225941422594 0.03882352941176471
0 0.9654811715481172 0.3623529411764706 0.06903765690376569 0.01647058823529412
0 0.8870292887029289 0.37941176470588234 0.058577405857740586 0.14
0 0.6914225941422594 0.2923529411764706 0.07740585774058577 0.03882352941176471
0 0.7667364016736402 0.29058823529411765 0.07322175732217573 0.03764705882352941
0 0.9393305439330544 0.20470588235294118 0.12133891213389121 0.058823529411764705
0 0.4696652719665272 0.11294117647058824 0.027196652719665274 0.03294117647058824
0 0.9560669456066946 0.10588235294117647 0.08786610878661087 0.04470588235294118
0 0.9592050209205021 0.02235294117647059 0.08158995815899582 0.04470588235294118
