0 0.13856132075471697 0.8817991631799164 0.11674528301886793 0.03556485355648536
0 0.6362028301886793 0.7939330543933054 0.07193396226415094 0.04811715481171548
0 0.4027122641509434 0.7866108786610879 0.027122641509433963 0.05439330543933055
0 0.47110849056603776 0.7792887029288703 0.13089622641509435 0.10669456066945607
0 0.2340801886792453 0.7437238493723849 0.10731132075471699 0.056485355648535567
0 0.23525943396226415 0.7092050209205021 0.1332547169811321 0.07531380753138076
0 0.13502358490566038 0.6893305439330544 0.0294811320754717 0.06485355648535565
0 0.6969339622641509 0.6809623430962343 0.20047169811320756 0.05230125523012552
0 0.2028301886792453 0.6914225941422594 0.21226415094339623 0.13179916317991633
0 0.7063679245283019 0.6464435146443515 0.2028301886792453 0.04602510460251046
0 0.1650943396226415 0.6589958158995816 0.030660377358490566 0.08786610878661087
0 0.20577830188679244 0.6401673640167364 0.020047169811320754 0.06694560669456066
0 0.1892688679245283 0.645397489539749 0.015330188679245283 0.08158995815899582
0 0.7193396226415094 0.6129707112970711 0.1957547169811321 0.04602510460251046
0 0.22228773584905662 0.6265690376569037 0.024764150943396228 0.07322175732217573
0 0.23879716981132076 0.6119246861924686 0.0294811320754717 0.07740585774058577
0 0.25707547169811323 0.600418410041841 0.0330188679245283 0.07531380753138076
0 0.27358490566037735 0.5889121338912134 0.04245283018867924 0.07740585774058577
0 0.41273584905660377 0.6244769874476988 0.06839622641509434 0.16527196652719664
0 0.29422169811320753 0.5763598326359832 0.04363207547169811 0.07322175732217573
0 0.3125 0.5648535564853556 0.04716981132075472 0.07531380753138076
0 0.3920990566037736 0.5993723849372385 0.09787735849056604 0.17782426778242677
0 0.39799528301886794 0.5575313807531381 0.08608490566037735 0.16527196652719664
0 0.36851415094339623 0.5282426778242678 0.12382075471698113 0.16108786610878661
0 0.6338443396226415 0.3985355648535565 0.1875 0.014644351464435146
0 0.6409198113207547 0.3723849372384937 0.18985849056603774 0.02092050209205021
0 0.6497641509433962 0.350418410041841 0.18867924528301888 0.027196652719665274
0 0.10849056603773585 0.36506276150627615 0.02358490566037736 0.06485355648535565
0 0.1338443396226415 0.3587866108786611 0.02240566037735849 0.06485355648535565
0 0.9304245283018868 0.551255230125523 0.03537735849056604 0.4581589958158996
0 0.1580188679245283 0.35251046025104604 0.02358490566037736 0.06485355648535565
0 0.18101415094339623 0.3472803347280335 0.020047169811320754 0.06276150627615062
0 0.294811320754717 0.3200836820083682 0.02358490566037736 0.06276150627615062
0 0.14327830188679244 0.35669456066945604 0.13089622641509435 0.19874476987447698
0 0.2824292452830189 0.3200836820083682 0.08608490566037735 0.17573221757322174
0 0.8325471698113207 0.2217573221757322 0.08490566037735849 0.0794979079497908
0 0.8148584905660378 0.151673640167364 0.0589622641509434 0.07322175732217573
0 0.8461084905660378 0.13598326359832635 0.045990566037735846 0.05439330543933055
0 0.7965801886792453 0.0794979079497908 0.02240566037735849 0.06276150627615062
0 0.9050707547169812 0.12761506276150628 0.015330188679245283 0.25523012552301255
0 0.8844339622641509 0.12866108786610878 0.025943396226415096 0.25732217573221755
0 0.625 0.012552301255230125 0.05660377358490566 0.02510460251046025
0 0.43514150943396224 0.027196652719665274 0.07783018867924528 0.05439330543933055
0 0.18396226415094338 0.04811715481171548 0.07547169811320754 0.09623430962343096
0 0.06132075471698113 0.06903765690376569 0.12264150943396226 0.13807531380753138
0 0.015330188679245283 0.028242677824267783 0.025943396226415096 0.056485355648535567
