0 0.9874476987447699 0.571764705882353 0.02510460251046025 0.02823529411764706
0 0.9372384937238494 0.5388235294117647 0.12552301255230125 0.03764705882352941
0 0.04497907949790795 0.43176470588235294 0.0899581589958159 0.047058823529411764
0 0.08054393305439331 0.3947058823529412 0.06485355648535565 0.024705882352941175
0 0.034518828451882845 0.32294117647058823 0.06903765690376569 0.027058823529411764
0 0.9069037656903766 0.2994117647058824 0.07322175732217573 0.01764705882352941
0 0.028242677824267783 0.2811764705882353 0.056485355648535567 0.02588235294117647
0 0.8514644351464435 0.26941176470588235 0.11297071129707113 0.03058823529411765
0 0.04811715481171548 0.2488235294117647 0.05439330543933055 0.024705882352941175
0 0.043933054393305436 0.21294117647058824 0.08786610878661087 0.05411764705882353
0 0.9539748953974896 0.18 0.08368200836820083 0.03058823529411765
0 0.16108786610878661 0.1264705882352941 0.29707112970711297 0.03411764705882353
0 0.803347280334728 0.12764705882352942 0.30962343096234307 0.06470588235294118
0 0.4686192468619247 0.11 0.3682008368200837 0.052941176470588235
0 0.950836820083682 0.04470588235294118 0.09832635983263599 0.023529411764705882
