0 0.26778242677824265 0.8429411764705882 0.0502092050209205 0.015294117647058824
0 0.4393305439330544 0.83 0.23430962343096234 0.03176470588235294
0 0.7290794979079498 0.7776470588235294 0.14853556485355648 0.06588235294117648
0 0.7154811715481172 0.7441176470588236 0.15481171548117154 0.04588235294117647
0 0.23117154811715482 0.7364705882352941 0.46234309623430964 0.26823529411764707
0 0.9121338912133892 0.5105882352941177 0.17573221757322174 0.04941176470588235
0 0.7866108786610879 0.4958823529411765 0.100418410041841 0.03176470588235294
0 0.6338912133891214 0.3770588235294118 0.100418410041841 0.03882352941176471
0 0.6244769874476988 0.2917647058823529 0.12761506276150628 0.03058823529411765
0 0.45397489539748953 0.19588235294117648 0.0502092050209205 0.03176470588235294
0 0.9016736401673641 0.19 0.07531380753138076 0.14705882352941177
0 0.4330543933054393 0.07705882352941176 0.058577405857740586 0.03176470588235294
0 0.034518828451882845 0.04294117647058823 0.043933054393305436 0.015294117647058824
0 0.21548117154811716 0.10411764705882352 0.17154811715481172 0.15411764705882353
