0 0.7841981132075472 0.7364016736401674 0.03537735849056604 0.0502092050209205
0 0.8213443396226415 0.6872384937238494 0.024764150943396228 0.05230125523012552
0 0.6344339622641509 0.6422594142259415 0.01179245283018868 0.04602510460251046
0 0.6137971698113207 0.6328451882845189 0.015330188679245283 0.04811715481171548
0 0.7977594339622641 0.6516736401673641 0.024764150943396228 0.09832635983263599
0 0.9693396226415094 0.6129707112970711 0.02358490566037736 0.058577405857740586
0 0.7193396226415094 0.6715481171548117 0.05188679245283019 0.30962343096234307
0 0.9917452830188679 0.5397489539748954 0.01650943396226415 0.06694560669456066
0 0.7818396226415094 0.4989539748953975 0.054245283018867926 0.04811715481171548
0 0.597877358490566 0.4790794979079498 0.08726415094339622 0.06694560669456066
0 0.8685141509433962 0.5638075313807531 0.07429245283018868 0.303347280334728
0 0.6002358490566038 0.4100418410041841 0.08726415094339622 0.06694560669456066
0 0.2977594339622642 0.37552301255230125 0.02240566037735849 0.09832635983263599
0 0.07488207547169812 0.19665271966527198 0.055424528301886794 0.0502092050209205
0 0.6320754716981132 0.14853556485355648 0.07075471698113207 0.04602510460251046
0 0.6456367924528302 0.029288702928870293 0.10731132075471699 0.058577405857740586
