0 0.9121462264150944 0.9037656903765691 0.05306603773584906 0.09205020920502092
0 0.09787735849056604 0.8294979079497908 0.14150943396226415 0.1903765690376569
0 0.9840801886792453 0.7698744769874477 0.031839622641509434 0.0794979079497908
0 0.8897405660377359 0.7803347280334728 0.06485849056603774 0.14225941422594143
0 0.9823113207547169 0.7165271966527197 0.03537735849056604 0.06903765690376569
0 0.2116745283018868 0.7081589958158996 0.13089622641509435 0.18619246861924685
0 0.16863207547169812 0.6223849372384938 0.02358490566037736 0.06485355648535565
0 0.9770047169811321 0.6265690376569037 0.041273584905660375 0.09414225941422594
0 0.3714622641509434 0.5104602510460251 0.14386792452830188 0.09205020920502092
0 0.5966981132075472 0.5010460251046025 0.1320754716981132 0.08158995815899582
0 0.7087264150943396 0.4089958158995816 0.12971698113207547 0.15271966527196654
0 0.7423349056603774 0.4445606694560669 0.1615566037735849 0.23221757322175732
0 0.5306603773584906 0.16527196652719664 0.02358490566037736 0.06276150627615062
0 0.6580188679245284 0.15481171548117154 0.08962264150943396 0.06276150627615062
0 0.7488207547169812 0.14958158995815898 0.08254716981132075 0.06485355648535565
0 0.7729952830188679 0.2405857740585774 0.09787735849056604 0.25523012552301255
0 0.9764150943396226 0.14330543933054393 0.02358490566037736 0.08577405857740586
0 0.9475235849056604 0.04497907949790795 0.041273584905660375 0.0899581589958159
0 0.7570754716981132 0.029288702928870293 0.018867924528301886 0.058577405857740586
