0 0.2594142259414226 0.8458823529411764 0.02092050209205021 0.02823529411764706
0 0.32322175732217573 0.7082352941176471 0.05230125523012552 0.01647058823529412
0 0.8640167364016736 0.6111764705882353 0.2719665271966527 0.03176470588235294
0 0.13598326359832635 0.7035294117647058 0.06694560669456066 0.37411764705882355
0 0.944560669456067 0.5205882352941177 0.03556485355648536 0.04823529411764706
0 0.9225941422594143 0.4723529411764706 0.0502092050209205 0.036470588235294116
0 0.3284518828451883 0.4152941176470588 0.06276150627615062 0.021176470588235293
0 0.6652719665271967 0.32235294117647056 0.08786610878661087 0.03058823529411765
0 0.6077405857740585 0.3211764705882353 0.060669456066945605 0.03058823529411765
0 0.16736401673640167 0.3323529411764706 0.029288702928870293 0.0976470588235294
0 0.20815899581589958 0.19058823529411764 0.13179916317991633 0.05411764705882353
0 0.18723849372384938 0.018235294117647058 0.060669456066945605 0.02235294117647059
0 0.6882845188284519 0.018823529411764704 0.05439330543933055 0.02823529411764706
0 0.5460251046025104 0.13705882352941176 0.07531380753138076 0.2741176470588235
0 0.08472803347280335 0.17647058823529413 0.07322175732217573 0.35294117647058826
