0 0.852510460251046 0.9370588235294117 0.05230125523012552 0.02235294117647059
0 0.9602510460251046 0.9317647058823529 0.0794979079497908 0.04470588235294118
0 0.21548117154811716 0.9 0.16317991631799164 0.021176470588235293
0 0.8807531380753139 0.8870588235294118 0.03765690376569038 0.042352941176470586
0 0.3190376569037657 0.8705882352941177 0.08158995815899582 0.07529411764705882
0 0.23117154811715482 0.8288235294117647 0.06485355648535565 0.03411764705882353
0 0.2719665271966527 0.7888235294117647 0.04184100418410042 0.03882352941176471
0 0.7217573221757322 0.7070588235294117 0.5564853556485355 0.2541176470588235
0 0.7918410041841004 0.52 0.2196652719665272 0.0611764705882353
0 0.9048117154811716 0.3788235294117647 0.14853556485355648 0.03529411764705882
0 0.9424686192468619 0.28 0.11506276150627615 0.10588235294117647
0 0.10251046025104603 0.2611764705882353 0.12133891213389121 0.1411764705882353
0 0.030334728033472803 0.14529411764705882 0.060669456066945605 0.05764705882352941
0 0.3002092050209205 0.12117647058823529 0.05230125523012552 0.011764705882352941
0 0.7165271966527197 0.19058823529411764 0.2907949790794979 0.17882352941176471
0 0.897489539748954 0.023529411764705882 0.03765690376569038 0.047058823529411764
