0 0.7205188679245284 0.9361924686192469 0.018867924528301886 0.056485355648535567
0 0.7175707547169812 0.8870292887029289 0.020047169811320754 0.03765690376569038
0 0.7393867924528302 0.9006276150627615 0.02358490566037736 0.12343096234309624
0 0.18396226415094338 0.8357740585774058 0.04009433962264151 0.03556485355648536
0 0.7158018867924528 0.8410041841004184 0.01650943396226415 0.0502092050209205
0 0.6928066037735849 0.8901673640167364 0.03419811320754717 0.17364016736401675
0 0.15919811320754718 0.7688284518828452 0.02358490566037736 0.043933054393305436
0 0.9551886792452831 0.7353556485355649 0.05660377358490566 0.0899581589958159
0 0.42924528301886794 0.7228033472803347 0.0330188679245283 0.1401673640167364
0 0.15035377358490565 0.6663179916317992 0.031839622641509434 0.14435146443514643
