0 0.9686192468619247 0.9923529411764705 0.06276150627615062 0.015294117647058824
0 0.7573221757322176 0.9852941176470589 0.24267782426778242 0.029411764705882353
0 0.08786610878661087 0.9258823529411765 0.1589958158995816 0.06352941176470588
0 0.014644351464435146 0.8694117647058823 0.029288702928870293 0.023529411764705882
0 0.36297071129707115 0.8017647058823529 0.09414225941422594 0.024705882352941175
0 0.35669456066945604 0.8282352941176471 0.25313807531380755 0.1411764705882353
0 0.33368200836820083 0.7658823529411765 0.1108786610878661 0.02588235294117647
0 0.23430962343096234 0.7641176470588236 0.11715481171548117 0.052941176470588235
0 0.549163179916318 0.6817647058823529 0.03556485355648536 0.03411764705882353
0 0.3127615062761506 0.6817647058823529 0.16108786610878661 0.036470588235294116
0 0.854602510460251 0.6558823529411765 0.060669456066945605 0.03411764705882353
0 0.034518828451882845 0.5241176470588236 0.06903765690376569 0.024705882352941175
0 0.9832635983263598 0.47058823529411764 0.03347280334728033 0.023529411764705882
0 0.038702928870292884 0.46647058823529414 0.07740585774058577 0.027058823529411764
0 0.0596234309623431 0.4123529411764706 0.1192468619246862 0.024705882352941175
0 0.946652719665272 0.3941176470588235 0.10669456066945607 0.09411764705882353
0 0.3514644351464435 0.34941176470588237 0.0502092050209205 0.05411764705882353
0 0.028242677824267783 0.3088235294117647 0.056485355648535567 0.02
0 0.09309623430962342 0.29470588235294115 0.04811715481171548 0.02
0 0.9843096234309623 0.2411764705882353 0.03138075313807531 0.042352941176470586
0 0.5638075313807531 0.22941176470588234 0.06903765690376569 0.03058823529411765
0 0.649581589958159 0.22941176470588234 0.08577405857740586 0.03294117647058824
0 0.7803347280334728 0.22588235294117648 0.15481171548117154 0.02823529411764706
0 0.05753138075313807 0.22823529411764706 0.11506276150627615 0.07058823529411765
0 0.641213389121339 0.17411764705882352 0.03138075313807531 0.02588235294117647
0 0.7834728033472803 0.14411764705882352 0.20711297071129708 0.024705882352941175
