0 0.08054393305439331 0.4935294117647059 0.03138075313807531 0.0811764705882353
0 0.02510460251046025 0.4364705882352941 0.029288702928870293 0.04
0 0.6830543933054394 0.41705882352941176 0.04811715481171548 0.04352941176470588
0 0.6684100418410042 0.3270588235294118 0.17364016736401675 0.04470588235294118
0 0.6014644351464435 0.2888235294117647 0.043933054393305436 0.03882352941176471
0 0.6642259414225942 0.30411764705882355 0.20292887029288703 0.10705882352941176
0 0.5125523012552301 0.2388235294117647 0.07531380753138076 0.03294117647058824
0 0.7656903765690377 0.15411764705882353 0.02092050209205021 0.11529411764705882
0 0.8179916317991632 0.14 0.08786610878661087 0.13411764705882354
0 0.28765690376569036 0.018235294117647058 0.027196652719665274 0.036470588235294116
