0 0.6223849372384938 0.9458823529411765 0.23640167364016737 0.06588235294117648
0 0.8085774058577406 0.9141176470588235 0.15271966527196654 0.03294117647058824
0 0.9790794979079498 0.5652941176470588 0.04184100418410042 0.03411764705882353
0 0.5177824267782427 0.4441176470588235 0.19456066945606695 0.03882352941176471
0 0.9853556485355649 0.3870588235294118 0.029288702928870293 0.01647058823529412
0 0.5324267782426778 0.34647058823529414 0.03556485355648536 0.02
0 0.8556485355648535 0.29 0.07112970711297072 0.012941176470588235
0 0.9341004184100419 0.23588235294117646 0.13179916317991633 0.08823529411764706
0 0.4874476987447699 0.08529411764705883 0.03765690376569038 0.03411764705882353
0 0.3797071129707113 0.036470588235294116 0.03556485355648536 0.047058823529411764
0 0.952928870292887 0.03764705882352941 0.07322175732217573 0.07529411764705882
