0 0.7635983263598326 0.7852941176470588 0.2175732217573222 0.18
0 0.9016736401673641 0.6817647058823529 0.04602510460251046 0.03411764705882353
0 0.9832635983263598 0.6476470588235295 0.03347280334728033 0.041176470588235294
0 0.9623430962343096 0.61 0.04184100418410042 0.041176470588235294
0 0.9424686192468619 0.5417647058823529 0.11506276150627615 0.07411764705882352
0 0.20815899581589958 0.42 0.41631799163179917 0.02823529411764706
0 0.08368200836820083 0.27294117647058824 0.16736401673640167 0.009411764705882352
0 0.2290794979079498 0.2211764705882353 0.056485355648535567 0.058823529411764705
0 0.4780334728033473 0.19941176470588234 0.056485355648535567 0.06
0 0.7248953974895398 0.1388235294117647 0.11506276150627615 0.05411764705882353
0 0.8274058577405857 0.13117647058823528 0.07740585774058577 0.05058823529411765
