0 0.35460251046025104 0.7864705882352941 0.0899581589958159 0.02
0 0.4246861924686193 0.8123529411764706 0.3138075313807531 0.07882352941176471
0 0.6317991631799164 0.7176470588235294 0.029288702928870293 0.05176470588235294
0 0.9790794979079498 0.5794117647058824 0.04184100418410042 0.0811764705882353
0 0.12866108786610878 0.4988235294117647 0.08158995815899582 0.03529411764705882
0 0.9497907949790795 0.4811764705882353 0.100418410041841 0.06588235294117648
0 0.47175732217573224 0.20705882352941177 0.0397489539748954 0.03058823529411765
0 0.7081589958158996 0.2011764705882353 0.17782426778242677 0.04
0 0.3294979079497908 0.08647058823529412 0.10669456066945607 0.02
0 0.600418410041841 0.08294117647058824 0.14225941422594143 0.06
0 0.4456066945606695 0.03823529411764706 0.11715481171548117 0.07647058823529412
0 0.26673640167364016 0.011176470588235295 0.04811715481171548 0.02235294117647059
