0 0.7625523012552301 0.8958823529411765 0.06485355648535565 0.12117647058823529
0 0.9832635983263598 0.8123529411764706 0.03347280334728033 0.015294117647058824
0 0.9205020920502092 0.7294117647058823 0.1589958158995816 0.02588235294117647
0 0.016736401673640166 0.6452941176470588 0.03347280334728033 0.027058823529411764
0 0.9257322175732218 0.6558823529411765 0.1401673640167364 0.05764705882352941
0 0.3127615062761506 0.5894117647058823 0.043933054393305436 0.11058823529411765
0 0.946652719665272 0.5141176470588236 0.10669456066945607 0.10352941176470588
0 0.6516736401673641 0.3447058823529412 0.09414225941422594 0.03294117647058824
0 0.10774058577405858 0.31823529411764706 0.09832635983263599 0.03411764705882353
0 0.8462343096234309 0.19941176470588234 0.3075313807531381 0.10235294117647059
0 0.5 0.1323529411764706 1.0 0.024705882352941175
