0 0.9759414225941423 0.7394117647058823 0.04811715481171548 0.05529411764705883
0 0.5397489539748954 0.7094117647058824 0.04184100418410042 0.01647058823529412
0 0.7677824267782427 0.5923529411764706 0.02510460251046025 0.04823529411764706
0 0.37552301255230125 0.5623529411764706 0.03556485355648536 0.08470588235294117
0 0.28451882845188287 0.5552941176470588 0.12133891213389121 0.08705882352941176
0 0.18514644351464435 0.55 0.06903765690376569 0.08352941176470588
0 0.7238493723849372 0.5035294117647059 0.0794979079497908 0.07764705882352942
0 0.49686192468619245 0.4023529411764706 0.060669456066945605 0.047058823529411764
0 0.25627615062761505 0.4082352941176471 0.056485355648535567 0.07058823529411765
0 0.41631799163179917 0.3976470588235294 0.0794979079497908 0.05176470588235294
0 0.3305439330543933 0.3835294117647059 0.08368200836820083 0.07058823529411765
0 0.5627615062761506 0.33 0.18828451882845187 0.052941176470588235
0 0.25313807531380755 0.28941176470588237 0.05439330543933055 0.02823529411764706
0 0.9612970711297071 0.3029411764705882 0.07740585774058577 0.07411764705882352
0 0.2730125523012552 0.24529411764705883 0.060669456066945605 0.024705882352941175
0 0.07322175732217573 0.20411764705882354 0.14644351464435146 0.06
0 0.9843096234309623 0.16294117647058823 0.03138075313807531 0.027058823529411764
0 0.9361924686192469 0.04176470588235294 0.07322175732217573 0.08352941176470588
0 0.2698744769874477 0.01764705882352941 0.16317991631799164 0.03529411764705882
0 0.07635983263598327 0.021176470588235293 0.15271966527196654 0.042352941176470586
