0 0.09100418410041841 0.8823529411764706 0.18200836820083682 0.03058823529411765
0 0.301255230125523 0.8823529411764706 0.05439330543933055 0.05647058823529412
0 0.5742677824267782 0.8664705882352941 0.29497907949790797 0.04823529411764706
0 0.9728033472803347 0.8470588235294118 0.05439330543933055 0.023529411764705882
0 0.5679916317991632 0.8429411764705882 0.2112970711297071 0.03882352941176471
0 0.9811715481171548 0.8111764705882353 0.03765690376569038 0.03882352941176471
0 0.060669456066945605 0.5735294117647058 0.12133891213389121 0.052941176470588235
0 0.4006276150627615 0.5723529411764706 0.14435146443514643 0.05764705882352941
0 0.6359832635983264 0.5376470588235294 0.17573221757322174 0.07764705882352942
0 0.5794979079497908 0.4505882352941176 0.100418410041841 0.06588235294117648
0 0.4560669456066946 0.41 0.09205020920502092 0.3305882352941176
0 0.7165271966527197 0.23411764705882354 0.05230125523012552 0.04941176470588235
0 0.1108786610878661 0.026470588235294117 0.04602510460251046 0.052941176470588235
0 0.0700836820083682 0.02823529411764706 0.04811715481171548 0.05647058823529412
0 0.015690376569037656 0.03058823529411765 0.03138075313807531 0.0611764705882353
