0 0.6709905660377359 0.9707112970711297 0.025943396226415096 0.029288702928870293
0 0.6727594339622641 0.9361924686192469 0.024764150943396228 0.027196652719665274
0 0.9923349056603774 0.8870292887029289 0.015330188679245283 0.11715481171548117
0 0.20400943396226415 0.7855648535564853 0.05660377358490566 0.05230125523012552
0 0.07900943396226415 0.7949790794979079 0.08490566037735849 0.07531380753138076
0 0.01650943396226415 0.7489539748953975 0.0330188679245283 0.10460251046025104
0 0.1509433962264151 0.7186192468619247 0.07311320754716981 0.06903765690376569
0 0.7576650943396226 0.7238493723849372 0.020047169811320754 0.100418410041841
0 0.5294811320754716 0.8253138075313807 0.07783018867924528 0.3493723849372385
0 0.011202830188679245 0.643305439330544 0.02240566037735849 0.06903765690376569
0 0.7617924528301887 0.6234309623430963 0.018867924528301886 0.06694560669456066
0 0.13148584905660377 0.5753138075313807 0.07900943396226415 0.10460251046025104
0 0.01061320754716981 0.5146443514644351 0.02122641509433962 0.09205020920502092
0 0.451061320754717 0.3200836820083682 0.036556603773584904 0.14225941422594143
0 0.625 0.2928870292887029 0.10377358490566038 0.13389121338912133
0 0.054245283018867926 0.20920502092050208 0.03537735849056604 0.02092050209205021
0 0.47582547169811323 0.17364016736401675 0.045990566037735846 0.04184100418410042
0 0.24646226415094338 0.1788702928870293 0.030660377358490566 0.060669456066945605
0 0.33431603773584906 0.151673640167364 0.09551886792452831 0.056485355648535567
0 0.8561320754716981 0.21652719665271966 0.02358490566037736 0.23221757322175732
0 0.20931603773584906 0.13179916317991633 0.03891509433962264 0.06276150627615062
0 0.6137971698113207 0.12238493723849372 0.08136792452830188 0.10669456066945607
0 0.2824292452830189 0.09937238493723849 0.08372641509433962 0.06485355648535565
0 0.6792452830188679 0.12133891213389121 0.05188679245283019 0.1589958158995816
0 0.6037735849056604 0.036610878661087864 0.12264150943396226 0.060669456066945605
0 0.566627358490566 0.02092050209205021 0.08844339622641509 0.04184100418410042
0 0.486438679245283 0.02092050209205021 0.04834905660377359 0.04184100418410042
0 0.045990566037735846 0.02405857740585774 0.09198113207547169 0.04811715481171548
