0 0.5125523012552301 0.8158823529411765 0.2175732217573222 0.02235294117647059
0 0.9236401673640168 0.7647058823529411 0.15271966527196654 0.02588235294117647
0 0.8891213389121339 0.7105882352941176 0.2217573221757322 0.07058823529411765
0 0.946652719665272 0.6323529411764706 0.10669456066945607 0.027058823529411764
0 0.8389121338912134 0.6282352941176471 0.10460251046025104 0.02823529411764706
0 0.8608786610878661 0.58 0.10251046025104603 0.021176470588235293
0 0.2792887029288703 0.2811764705882353 0.07740585774058577 0.03058823529411765
0 0.12447698744769875 0.2811764705882353 0.10251046025104603 0.03764705882352941
0 0.9079497907949791 0.27294117647058824 0.18410041841004185 0.12705882352941175
0 0.100418410041841 0.11176470588235295 0.200836820083682 0.047058823529411764
0 0.5627615062761506 0.09 0.3472803347280335 0.01764705882352941
0 0.9403765690376569 0.02235294117647059 0.056485355648535567 0.04470588235294118
