0 0.9069037656903766 0.9641176470588235 0.11506276150627615 0.05764705882352941
0 0.5732217573221757 0.9294117647058824 0.09623430962343096 0.04
0 0.26464435146443516 0.9035294117647059 0.13598326359832635 0.009411764705882352
0 0.3389121338912134 0.3552941176470588 0.12552301255230125 0.03764705882352941
0 0.25732217573221755 0.35411764705882354 0.08786610878661087 0.03529411764705882
0 0.8357740585774058 0.1952941176470588 0.04811715481171548 0.042352941176470586
0 0.6192468619246861 0.18823529411764706 0.3263598326359833 0.05176470588235294
0 0.9728033472803347 0.1635294117647059 0.05439330543933055 0.011764705882352941
0 0.6108786610878661 0.12588235294117647 0.34309623430962344 0.058823529411764705
0 0.16213389121338911 0.09647058823529411 0.303347280334728 0.05176470588235294
0 0.852510460251046 0.1111764705882353 0.07740585774058577 0.08823529411764706
0 0.948744769874477 0.02823529411764706 0.10251046025104603 0.03294117647058824
0 0.5774058577405857 0.007647058823529412 0.029288702928870293 0.015294117647058824
0 0.5282426778242678 0.01 0.027196652719665274 0.02
0 0.42677824267782427 0.01411764705882353 0.03347280334728033 0.02823529411764706
0 0.37656903765690375 0.01647058823529412 0.03347280334728033 0.03294117647058824
0 0.2803347280334728 0.021176470588235293 0.029288702928870293 0.042352941176470586
0 0.23744769874476987 0.02235294117647059 0.02301255230125523 0.04470588235294118
