0 0.9369103773584906 0.897489539748954 0.060141509433962265 0.100418410041841
0 0.8431603773584906 0.7615062761506276 0.04716981132075472 0.07112970711297072
0 0.8372641509433962 0.6035564853556485 0.02830188679245283 0.03138075313807531
0 0.6998820754716981 0.5418410041841004 0.07429245283018868 0.04602510460251046
0 0.32075471698113206 0.5052301255230126 0.018867924528301886 0.15690376569037656
0 0.8862028301886793 0.3158995815899582 0.08608490566037735 0.06694560669456066
0 0.357311320754717 0.11820083682008369 0.02358490566037736 0.056485355648535567
0 0.24705188679245282 0.12133891213389121 0.05306603773584906 0.14225941422594143
0 0.5737028301886793 0.016736401673640166 0.020047169811320754 0.03347280334728033
0 0.4846698113207547 0.043933054393305436 0.030660377358490566 0.08786610878661087
0 0.39740566037735847 0.03556485355648536 0.025943396226415096 0.07112970711297072
0 0.35141509433962265 0.03765690376569038 0.04716981132075472 0.07531380753138076
0 0.3018867924528302 0.08368200836820083 0.04009433962264151 0.16736401673640167
0 0.23938679245283018 0.016736401673640166 0.02830188679245283 0.03347280334728033
0 0.17275943396226415 0.01882845188284519 0.0294811320754717 0.03765690376569038
