0 0.4131799163179916 0.9752941176470589 0.07740585774058577 0.04941176470588235
0 0.06694560669456066 0.9294117647058824 0.100418410041841 0.047058823529411764
0 0.5575313807531381 0.8364705882352941 0.10251046025104603 0.10823529411764705
0 0.8671548117154811 0.7676470588235295 0.20711297071129708 0.041176470588235294
0 0.5742677824267782 0.7552941176470588 0.0397489539748954 0.04
0 0.7468619246861925 0.7170588235294117 0.02092050209205021 0.04352941176470588
0 0.8127615062761506 0.6458823529411765 0.29497907949790797 0.07058823529411765
0 0.7060669456066946 0.56 0.043933054393305436 0.023529411764705882
0 0.8943514644351465 0.5541176470588235 0.08158995815899582 0.023529411764705882
0 0.9550209205020921 0.30941176470588233 0.0397489539748954 0.058823529411764705
0 0.5596234309623431 0.26235294117647057 0.09832635983263599 0.018823529411764704
0 0.497907949790795 0.24823529411764705 0.2301255230125523 0.058823529411764705
0 0.41527196652719667 0.19705882352941176 0.06485355648535565 0.052941176470588235
0 0.5031380753138075 0.2223529411764706 0.2698744769874477 0.13176470588235295
0 0.8828451882845189 0.1723529411764706 0.07531380753138076 0.041176470588235294
0 0.8702928870292888 0.10352941176470588 0.06276150627615062 0.01647058823529412
0 0.9665271966527197 0.14058823529411765 0.06694560669456066 0.09529411764705882
0 0.8880753138075314 0.02176470588235294 0.1903765690376569 0.04352941176470588
