0 0.7747641509433962 0.8577405857740585 0.04481132075471698 0.0502092050209205
0 0.7423349056603774 0.8682008368200836 0.0695754716981132 0.07112970711297072
0 0.009433962264150943 0.7112970711297071 0.018867924528301886 0.1087866108786611
0 0.11733490566037735 0.7719665271966527 0.020047169811320754 0.24267782426778242
0 0.6061320754716981 0.6600418410041841 0.04481132075471698 0.06485355648535565
0 0.20518867924528303 0.49686192468619245 0.09669811320754718 0.07322175732217573
0 0.9882075471698113 0.47489539748953974 0.02358490566037736 0.100418410041841
0 0.2028301886792453 0.4299163179916318 0.09669811320754718 0.06903765690376569
0 0.1650943396226415 0.3682008368200837 0.02358490566037736 0.058577405857740586
0 0.9599056603773585 0.21338912133891214 0.02358490566037736 0.03347280334728033
0 0.1792452830188679 0.12656903765690378 0.025943396226415096 0.0397489539748954
0 0.9475235849056604 0.10146443514644352 0.10495283018867925 0.10251046025104603
0 0.12264150943396226 0.043933054393305436 0.04009433962264151 0.03347280334728033
0 0.3632075471698113 0.04079497907949791 0.01179245283018868 0.08158995815899582
0 0.3095518867924528 0.02405857740585774 0.036556603773584904 0.04811715481171548
