0 0.5 0.9623430962343096 1.0 0.07531380753138076
0 0.6727594339622641 0.9372384937238494 0.08608490566037735 0.09205020920502092
0 0.42806603773584906 0.8692468619246861 0.030660377358490566 0.08158995815899582
0 0.5294811320754716 0.8671548117154811 0.06839622641509434 0.11506276150627615
0 0.3402122641509434 0.7845188284518828 0.13797169811320756 0.02092050209205021
0 0.48172169811320753 0.7698744769874477 0.08844339622641509 0.02092050209205021
0 0.7517688679245284 0.5585774058577406 0.020047169811320754 0.07531380753138076
0 0.7216981132075472 0.553347280334728 0.018867924528301886 0.08158995815899582
0 0.8738207547169812 0.5930962343096234 0.02358490566037736 0.17782426778242677
0 0.8012971698113207 0.5418410041841004 0.060141509433962265 0.12552301255230125
0 0.8001179245283019 0.4675732217573222 0.03891509433962264 0.043933054393305436
0 0.7411556603773585 0.4707112970711297 0.041273584905660375 0.07112970711297072
0 0.2505896226415094 0.3138075313807531 0.05306603773584906 0.0794979079497908
0 0.28596698113207547 0.3106694560669456 0.041273584905660375 0.08158995815899582
0 0.326061320754717 0.3043933054393305 0.027122641509433963 0.07740585774058577
0 0.9764150943396226 0.14853556485355648 0.04716981132075472 0.02510460251046025
0 0.04481132075471698 0.1694560669456067 0.08962264150943396 0.12133891213389121
0 0.4829009433962264 0.1108786610878661 0.031839622641509434 0.03347280334728033
0 0.3938679245283019 0.1108786610878661 0.04481132075471698 0.0502092050209205
0 0.6385613207547169 0.100418410041841 0.10259433962264151 0.03765690376569038
0 0.3272405660377358 0.100418410041841 0.02240566037735849 0.03765690376569038
0 0.1179245283018868 0.03556485355648536 0.08962264150943396 0.07112970711297072
