0 0.16422594142259414 0.9664705882352941 0.3284518828451883 0.06705882352941177
0 0.21443514644351463 0.9305882352941176 0.10251046025104603 0.05411764705882353
0 0.5156903765690377 0.94 0.17364016736401675 0.08705882352941176
0 0.6171548117154811 0.9294117647058824 0.2510460251046025 0.11529411764705882
0 0.6380753138075314 0.8758823529411764 0.11297071129707113 0.029411764705882353
0 0.9006276150627615 0.3347058823529412 0.19874476987447698 0.09058823529411765
0 0.5951882845188284 0.27647058823529413 0.056485355648535567 0.03294117647058824
0 0.8629707112970711 0.2164705882352941 0.02301255230125523 0.03058823529411765
0 0.9037656903765691 0.21176470588235294 0.03347280334728033 0.04
0 0.9456066945606695 0.20058823529411765 0.029288702928870293 0.036470588235294116
0 0.9069037656903766 0.17411764705882352 0.14853556485355648 0.058823529411764705
0 0.805439330543933 0.19117647058823528 0.029288702928870293 0.0976470588235294
0 0.9811715481171548 0.10941176470588235 0.03765690376569038 0.0611764705882353
0 0.6213389121338913 0.09941176470588235 0.2510460251046025 0.041176470588235294
0 0.7228033472803347 0.07058823529411765 0.1192468619246862 0.04
0 0.8389121338912134 0.06823529411764706 0.06694560669456066 0.058823529411764705
0 0.036610878661087864 0.02823529411764706 0.07322175732217573 0.05647058823529412
