0 0.8640167364016736 0.9670588235294117 0.2719665271966527 0.03764705882352941
0 0.8797071129707112 0.9335294117647058 0.04811715481171548 0.02235294117647059
0 0.8702928870292888 0.8111764705882353 0.11715481171548117 0.024705882352941175
0 0.805439330543933 0.7547058823529412 0.05439330543933055 0.015294117647058824
0 0.9560669456066946 0.7505882352941177 0.08786610878661087 0.03529411764705882
0 0.9780334728033473 0.6988235294117647 0.043933054393305436 0.03529411764705882
0 0.8472803347280334 0.7082352941176471 0.11715481171548117 0.09411764705882353
0 0.9895397489539749 0.6052941176470589 0.02092050209205021 0.04352941176470588
0 0.9602510460251046 0.5164705882352941 0.04602510460251046 0.011764705882352941
0 0.8817991631799164 0.5147058823529411 0.07322175732217573 0.015294117647058824
0 0.899581589958159 0.49176470588235294 0.09623430962343096 0.011764705882352941
0 0.9759414225941423 0.36823529411764705 0.04811715481171548 0.058823529411764705
0 0.9414225941422594 0.3052941176470588 0.09623430962343096 0.03411764705882353
0 0.7918410041841004 0.24529411764705883 0.04811715481171548 0.04588235294117647
0 0.6767782426778243 0.24176470588235294 0.09414225941422594 0.041176470588235294
0 0.9571129707112971 0.20470588235294118 0.08577405857740586 0.04941176470588235
0 0.8702928870292888 0.009411764705882352 0.2594142259414226 0.018823529411764704
0 0.35355648535564854 0.006470588235294118 0.28870292887029286 0.012941176470588235
