0 0.7322175732217573 0.7911764705882353 0.3682008368200837 0.05764705882352941
0 0.5125523012552301 0.8235294117647058 0.301255230125523 0.13176470588235295
0 0.7301255230125523 0.5129411764705882 0.07112970711297072 0.02823529411764706
0 0.3776150627615063 0.46647058823529414 0.0397489539748954 0.03882352941176471
0 0.3985355648535565 0.4535294117647059 0.07322175732217573 0.03176470588235294
0 0.49581589958158995 0.4576470588235294 0.1506276150627615 0.05176470588235294
0 0.049163179916317995 0.42470588235294116 0.09832635983263599 0.05647058823529412
0 0.38389121338912136 0.40588235294117647 0.043933054393305436 0.03529411764705882
0 0.7928870292887029 0.3688235294117647 0.06694560669456066 0.03411764705882353
0 0.8901673640167364 0.3629411764705882 0.14853556485355648 0.036470588235294116
0 0.9811715481171548 0.3447058823529412 0.03765690376569038 0.058823529411764705
0 0.8138075313807531 0.3247058823529412 0.12133891213389121 0.021176470588235293
0 0.47280334728033474 0.3558823529411765 0.2217573221757322 0.10941176470588235
0 0.497907949790795 0.2964705882352941 0.0502092050209205 0.03294117647058824
0 0.07531380753138076 0.2847058823529412 0.1506276150627615 0.08235294117647059
0 0.9131799163179917 0.2958823529411765 0.09414225941422594 0.12823529411764706
0 0.6893305439330544 0.24294117647058824 0.10669456066945607 0.07882352941176471
0 0.8389121338912134 0.22058823529411764 0.2384937238493724 0.11647058823529412
0 0.06276150627615062 0.17705882352941177 0.04602510460251046 0.04352941176470588
0 0.5941422594142259 0.13588235294117648 0.09205020920502092 0.05764705882352941
