0 0.8169456066945606 0.7858823529411765 0.056485355648535567 0.023529411764705882
0 0.6077405857740585 0.7341176470588235 0.03556485355648536 0.018823529411764704
0 0.8002092050209205 0.7211764705882353 0.056485355648535567 0.023529411764705882
0 0.6997907949790795 0.7323529411764705 0.13598326359832635 0.052941176470588235
0 0.7907949790794979 0.6823529411764706 0.05439330543933055 0.05176470588235294
0 0.5826359832635983 0.6494117647058824 0.03556485355648536 0.018823529411764704
0 0.7751046025104602 0.6376470588235295 0.060669456066945605 0.03764705882352941
0 0.6349372384937239 0.6488235294117647 0.2112970711297071 0.06470588235294118
0 0.5794979079497908 0.5994117647058823 0.11715481171548117 0.012941176470588235
0 0.9874476987447699 0.571764705882353 0.02510460251046025 0.02823529411764706
0 0.7416317991631799 0.5458823529411765 0.056485355648535567 0.018823529411764704
0 0.9414225941422594 0.5352941176470588 0.11715481171548117 0.03058823529411765
0 0.04602510460251046 0.43176470588235294 0.09205020920502092 0.047058823529411764
0 0.08054393305439331 0.3952941176470588 0.06485355648535565 0.02588235294117647
0 0.03347280334728033 0.32294117647058823 0.06694560669456066 0.027058823529411764
0 0.9069037656903766 0.2994117647058824 0.07322175732217573 0.01764705882352941
0 0.027196652719665274 0.2811764705882353 0.05439330543933055 0.02588235294117647
0 0.8514644351464435 0.26941176470588235 0.11297071129707113 0.03058823529411765
0 0.04811715481171548 0.2488235294117647 0.05439330543933055 0.024705882352941175
0 0.043933054393305436 0.21294117647058824 0.08786610878661087 0.05411764705882353
0 0.9539748953974896 0.18 0.08368200836820083 0.03058823529411765
0 0.16108786610878661 0.1264705882352941 0.29707112970711297 0.03411764705882353
0 0.8117154811715481 0.12764705882352942 0.2928870292887029 0.06470588235294118
0 0.4560669456066946 0.11235294117647059 0.39330543933054396 0.05764705882352941
0 0.950836820083682 0.04470588235294118 0.09832635983263599 0.023529411764705882
