0 0.28125 0.7792887029288703 0.041273584905660375 0.06485355648535565
0 0.5501179245283019 0.5292887029288703 0.015330188679245283 0.12552301255230125
0 0.5029481132075472 0.5313807531380753 0.015330188679245283 0.1297071129707113
0 0.4009433962264151 0.4769874476987448 0.025943396226415096 0.19246861924686193
0 0.7706367924528302 0.42782426778242677 0.04363207547169811 0.1903765690376569
0 0.9935141509433962 0.3305439330543933 0.012971698113207548 0.058577405857740586
0 0.6639150943396226 0.303347280334728 0.07547169811320754 0.0502092050209205
0 0.5548349056603774 0.301255230125523 0.02240566037735849 0.0502092050209205
0 0.7281839622641509 0.25418410041841005 0.01768867924528302 0.07322175732217573
0 0.2865566037735849 0.25627615062761505 0.05188679245283019 0.09832635983263599
0 0.9604952830188679 0.07112970711297072 0.04834905660377359 0.14225941422594143
