0 0.25471698113207547 0.899581589958159 0.01650943396226415 0.058577405857740586
0 0.19398584905660377 0.893305439330544 0.01768867924528302 0.05439330543933055
0 0.21285377358490565 0.8922594142259415 0.01768867924528302 0.056485355648535567
0 0.3071933962264151 0.8232217573221757 0.1615566037735849 0.06903765690376569
0 0.3490566037735849 0.7740585774058577 0.02830188679245283 0.04184100418410042
0 0.024764150943396228 0.7981171548117155 0.049528301886792456 0.24476987447698745
0 0.9422169811320755 0.6171548117154811 0.08490566037735849 0.04602510460251046
0 0.01179245283018868 0.641213389121339 0.02358490566037736 0.09832635983263599
0 0.37912735849056606 0.5523012552301255 0.06485849056603774 0.08786610878661087
0 0.964622641509434 0.5376569037656904 0.0330188679245283 0.06276150627615062
0 0.15978773584905662 0.5407949790794979 0.020047169811320754 0.14853556485355648
0 0.045990566037735846 0.47489539748953974 0.09198113207547169 0.20502092050209206
0 0.7635613207547169 0.38284518828451886 0.10023584905660378 0.0502092050209205
0 0.8579009433962265 0.3891213389121339 0.07193396226415094 0.12552301255230125
0 0.4204009433962264 0.3043933054393305 0.08372641509433962 0.056485355648535567
0 0.34610849056603776 0.29916317991631797 0.055424528301886794 0.05439330543933055
0 0.6037735849056604 0.18619246861924685 0.018867924528301886 0.10460251046025104
0 0.3803066037735849 0.14435146443514643 0.02240566037735849 0.05439330543933055
0 0.35082547169811323 0.1192468619246862 0.036556603773584904 0.08786610878661087
