0 0.6234309623430963 0.6476470588235295 0.1087866108786611 0.029411764705882353
0 0.34623430962343094 0.6288235294117647 0.07740585774058577 0.041176470588235294
0 0.05230125523012552 0.6294117647058823 0.058577405857740586 0.042352941176470586
0 0.8158995815899581 0.5935294117647059 0.03765690376569038 0.029411764705882353
0 0.2280334728033473 0.5805882352941176 0.07112970711297072 0.03882352941176471
0 0.038702928870292884 0.5711764705882353 0.07740585774058577 0.024705882352941175
0 0.4989539748953975 0.5547058823529412 0.043933054393305436 0.036470588235294116
0 0.3190376569037657 0.5523529411764706 0.07322175732217573 0.052941176470588235
0 0.39435146443514646 0.5317647058823529 0.043933054393305436 0.02823529411764706
0 0.75418410041841 0.24 0.4916317991631799 0.07529411764705882
0 0.5585774058577406 0.2223529411764706 0.07112970711297072 0.042352941176470586
0 0.9435146443514645 0.1623529411764706 0.03765690376569038 0.018823529411764704
0 0.6746861924686193 0.13352941176470587 0.07740585774058577 0.05058823529411765
0 0.12552301255230125 0.026470588235294117 0.03347280334728033 0.041176470588235294
