0 0.04068396226415094 0.9278242677824268 0.08136792452830188 0.0397489539748954
0 0.8172169811320755 0.5878661087866108 0.054245283018867926 0.02092050209205021
0 0.8938679245283019 0.5732217573221757 0.0330188679245283 0.04184100418410042
0 0.7075471698113207 0.5700836820083682 0.07075471698113207 0.10669456066945607
0 0.7617924528301887 0.4351464435146444 0.02830188679245283 0.03765690376569038
0 0.8567216981132075 0.41841004184100417 0.027122641509433963 0.05439330543933055
0 0.8248820754716981 0.4215481171548117 0.027122641509433963 0.060669456066945605
0 0.9156839622641509 0.4194560669456067 0.024764150943396228 0.060669456066945605
0 0.8879716981132075 0.40481171548117156 0.025943396226415096 0.03138075313807531
0 0.8042452830188679 0.3598326359832636 0.01650943396226415 0.04184100418410042
0 0.8425707547169812 0.28870292887029286 0.1332547169811321 0.03347280334728033
0 0.6527122641509434 0.19665271966527198 0.09080188679245282 0.06276150627615062
0 0.5566037735849056 0.19665271966527198 0.09198113207547169 0.06276150627615062
0 0.42452830188679247 0.19456066945606695 0.025943396226415096 0.06276150627615062
0 0.7334905660377359 0.07217573221757322 0.0660377358490566 0.01882845188284519
0 0.5683962264150944 0.09937238493723849 0.08962264150943396 0.07740585774058577
0 0.15978773584905662 0.07112970711297072 0.031839622641509434 0.02092050209205021
