0 0.5 0.9801255230125523 1.0 0.027196652719665274
0 0.35495283018867924 0.897489539748954 0.5283018867924528 0.016736401673640166
0 0.7800707547169812 0.8859832635983264 0.1544811320754717 0.010460251046025104
0 0.9740566037735849 0.799163179916318 0.05188679245283019 0.10460251046025104
0 0.9339622641509434 0.6359832635983264 0.01179245283018868 0.09623430962343096
0 0.027712264150943397 0.5460251046025104 0.041273584905660375 0.2719665271966527
0 0.8254716981132075 0.22071129707112971 0.09433962264150944 0.06485355648535565
0 0.7293632075471698 0.22071129707112971 0.08844339622641509 0.06485355648535565
0 0.6910377358490566 0.22071129707112971 0.025943396226415096 0.06485355648535565
0 0.6910377358490566 0.08891213389121339 0.02122641509433962 0.07322175732217573
