0 0.8807531380753139 0.6852941176470588 0.04602510460251046 0.02235294117647059
0 0.4497907949790795 0.6741176470588235 0.08786610878661087 0.03294117647058824
0 0.9539748953974896 0.6711764705882353 0.09205020920502092 0.08588235294117647
0 0.9717573221757322 0.5847058823529412 0.056485355648535567 0.02588235294117647
0 0.9550209205020921 0.5470588235294118 0.06485355648535565 0.04941176470588235
0 0.4372384937238494 0.5505882352941176 0.37656903765690375 0.06588235294117648
0 0.9738493723849372 0.49 0.05230125523012552 0.02235294117647059
0 0.8263598326359832 0.5441176470588235 0.14644351464435146 0.13294117647058823
0 0.35564853556485354 0.3517647058823529 0.7112970711297071 0.06823529411764706
0 0.12552301255230125 0.3305882352941176 0.2510460251046025 0.03529411764705882
0 0.8085774058577406 0.31411764705882356 0.1903765690376569 0.04
0 0.20397489539748953 0.28058823529411764 0.2112970711297071 0.02235294117647059
0 0.8598326359832636 0.2776470588235294 0.100418410041841 0.021176470588235293
0 0.6401673640167364 0.2811764705882353 0.41422594142259417 0.03294117647058824
0 0.3891213389121339 0.22411764705882353 0.08786610878661087 0.02
0 0.21234309623430964 0.23588235294117646 0.4246861924686193 0.08352941176470588
0 0.3514644351464435 0.16294117647058823 0.05439330543933055 0.01764705882352941
0 0.5481171548117155 0.15470588235294117 0.28870292887029286 0.06470588235294118
0 0.4006276150627615 0.09294117647058824 0.07322175732217573 0.01411764705882353
0 0.752092050209205 0.1 0.05230125523012552 0.05176470588235294
0 0.8472803347280334 0.012352941176470587 0.16736401673640167 0.024705882352941175
0 0.1098326359832636 0.019411764705882354 0.2196652719665272 0.03882352941176471
