0 0.9623430962343096 0.9929411764705882 0.07531380753138076 0.01411764705882353
0 0.6841004184100419 0.8388235294117647 0.058577405857740586 0.07529411764705882
0 0.600418410041841 0.4758823529411765 0.0794979079497908 0.01764705882352941
0 0.03347280334728033 0.48411764705882354 0.06694560669456066 0.08588235294117647
0 0.950836820083682 0.4411764705882353 0.09832635983263599 0.09411764705882353
0 0.6809623430962343 0.44176470588235295 0.07322175732217573 0.10470588235294118
0 0.010460251046025104 0.29823529411764704 0.02092050209205021 0.10941176470588235
0 0.7123430962343096 0.2288235294117647 0.06485355648535565 0.17058823529411765
0 0.08786610878661087 0.1188235294117647 0.0794979079497908 0.042352941176470586
0 0.7102510460251046 0.1111764705882353 0.0899581589958159 0.06
0 0.18305439330543932 0.017058823529411765 0.1694560669456067 0.03411764705882353
