0 0.9686192468619247 0.991764705882353 0.06276150627615062 0.01647058823529412
0 0.08891213389121339 0.9158823529411765 0.17782426778242677 0.06705882352941177
0 0.02301255230125523 0.8576470588235294 0.04602510460251046 0.02823529411764706
0 0.4225941422594142 0.7870588235294118 0.100418410041841 0.03058823529411765
0 0.41422594142259417 0.8135294117647058 0.2594142259414226 0.1423529411764706
0 0.40376569037656906 0.7517647058823529 0.12552301255230125 0.02588235294117647
0 0.29602510460251047 0.768235294117647 0.1192468619246862 0.08470588235294117
0 0.37343096234309625 0.6705882352941176 0.16108786610878661 0.03764705882352941
0 0.608786610878661 0.6647058823529411 0.03765690376569038 0.03294117647058824
0 0.9027196652719666 0.6323529411764706 0.060669456066945605 0.03411764705882353
0 0.03556485355648536 0.5235294117647059 0.07112970711297072 0.02588235294117647
0 0.9707112970711297 0.47294117647058825 0.058577405857740586 0.02823529411764706
0 0.043933054393305436 0.46647058823529414 0.08786610878661087 0.029411764705882353
0 0.20815899581589958 0.6152941176470588 0.043933054393305436 0.33176470588235296
0 0.058577405857740586 0.4123529411764706 0.11715481171548117 0.024705882352941175
0 0.4006276150627615 0.3376470588235294 0.056485355648535567 0.05411764705882353
0 0.03138075313807531 0.3088235294117647 0.06276150627615062 0.02
0 0.1799163179916318 0.2964705882352941 0.06276150627615062 0.023529411764705882
0 0.09414225941422594 0.29411764705882354 0.04602510460251046 0.018823529411764704
0 0.9832635983263598 0.24176470588235294 0.03347280334728033 0.04352941176470588
0 0.6903765690376569 0.2188235294117647 0.100418410041841 0.03294117647058824
0 0.6150627615062761 0.21764705882352942 0.06694560669456066 0.03058823529411765
0 0.8284518828451883 0.21470588235294116 0.15481171548117154 0.027058823529411764
0 0.06171548117154812 0.2323529411764706 0.12343096234309624 0.07882352941176471
0 0.8117154811715481 0.13941176470588235 0.17154811715481172 0.015294117647058824
0 0.9717573221757322 0.13 0.056485355648535567 0.012941176470588235
