0 0.20815899581589958 0.971764705882353 0.10251046025104603 0.03764705882352941
0 0.6485355648535565 0.9635294117647059 0.12552301255230125 0.07294117647058823
0 0.8964435146443515 0.8411764705882353 0.20711297071129708 0.047058823529411764
0 0.8650627615062761 0.7341176470588235 0.06903765690376569 0.011764705882352941
0 0.8807531380753139 0.7188235294117648 0.2384937238493724 0.09411764705882353
0 0.9110878661087866 0.6194117647058823 0.09414225941422594 0.027058823529411764
0 0.8294979079497908 0.5858823529411765 0.027196652719665274 0.09411764705882353
0 0.9037656903765691 0.4111764705882353 0.06276150627615062 0.1376470588235294
0 0.45083682008368203 0.37176470588235294 0.17782426778242677 0.14352941176470588
0 0.5868200836820083 0.24764705882352941 0.056485355648535567 0.04823529411764706
0 0.6014644351464435 0.2723529411764706 0.12343096234309624 0.1188235294117647
0 0.9278242677824268 0.21352941176470588 0.14435146443514643 0.10470588235294118
0 0.9696652719665272 0.1323529411764706 0.060669456066945605 0.03882352941176471
0 0.9696652719665272 0.05 0.060669456066945605 0.05058823529411765
