0 0.11610878661087866 0.861764705882353 0.1192468619246862 0.012941176470588235
0 0.350418410041841 0.7976470588235294 0.0899581589958159 0.018823529411764704
0 0.42782426778242677 0.8194117647058824 0.33263598326359833 0.0811764705882353
0 0.9790794979079498 0.5847058823529412 0.04184100418410042 0.08235294117647059
0 0.13598326359832635 0.5094117647058823 0.09205020920502092 0.04
0 0.9571129707112971 0.49 0.08577405857740586 0.06235294117647059
0 0.48640167364016734 0.21588235294117647 0.0397489539748954 0.03176470588235294
0 0.7290794979079498 0.2111764705882353 0.18200836820083682 0.041176470588235294
0 0.34518828451882844 0.09235294117647058 0.1087866108786611 0.02235294117647059
0 0.6035564853556485 0.08823529411764706 0.1401673640167364 0.0611764705882353
0 0.26673640167364016 0.017058823529411765 0.043933054393305436 0.01764705882352941
0 0.4476987447698745 0.042352941176470586 0.11715481171548117 0.07529411764705882
