0 0.8357740585774058 0.8 0.03556485355648536 0.13411764705882354
0 0.6297071129707112 0.6841176470588235 0.3723849372384937 0.03176470588235294
0 0.5763598326359832 0.6770588235294117 0.27824267782426776 0.02
0 0.39539748953974896 0.4441176470588235 0.02092050209205021 0.02
0 0.4445606694560669 0.4429411764705882 0.02301255230125523 0.02
0 0.29811715481171547 0.4158823529411765 0.02301255230125523 0.02
0 0.3797071129707113 0.41352941176470587 0.02301255230125523 0.02
0 0.46338912133891214 0.4123529411764706 0.02301255230125523 0.02
0 0.4299163179916318 0.41294117647058826 0.02301255230125523 0.021176470588235293
0 0.641213389121339 0.3776470588235294 0.02301255230125523 0.021176470588235293
0 0.5889121338912134 0.37823529411764706 0.02301255230125523 0.02235294117647059
0 0.7719665271966527 0.37588235294117645 0.02092050209205021 0.02235294117647059
0 0.26569037656903766 0.3123529411764706 0.17154811715481172 0.06705882352941177
0 0.6161087866108786 0.31058823529411766 0.40794979079497906 0.06823529411764706
0 0.6516736401673641 0.07823529411764706 0.05230125523012552 0.04588235294117647
0 0.7259414225941423 0.10411764705882352 0.23430962343096234 0.10941176470588235
0 0.9864016736401674 0.07058823529411765 0.027196652719665274 0.1411764705882353
0 0.8650627615062761 0.008823529411764706 0.14435146443514643 0.01764705882352941
0 0.19351464435146443 0.01588235294117647 0.38702928870292885 0.03176470588235294
