0 0.8315899581589958 0.8464705882352941 0.0899581589958159 0.036470588235294116
0 0.2803347280334728 0.7441176470588236 0.15481171548117154 0.05529411764705883
0 0.9780334728033473 0.6558823529411765 0.043933054393305436 0.015294117647058824
0 0.9236401673640168 0.6405882352941177 0.05230125523012552 0.08352941176470588
0 0.34309623430962344 0.5411764705882353 0.029288702928870293 0.09411764705882353
0 0.053347280334728034 0.51 0.10669456066945607 0.03176470588235294
0 0.9801255230125523 0.538235294117647 0.0397489539748954 0.10235294117647059
0 0.06380753138075314 0.3788235294117647 0.12761506276150628 0.01647058823529412
0 0.22071129707112971 0.36411764705882355 0.060669456066945605 0.015294117647058824
0 0.8315899581589958 0.26823529411764707 0.07740585774058577 0.05647058823529412
0 0.5 0.06 1.0 0.004705882352941176
0 0.944560669456067 0.018235294117647058 0.01882845188284519 0.036470588235294116
0 0.8817991631799164 0.01588235294117647 0.09414225941422594 0.03176470588235294
0 0.6799163179916318 0.02 0.04602510460251046 0.04
0 0.600418410041841 0.019411764705882354 0.09623430962343096 0.03882352941176471
0 0.44037656903765693 0.02176470588235294 0.11506276150627615 0.04352941176470588
