0 0.6733490566037735 0.9016736401673641 0.10613207547169812 0.06694560669456066
0 0.7494103773584906 0.8368200836820083 0.05070754716981132 0.02510460251046025
0 0.5265330188679245 0.8336820083682008 0.07900943396226415 0.20292887029288703
0 0.9575471698113207 0.8096234309623431 0.08490566037735849 0.17154811715481172
0 0.039504716981132074 0.7186192468619247 0.07900943396226415 0.07322175732217573
0 0.6768867924528302 0.6903765690376569 0.23820754716981132 0.04602510460251046
0 0.8602594339622641 0.4895397489539749 0.0625 0.08786610878661087
0 0.941627358490566 0.502092050209205 0.07193396226415094 0.14644351464435146
0 0.9911556603773585 0.3723849372384937 0.01768867924528302 0.0502092050209205
0 0.9321933962264151 0.2604602510460251 0.04363207547169811 0.0397489539748954
0 0.9746462264150944 0.30857740585774057 0.05070754716981132 0.1903765690376569
0 0.9162735849056604 0.2186192468619247 0.03773584905660377 0.03556485355648536
0 0.6892688679245284 0.20606694560669456 0.23702830188679244 0.03138075313807531
0 0.8549528301886793 0.19769874476987448 0.02830188679245283 0.060669456066945605
0 0.6232311320754716 0.18619246861924685 0.11202830188679246 0.04184100418410042
0 0.5913915094339622 0.15376569037656904 0.04834905660377359 0.01882845188284519
0 0.6468160377358491 0.151673640167364 0.0625 0.01882845188284519
0 0.7417452830188679 0.1705020920502092 0.11556603773584906 0.06485355648535565
0 0.23938679245283018 0.1412133891213389 0.20518867924528303 0.010460251046025104
0 0.06898584905660378 0.13389121338912133 0.08608490566037735 0.016736401673640166
0 0.5831367924528302 0.08054393305439331 0.10023584905660378 0.09414225941422594
0 0.45754716981132076 0.07112970711297072 0.06132075471698113 0.08786610878661087
0 0.6515330188679245 0.03765690376569038 0.02240566037735849 0.07531380753138076
0 0.4321933962264151 0.02405857740585774 0.024764150943396228 0.04811715481171548
0 0.28596698113207547 0.02405857740585774 0.02240566037735849 0.04811715481171548
