0 0.645397489539749 0.8735294117647059 0.35355648535564854 0.08823529411764706
0 0.38702928870292885 0.4258823529411765 0.2803347280334728 0.01647058823529412
0 0.891213389121339 0.4023529411764706 0.04602510460251046 0.021176470588235293
0 0.6903765690376569 0.34294117647058825 0.029288702928870293 0.09058823529411765
0 0.42887029288702927 0.28647058823529414 0.1799163179916318 0.02
0 0.645397489539749 0.2223529411764706 0.0899581589958159 0.04
0 0.7290794979079498 0.21705882352941178 0.13179916317991633 0.036470588235294116
0 0.01882845188284519 0.03529411764705882 0.03765690376569038 0.04941176470588235
0 0.5094142259414226 0.05 0.17364016736401675 0.0811764705882353
0 0.5156903765690377 0.015294117647058824 0.08158995815899582 0.03058823529411765
