0 0.944560669456067 0.9776470588235294 0.043933054393305436 0.023529411764705882
0 0.5428870292887029 0.9323529411764706 0.09414225941422594 0.0811764705882353
0 0.606694560669456 0.7676470588235295 0.1297071129707113 0.0811764705882353
0 0.9539748953974896 0.8194117647058824 0.058577405857740586 0.24352941176470588
0 0.07322175732217573 0.7564705882352941 0.14644351464435146 0.1952941176470588
0 0.8420502092050209 0.6441176470588236 0.043933054393305436 0.01764705882352941
0 0.6997907949790795 0.6047058823529412 0.09832635983263599 0.02588235294117647
0 0.08472803347280335 0.5923529411764706 0.043933054393305436 0.06470588235294118
0 0.9759414225941423 0.5141176470588236 0.04811715481171548 0.03529411764705882
0 0.747907949790795 0.5152941176470588 0.04811715481171548 0.06588235294117648
0 0.9780334728033473 0.4229411764705882 0.043933054393305436 0.08823529411764706
0 0.6715481171548117 0.36764705882352944 0.04184100418410042 0.05529411764705883
0 0.9476987447698745 0.33588235294117647 0.09205020920502092 0.024705882352941175
0 0.8629707112970711 0.39176470588235296 0.08158995815899582 0.1411764705882353
0 0.48430962343096234 0.3305882352941176 0.10251046025104603 0.04941176470588235
0 0.9874476987447699 0.2847058823529412 0.02510460251046025 0.0611764705882353
0 0.8744769874476988 0.11647058823529412 0.1087866108786611 0.03058823529411765
0 0.6255230125523012 0.10235294117647059 0.05439330543933055 0.023529411764705882
0 0.41422594142259417 0.10823529411764705 0.03347280334728033 0.12705882352941175
0 0.8420502092050209 0.008823529411764706 0.027196652719665274 0.01764705882352941
