0 0.9089958158995816 0.7 0.1694560669456067 0.01647058823529412
0 0.9780334728033473 0.61 0.043933054393305436 0.041176470588235294
0 0.7918410041841004 0.6041176470588235 0.056485355648535567 0.04352941176470588
0 0.9728033472803347 0.5735294117647058 0.05439330543933055 0.036470588235294116
0 0.17677824267782427 0.6558823529411765 0.03556485355648536 0.2788235294117647
0 0.8901673640167364 0.5723529411764706 0.07322175732217573 0.12352941176470589
0 0.8368200836820083 0.47823529411764704 0.12552301255230125 0.03176470588235294
0 0.2834728033472803 0.4641176470588235 0.060669456066945605 0.01764705882352941
0 0.02405857740585774 0.48823529411764705 0.04811715481171548 0.09647058823529411
0 0.09623430962343096 0.3588235294117647 0.19246861924686193 0.07294117647058823
0 0.8357740585774058 0.31529411764705884 0.0899581589958159 0.02823529411764706
0 0.5993723849372385 0.27647058823529413 0.1192468619246862 0.03058823529411765
0 0.4707112970711297 0.2711764705882353 0.12552301255230125 0.03176470588235294
0 0.28661087866108786 0.2647058823529412 0.03765690376569038 0.02823529411764706
0 0.9822175732217573 0.23941176470588235 0.03556485355648536 0.02235294117647059
0 0.9393305439330544 0.20176470588235293 0.1087866108786611 0.09058823529411765
0 0.8786610878661087 0.1635294117647059 0.1087866108786611 0.04
0 0.9602510460251046 0.09529411764705882 0.0794979079497908 0.02588235294117647
