0 0.9097877358490566 0.9048117154811716 0.055424528301886794 0.09832635983263599
0 0.09139150943396226 0.8263598326359832 0.13797169811320756 0.18828451882845187
0 0.9829009433962265 0.7688284518828452 0.03419811320754717 0.08158995815899582
0 0.8879716981132075 0.7834728033472803 0.06367924528301887 0.13598326359832635
0 0.9811320754716981 0.7165271966527197 0.03773584905660377 0.06903765690376569
0 0.13620283018867924 0.6841004184100419 0.031839622641509434 0.06276150627615062
0 0.9770047169811321 0.6255230125523012 0.03891509433962264 0.09205020920502092
0 0.6031839622641509 0.50418410041841 0.1332547169811321 0.08368200836820083
0 0.3785377358490566 0.5010460251046025 0.1580188679245283 0.1192468619246862
0 0.7028301886792453 0.4236401673640167 0.10141509433962265 0.13179916317991633
0 0.6544811320754716 0.1589958158995816 0.06839622641509434 0.06276150627615062
0 0.6798349056603774 0.15481171548117154 0.060141509433962265 0.058577405857740586
0 0.7558962264150944 0.151673640167364 0.08254716981132075 0.06485355648535565
0 0.7441037735849056 0.3378661087866109 0.1721698113207547 0.4497907949790795
0 0.9563679245283019 0.09309623430962342 0.06132075471698113 0.18619246861924685
0 0.7547169811320755 0.029288702928870293 0.018867924528301886 0.058577405857740586
