0 0.9874476987447699 0.5641176470588235 0.02510460251046025 0.04352941176470588
0 0.9571129707112971 0.5417647058823529 0.08577405857740586 0.041176470588235294
0 0.03765690376569038 0.43176470588235294 0.07531380753138076 0.047058823529411764
0 0.034518828451882845 0.3235294117647059 0.06903765690376569 0.02588235294117647
0 0.9100418410041841 0.30058823529411766 0.07112970711297072 0.01764705882352941
0 0.029288702928870293 0.2823529411764706 0.058577405857740586 0.02588235294117647
0 0.8556485355648535 0.27058823529411763 0.11297071129707113 0.02823529411764706
0 0.049163179916317995 0.2488235294117647 0.05230125523012552 0.024705882352941175
0 0.03765690376569038 0.23294117647058823 0.07531380753138076 0.01411764705882353
0 0.043933054393305436 0.20823529411764705 0.08786610878661087 0.04470588235294118
0 0.9571129707112971 0.18411764705882352 0.07740585774058577 0.02235294117647059
0 0.27510460251046026 0.19941176470588234 0.03138075313807531 0.08352941176470588
0 0.8870292887029289 0.13 0.14644351464435146 0.06470588235294118
0 0.26359832635983266 0.11588235294117646 0.502092050209205 0.05529411764705883
0 0.7552301255230126 0.10941176470588235 0.11297071129707113 0.04470588235294118
0 0.5951882845188284 0.09588235294117647 0.15690376569037656 0.024705882352941175
0 0.9539748953974896 0.04588235294117647 0.09205020920502092 0.021176470588235293
