0 0.6745283018867925 0.9497907949790795 0.08490566037735849 0.05439330543933055
0 0.5365566037735849 0.899581589958159 0.05660377358490566 0.1589958158995816
0 0.6656839622641509 0.8043933054393305 0.23938679245283018 0.0397489539748954
0 0.9510613207547169 0.8462343096234309 0.0695754716981132 0.15690376569037656
0 0.7777122641509434 0.6809623430962343 0.07429245283018868 0.060669456066945605
0 0.6857311320754716 0.6140167364016736 0.01768867924528302 0.043933054393305436
0 0.5766509433962265 0.6056485355648535 0.018867924528301886 0.04811715481171548
0 0.9292452830188679 0.5826359832635983 0.06839622641509434 0.04811715481171548
0 0.03242924528301887 0.5910041841004184 0.05306603773584906 0.0899581589958159
0 0.8012971698113207 0.5658995815899581 0.055424528301886794 0.056485355648535567
0 0.6875 0.6098326359832636 0.08490566037735849 0.16527196652719664
0 0.5801886792452831 0.606694560669456 0.06839622641509434 0.16736401673640167
0 0.7576650943396226 0.5585774058577406 0.027122641509433963 0.12552301255230125
0 0.8543632075471698 0.5303347280334728 0.03891509433962264 0.08577405857740586
0 0.7906839622641509 0.5062761506276151 0.05306603773584906 0.06276150627615062
0 0.020636792452830188 0.4895397489539749 0.041273584905660375 0.07112970711297072
0 0.8213443396226415 0.49476987447698745 0.031839622641509434 0.10669456066945607
0 0.19693396226415094 0.5418410041841004 0.10377358490566038 0.21338912133891214
0 0.41096698113207547 0.4780334728033473 0.027122641509433963 0.11506276150627615
0 0.9846698113207547 0.39539748953974896 0.030660377358490566 0.04602510460251046
0 0.25 0.4110878661087866 0.09198113207547169 0.1108786610878661
0 0.08018867924528301 0.3807531380753138 0.16037735849056603 0.13389121338912133
0 0.6226415094339622 0.3253138075313807 0.12028301886792453 0.06903765690376569
0 0.5819575471698113 0.3169456066945607 0.03891509433962264 0.056485355648535567
0 0.5760613207547169 0.29916317991631797 0.027122641509433963 0.02092050209205021
0 0.9115566037735849 0.303347280334728 0.03773584905660377 0.03347280334728033
0 0.6255896226415094 0.33368200836820083 0.3903301886792453 0.09414225941422594
0 0.20695754716981132 0.2405857740585774 0.0695754716981132 0.02092050209205021
0 0.21933962264150944 0.21652719665271966 0.05660377358490566 0.027196652719665274
0 0.09316037735849056 0.22280334728033474 0.18632075471698112 0.0397489539748954
0 0.0347877358490566 0.18723849372384938 0.0695754716981132 0.01882845188284519
0 0.5801886792452831 0.14644351464435146 0.07547169811320754 0.06694560669456066
0 0.43514150943396224 0.1401673640167364 0.030660377358490566 0.058577405857740586
0 0.2806603773584906 0.08158995815899582 0.02122641509433962 0.05439330543933055
0 0.326061320754717 0.038702928870292884 0.11202830188679246 0.07740585774058577
0 0.22169811320754718 0.04184100418410042 0.10849056603773585 0.08368200836820083
0 0.05188679245283019 0.010460251046025104 0.05188679245283019 0.02092050209205021
