0 0.5636792452830188 0.948744769874477 0.02358490566037736 0.0397489539748954
0 0.024764150943396228 0.9497907949790795 0.049528301886792456 0.07112970711297072
0 0.5218160377358491 0.9456066945606695 0.04363207547169811 0.0794979079497908
0 0.6975235849056604 0.9110878661087866 0.041273584905660375 0.07740585774058577
0 0.7270047169811321 0.8817991631799164 0.0294811320754717 0.03138075313807531
0 0.7641509433962265 0.8870292887029289 0.03773584905660377 0.0502092050209205
0 0.2865566037735849 0.8797071129707112 0.09669811320754718 0.04811715481171548
0 0.7930424528301887 0.893305439330544 0.04363207547169811 0.0794979079497908
0 0.9044811320754716 0.8671548117154811 0.018867924528301886 0.07322175732217573
0 0.9628537735849056 0.854602510460251 0.07429245283018868 0.08158995815899582
0 0.8856132075471698 0.6422594142259415 0.04716981132075472 0.058577405857740586
0 0.8077830188679245 0.6631799163179917 0.06132075471698113 0.11715481171548117
0 0.9693396226415094 0.645397489539749 0.06132075471698113 0.10251046025104603
0 0.9404481132075472 0.39539748953974896 0.031839622641509434 0.029288702928870293
0 0.8926886792452831 0.4246861924686193 0.05660377358490566 0.12552301255230125
0 0.012382075471698114 0.3179916317991632 0.024764150943396228 0.06694560669456066
0 0.039504716981132074 0.3138075313807531 0.027122641509433963 0.07112970711297072
0 0.06721698113207547 0.3075313807531381 0.025943396226415096 0.07112970711297072
0 0.09610849056603774 0.303347280334728 0.031839622641509434 0.07112970711297072
0 0.12558962264150944 0.29916317991631797 0.024764150943396228 0.07112970711297072
0 0.1474056603773585 0.29602510460251047 0.01650943396226415 0.06903765690376569
0 0.1715801886792453 0.2928870292887029 0.031839622641509434 0.07112970711297072
0 0.19988207547169812 0.28765690376569036 0.027122641509433963 0.06903765690376569
0 0.11674528301886793 0.301255230125523 0.23349056603773585 0.2175732217573222
0 0.7659198113207547 0.20606694560669456 0.10259433962264151 0.08158995815899582
0 0.7617924528301887 0.13179916317991633 0.10141509433962265 0.0794979079497908
0 0.9433962264150944 0.06903765690376569 0.0330188679245283 0.04602510460251046
0 0.8968160377358491 0.07112970711297072 0.031839622641509434 0.0502092050209205
0 0.9764150943396226 0.06276150627615062 0.04009433962264151 0.04602510460251046
0 0.7216981132075472 0.06171548117154812 0.02358490566037736 0.060669456066945605
0 0.7612028301886793 0.13702928870292888 0.12382075471698113 0.2405857740585774
0 0.9292452830188679 0.053347280334728034 0.03773584905660377 0.08577405857740586
