0 0.10564853556485355 0.9705882352941176 0.027196652719665274 0.047058823529411764
0 0.1202928870292887 0.8847058823529412 0.06903765690376569 0.042352941176470586
0 0.056485355648535567 0.8652941176470588 0.02510460251046025 0.036470588235294116
0 0.12447698744769875 0.8335294117647059 0.0899581589958159 0.041176470588235294
0 0.6537656903765691 0.8223529411764706 0.043933054393305436 0.04470588235294118
0 0.058577405857740586 0.8176470588235294 0.04184100418410042 0.058823529411764705
0 0.04288702928870293 0.788235294117647 0.027196652719665274 0.02823529411764706
0 0.08786610878661087 0.7752941176470588 0.058577405857740586 0.0611764705882353
0 0.23221757322175732 0.5994117647058823 0.04184100418410042 0.05764705882352941
0 0.12866108786610878 0.5670588235294117 0.07740585774058577 0.03529411764705882
0 0.1098326359832636 0.5435294117647059 0.07322175732217573 0.01647058823529412
0 0.2803347280334728 0.5458823529411765 0.058577405857740586 0.058823529411764705
0 0.09518828451882845 0.5188235294117647 0.0899581589958159 0.03764705882352941
0 0.09414225941422594 0.5058823529411764 0.06694560669456066 0.01647058823529412
0 0.13179916317991633 0.47823529411764704 0.06276150627615062 0.01764705882352941
0 0.32112970711297073 0.4188235294117647 0.06485355648535565 0.03764705882352941
0 0.9424686192468619 0.2988235294117647 0.04811715481171548 0.018823529411764704
0 0.04811715481171548 0.31529411764705884 0.09623430962343096 0.08705882352941176
0 0.5910041841004184 0.2311764705882353 0.19456066945606695 0.11176470588235295
0 0.100418410041841 0.17352941176470588 0.029288702928870293 0.029411764705882353
0 0.7437238493723849 0.1264705882352941 0.10251046025104603 0.010588235294117647
0 0.752092050209205 0.09294117647058824 0.1108786610878661 0.02823529411764706
0 0.9560669456066946 0.0888235294117647 0.08786610878661087 0.027058823529411764
0 0.9006276150627615 0.06705882352941177 0.19874476987447698 0.13411764705882354
0 0.23326359832635984 0.008823529411764706 0.03138075313807531 0.01764705882352941
0 0.12866108786610878 0.01 0.14853556485355648 0.02
0 0.02405857740585774 0.011176470588235295 0.04811715481171548 0.02235294117647059
