0 0.045990566037735846 0.9361924686192469 0.09198113207547169 0.0397489539748954
0 0.027122641509433963 0.8263598326359832 0.030660377358490566 0.02092050209205021
0 0.2240566037735849 0.6715481171548117 0.07075471698113207 0.10460251046025104
0 0.8254716981132075 0.5700836820083682 0.06132075471698113 0.0397489539748954
0 0.90625 0.5617154811715481 0.031839622641509434 0.043933054393305436
0 0.7158018867924528 0.5638075313807531 0.06839622641509434 0.10669456066945607
0 0.7706367924528302 0.41422594142259417 0.0294811320754717 0.06276150627615062
0 0.8024764150943396 0.4110878661087866 0.027122641509433963 0.060669456066945605
0 0.9245283018867925 0.40794979079497906 0.018867924528301886 0.058577405857740586
0 0.8667452830188679 0.4089958158995816 0.025943396226415096 0.060669456066945605
0 0.8343160377358491 0.4100418410041841 0.027122641509433963 0.06276150627615062
0 0.8974056603773585 0.39748953974895396 0.025943396226415096 0.04184100418410042
0 0.8125 0.3472803347280335 0.018867924528301886 0.04184100418410042
0 0.8932783018867925 0.34309623430962344 0.01768867924528302 0.04184100418410042
0 0.8520047169811321 0.27510460251046026 0.13561320754716982 0.0397489539748954
0 0.5595518867924528 0.19874476987447698 0.3007075471698113 0.0794979079497908
0 0.42747641509433965 0.19246861924686193 0.024764150943396228 0.06694560669456066
0 0.5607311320754716 0.1903765690376569 0.09316037735849056 0.06694560669456066
0 0.6580188679245284 0.18828451882845187 0.09198113207547169 0.06694560669456066
0 0.777122641509434 0.09728033472803348 0.2617924528301887 0.060669456066945605
0 0.7393867924528302 0.07322175732217573 0.06839622641509434 0.012552301255230125
0 0.5760613207547169 0.09728033472803348 0.09787735849056604 0.06485355648535565
0 0.1645047169811321 0.07426778242677824 0.031839622641509434 0.01882845188284519
