0 0.38493723849372385 0.8541176470588235 0.34309623430962344 0.05647058823529412
0 0.9717573221757322 0.6817647058823529 0.056485355648535567 0.06705882352941177
0 0.4445606694560669 0.5811764705882353 0.1108786610878661 0.03294117647058824
0 0.33577405857740583 0.5352941176470588 0.04811715481171548 0.02588235294117647
0 0.13807531380753138 0.54 0.08368200836820083 0.04941176470588235
0 0.24267782426778242 0.5370588235294118 0.09623430962343096 0.05529411764705883
0 0.17364016736401675 0.5047058823529412 0.03765690376569038 0.03529411764705882
0 0.5732217573221757 0.44823529411764707 0.03347280334728033 0.04
0 0.5115062761506276 0.4476470588235294 0.07322175732217573 0.04352941176470588
0 0.42573221757322177 0.2741176470588235 0.027196652719665274 0.01647058823529412
0 0.8002092050209205 0.2847058823529412 0.27405857740585776 0.13176470588235295
