0 0.9121462264150944 0.9037656903765691 0.05306603773584906 0.09205020920502092
0 0.0972877358490566 0.8305439330543933 0.1403301886792453 0.18828451882845187
0 0.9840801886792453 0.7698744769874477 0.031839622641509434 0.0794979079497908
0 0.9823113207547169 0.7165271966527197 0.03537735849056604 0.06903765690376569
0 0.8862028301886793 0.7416317991631799 0.07193396226415094 0.22384937238493724
0 0.2116745283018868 0.6924686192468619 0.12617924528301888 0.2217573221757322
0 0.9775943396226415 0.6255230125523012 0.04245283018867924 0.09623430962343096
0 0.558372641509434 0.4905857740585774 0.060141509433962265 0.04811715481171548
0 0.36910377358490565 0.5104602510460251 0.14386792452830188 0.08786610878661087
0 0.6232311320754716 0.5062761506276151 0.07429245283018868 0.09623430962343096
0 0.6957547169811321 0.4205020920502092 0.11084905660377359 0.1297071129707113
0 0.7346698113207547 0.4435146443514644 0.1509433962264151 0.2301255230125523
0 0.7382075471698113 0.2709205020920502 0.1650943396226415 0.19456066945606695
0 0.5283018867924528 0.16631799163179917 0.02358490566037736 0.060669456066945605
0 0.6544811320754716 0.15481171548117154 0.08962264150943396 0.06276150627615062
0 0.7446933962264151 0.1506276150627615 0.08136792452830188 0.06276150627615062
0 0.9764150943396226 0.14330543933054393 0.02358490566037736 0.08577405857740586
0 0.9475235849056604 0.04497907949790795 0.041273584905660375 0.0899581589958159
0 0.7582547169811321 0.029288702928870293 0.01650943396226415 0.058577405857740586
