0 0.566627358490566 0.952928870292887 0.02240566037735849 0.0397489539748954
0 0.5241745283018868 0.9497907949790795 0.04363207547169811 0.07531380753138076
0 0.038325471698113206 0.948744769874477 0.07665094339622641 0.07322175732217573
0 0.6981132075471698 0.9152719665271967 0.03773584905660377 0.07740585774058577
0 0.7299528301886793 0.8849372384937239 0.030660377358490566 0.029288702928870293
0 0.7665094339622641 0.8901673640167364 0.03773584905660377 0.04811715481171548
0 0.30778301886792453 0.8817991631799164 0.10849056603773585 0.043933054393305436
0 0.7971698113207547 0.8964435146443515 0.04245283018867924 0.07740585774058577
0 0.9074292452830188 0.8723849372384938 0.020047169811320754 0.07112970711297072
0 0.6126179245283019 0.8410041841004184 0.20636792452830188 0.029288702928870293
0 0.972877358490566 0.858786610878661 0.054245283018867926 0.08158995815899582
0 0.8195754716981132 0.698744769874477 0.0589622641509434 0.11715481171548117
0 0.8932783018867925 0.645397489539749 0.03891509433962264 0.056485355648535567
0 0.9716981132075472 0.6506276150627615 0.05660377358490566 0.100418410041841
0 0.9044811320754716 0.41527196652719667 0.04009433962264151 0.09832635983263599
0 0.024764150943396228 0.3127615062761506 0.02830188679245283 0.06903765690376569
0 0.055424528301886794 0.3075313807531381 0.02830188679245283 0.07112970711297072
0 0.08254716981132075 0.3043933054393305 0.025943396226415096 0.06903765690376569
0 0.11202830188679246 0.301255230125523 0.030660377358490566 0.07112970711297072
0 0.1645047169811321 0.29497907949790797 0.015330188679245283 0.06694560669456066
0 0.1420990566037736 0.29707112970711297 0.024764150943396228 0.07112970711297072
