0 0.7792887029288703 0.9305882352941176 0.06903765690376569 0.02823529411764706
0 0.7751046025104602 0.9023529411764706 0.0397489539748954 0.02588235294117647
0 0.9016736401673641 0.8282352941176471 0.029288702928870293 0.042352941176470586
0 0.1694560669456067 0.6005882352941176 0.04184100418410042 0.04823529411764706
0 0.6903765690376569 0.5764705882352941 0.0794979079497908 0.018823529411764704
0 0.48430962343096234 0.5723529411764706 0.19456066945606695 0.01764705882352941
0 0.1705020920502092 0.5547058823529412 0.027196652719665274 0.04352941176470588
0 0.3493723849372385 0.5452941176470588 0.06276150627615062 0.04588235294117647
0 0.6548117154811716 0.5388235294117647 0.1589958158995816 0.04470588235294118
0 0.7060669456066946 0.5064705882352941 0.0899581589958159 0.012941176470588235
0 0.9832635983263598 0.508235294117647 0.03347280334728033 0.018823529411764704
0 0.4309623430962343 0.4923529411764706 0.09205020920502092 0.03882352941176471
0 0.5481171548117155 0.4229411764705882 0.1087866108786611 0.02235294117647059
0 0.02301255230125523 0.39941176470588236 0.04602510460251046 0.02
0 0.7343096234309623 0.4111764705882353 0.0502092050209205 0.052941176470588235
0 0.7677824267782427 0.4123529411764706 0.14644351464435146 0.07647058823529412
0 0.12866108786610878 0.4476470588235294 0.09832635983263599 0.16588235294117648
0 0.9780334728033473 0.31176470588235294 0.043933054393305436 0.018823529411764704
0 0.8849372384937239 0.3064705882352941 0.06694560669456066 0.08352941176470588
0 0.9665271966527197 0.2711764705882353 0.06694560669456066 0.027058823529411764
0 0.04602510460251046 0.26823529411764707 0.09205020920502092 0.02823529411764706
0 0.21443514644351463 0.0888235294117647 0.0397489539748954 0.07882352941176471
0 0.8242677824267782 0.033529411764705884 0.09205020920502092 0.06705882352941177
0 0.6171548117154811 0.039411764705882354 0.0794979079497908 0.07882352941176471
0 0.39330543933054396 0.04823529411764706 0.08368200836820083 0.09647058823529411
0 0.0502092050209205 0.00411764705882353 0.100418410041841 0.00823529411764706
