0 0.6746861924686193 0.8135294117647058 0.07322175732217573 0.02235294117647059
0 0.858786610878661 0.7970588235294118 0.18619246861924685 0.027058823529411764
0 0.5062761506276151 0.7976470588235294 0.1087866108786611 0.03058823529411765
0 0.34309623430962344 0.7364705882352941 0.100418410041841 0.023529411764705882
0 0.5815899581589958 0.6941176470588235 0.1506276150627615 0.03764705882352941
0 0.9654811715481172 0.6858823529411765 0.06903765690376569 0.04470588235294118
0 0.33577405857740583 0.49470588235294116 0.027196652719665274 0.041176470588235294
0 0.27824267782426776 0.4958823529411765 0.07112970711297072 0.05529411764705883
0 0.647489539748954 0.4688235294117647 0.03556485355648536 0.027058823529411764
0 0.5094142259414226 0.4717647058823529 0.060669456066945605 0.03294117647058824
0 0.9696652719665272 0.4294117647058823 0.043933054393305436 0.04
0 0.4382845188284519 0.4123529411764706 0.10251046025104603 0.02235294117647059
0 0.34623430962343094 0.4123529411764706 0.06903765690376569 0.02235294117647059
