0 0.9304245283018868 0.9518828451882845 0.07547169811320754 0.06694560669456066
0 0.8985849056603774 0.850418410041841 0.08018867924528301 0.1192468619246862
0 0.9834905660377359 0.7730125523012552 0.0330188679245283 0.056485355648535567
0 0.8797169811320755 0.7238493723849372 0.03773584905660377 0.0502092050209205
0 0.8366745283018868 0.6736401673640168 0.031839622641509434 0.058577405857740586
0 0.9593160377358491 0.6893305439330544 0.08136792452830188 0.16108786610878661
0 0.5029481132075472 0.647489539748954 0.03419811320754717 0.08158995815899582
0 0.4699292452830189 0.6485355648535565 0.024764150943396228 0.08368200836820083
0 0.4375 0.6485355648535565 0.030660377358490566 0.08368200836820083
0 0.4068396226415094 0.6485355648535565 0.02122641509433962 0.08368200836820083
0 0.5424528301886793 0.645397489539749 0.04009433962264151 0.08158995815899582
0 0.6426886792452831 0.6464435146443515 0.07783018867924528 0.08786610878661087
0 0.330188679245283 0.5428870292887029 0.014150943396226415 0.10251046025104603
0 0.05778301886792453 0.49372384937238495 0.018867924528301886 0.04184100418410042
0 0.6786556603773585 0.5334728033472803 0.10495283018867925 0.1297071129707113
0 0.9245283018867925 0.4884937238493724 0.09433962264150944 0.14435146443514643
0 0.5560141509433962 0.4089958158995816 0.07429245283018868 0.05230125523012552
0 0.47818396226415094 0.40690376569037656 0.07665094339622641 0.05230125523012552
0 0.3696933962264151 0.40690376569037656 0.020047169811320754 0.05230125523012552
0 0.9852594339622641 0.3723849372384937 0.0294811320754717 0.05439330543933055
0 0.007075471698113208 0.1694560669456067 0.014150943396226415 0.09623430962343096
