0 0.6736401673640168 0.9935294117647059 0.19246861924686193 0.012941176470588235
0 0.18200836820083682 0.9888235294117647 0.18410041841004185 0.02235294117647059
0 0.29497907949790797 0.8964705882352941 0.04184100418410042 0.03058823529411765
0 0.555439330543933 0.7876470588235294 0.027196652719665274 0.015294117647058824
0 0.5251046025104602 0.6776470588235294 0.22594142259414227 0.02823529411764706
0 0.5763598326359832 0.6529411764705882 0.06903765690376569 0.011764705882352941
0 0.8702928870292888 0.7241176470588235 0.03347280334728033 0.17058823529411765
0 0.5167364016736402 0.5935294117647059 0.12133891213389121 0.08823529411764706
0 0.5313807531380753 0.5758823529411765 0.2175732217573222 0.07882352941176471
0 0.6485355648535565 0.3776470588235294 0.058577405857740586 0.03529411764705882
0 0.5857740585774058 0.36823529411764705 0.06276150627615062 0.058823529411764705
0 0.6579497907949791 0.34705882352941175 0.09832635983263599 0.03294117647058824
0 0.8326359832635983 0.34941176470588237 0.16317991631799164 0.058823529411764705
0 0.7688284518828452 0.20294117647058824 0.060669456066945605 0.06941176470588235
