0 0.5707547169811321 0.8347280334728033 0.0330188679245283 0.06276150627615062
0 0.5418632075471698 0.7154811715481172 0.02240566037735849 0.04184100418410042
0 0.5471698113207547 0.5073221757322176 0.030660377358490566 0.10669456066945607
0 0.5088443396226415 0.4194560669456067 0.020047169811320754 0.03138075313807531
0 0.1733490566037736 0.46443514644351463 0.0047169811320754715 0.4435146443514644
0 0.1403301886792453 0.3158995815899582 0.049528301886792456 0.2301255230125523
0 0.14504716981132076 0.2939330543933054 0.04009433962264151 0.1903765690376569
0 0.4793632075471698 0.02510460251046025 0.060141509433962265 0.0502092050209205
0 0.330188679245283 0.04811715481171548 0.07547169811320754 0.09623430962343096
0 0.021816037735849055 0.1788702928870293 0.04363207547169811 0.3577405857740586
