0 0.7175732217573222 0.6064705882352941 0.06276150627615062 0.02235294117647059
0 0.74581589958159 0.5688235294117647 0.03138075313807531 0.029411764705882353
0 0.9205020920502092 0.4835294117647059 0.03347280334728033 0.04470588235294118
0 0.8148535564853556 0.32176470588235295 0.1401673640167364 0.07647058823529412
0 0.40376569037656906 0.18294117647058825 0.05439330543933055 0.04588235294117647
0 0.21548117154811716 0.05529411764705883 0.04184100418410042 0.018823529411764704
0 0.3817991631799163 0.06294117647058824 0.043933054393305436 0.03882352941176471
0 0.09518828451882845 0.07941176470588235 0.17364016736401675 0.07176470588235294
0 0.28765690376569036 0.04058823529411765 0.09414225941422594 0.03411764705882353
0 0.4895397489539749 0.03294117647058824 0.1506276150627615 0.06588235294117648
