0 0.5669456066945606 0.9276470588235294 0.02510460251046025 0.03176470588235294
0 0.5083682008368201 0.9005882352941177 0.06276150627615062 0.052941176470588235
0 0.4780334728033473 0.8447058823529412 0.043933054393305436 0.042352941176470586
0 0.6631799163179917 0.7564705882352941 0.04602510460251046 0.042352941176470586
0 0.34623430962343094 0.7511764705882353 0.07740585774058577 0.041176470588235294
0 0.6558577405857741 0.6905882352941176 0.03556485355648536 0.02588235294117647
0 0.6788702928870293 0.6247058823529412 0.13598326359832635 0.08
0 0.14539748953974896 0.5941176470588235 0.08158995815899582 0.03058823529411765
0 0.48535564853556484 0.6111764705882353 0.0794979079497908 0.07647058823529412
0 0.13598326359832635 0.5547058823529412 0.04184100418410042 0.027058823529411764
0 0.6307531380753139 0.4441176470588235 0.060669456066945605 0.03882352941176471
0 0.9811715481171548 0.31411764705882356 0.03765690376569038 0.01647058823529412
0 0.7845188284518828 0.2323529411764706 0.03765690376569038 0.027058823529411764
0 0.3200836820083682 0.23058823529411765 0.1087866108786611 0.03764705882352941
0 0.649581589958159 0.2164705882352941 0.05230125523012552 0.02823529411764706
0 0.16108786610878661 0.18529411764705883 0.06276150627615062 0.029411764705882353
0 0.027196652719665274 0.11588235294117646 0.05439330543933055 0.024705882352941175
0 0.19769874476987448 0.11176470588235295 0.09414225941422594 0.02588235294117647
0 0.18619246861924685 0.09235294117647058 0.08368200836820083 0.010588235294117647
0 0.9246861924686193 0.07529411764705882 0.1506276150627615 0.15058823529411763
0 0.7782426778242678 0.005294117647058823 0.100418410041841 0.010588235294117647
0 0.5638075313807531 0.007058823529411765 0.11506276150627615 0.01411764705882353
