0 0.9298349056603774 0.9414225941422594 0.07429245283018868 0.06694560669456066
0 0.9127358490566038 0.8420502092050209 0.054245283018867926 0.1108786610878661
0 0.8797169811320755 0.8106694560669456 0.054245283018867926 0.060669456066945605
0 0.9846698113207547 0.7615062761506276 0.030660377358490566 0.07112970711297072
0 0.8808962264150944 0.7196652719665272 0.03537735849056604 0.04184100418410042
0 0.8408018867924528 0.6673640167364017 0.04009433962264151 0.06276150627615062
0 0.34846698113207547 0.6673640167364017 0.024764150943396228 0.11297071129707113
0 0.9563679245283019 0.6809623430962343 0.08726415094339622 0.15690376569037656
0 0.3272405660377358 0.6171548117154811 0.024764150943396228 0.08786610878661087
0 0.5294811320754716 0.5690376569037657 0.025943396226415096 0.058577405857740586
0 0.05660377358490566 0.48535564853556484 0.018867924528301886 0.04602510460251046
0 0.9268867924528302 0.4811715481171548 0.10377358490566038 0.1589958158995816
0 0.6409198113207547 0.4351464435146444 0.036556603773584904 0.0794979079497908
0 0.6591981132075472 0.45292887029288703 0.10613207547169812 0.12761506276150628
0 0.9846698113207547 0.35669456066945604 0.030660377358490566 0.056485355648535567
0 0.53125 0.3368200836820084 0.07193396226415094 0.0502092050209205
0 0.007075471698113208 0.16631799163179917 0.014150943396226415 0.08577405857740586
