0 0.5 0.9644351464435147 1.0 0.07112970711297072
0 0.7665094339622641 0.9309623430962343 0.05660377358490566 0.04184100418410042
0 0.2670990566037736 0.8410041841004184 0.036556603773584904 0.07531380753138076
0 0.9799528301886793 0.6359832635983264 0.04009433962264151 0.04602510460251046
0 0.2258254716981132 0.647489539748954 0.10023584905660378 0.16527196652719664
0 0.03537735849056604 0.602510460251046 0.07075471698113207 0.18828451882845187
0 0.3384433962264151 0.5878661087866108 0.03773584905660377 0.17154811715481172
0 0.44221698113207547 0.5094142259414226 0.07311320754716981 0.23640167364016737
0 0.7299528301886793 0.49581589958158995 0.07783018867924528 0.21338912133891214
0 0.8266509433962265 0.4225941422594142 0.08490566037735849 0.2594142259414226
0 0.3130896226415094 0.20397489539748953 0.09787735849056604 0.08577405857740586
0 0.020636792452830188 0.20188284518828453 0.041273584905660375 0.11506276150627615
0 0.42983490566037735 0.18828451882845187 0.33608490566037735 0.14225941422594143
0 0.3425707547169811 0.012552301255230125 0.19929245283018868 0.02510460251046025
