0 0.5251046025104602 0.98 0.36401673640167365 0.007058823529411765
0 0.9027196652719666 0.9676470588235294 0.0397489539748954 0.01764705882352941
0 0.9476987447698745 0.9635294117647059 0.04602510460251046 0.02823529411764706
0 0.20711297071129708 0.9576470588235294 0.1506276150627615 0.08470588235294117
0 0.9748953974895398 0.7994117647058824 0.0502092050209205 0.17294117647058824
0 0.6924686192468619 0.6641176470588235 0.1087866108786611 0.06
0 0.7259414225941423 0.5494117647058824 0.1799163179916318 0.04941176470588235
0 0.058577405857740586 0.44529411764705884 0.0502092050209205 0.10235294117647059
0 0.3023012552301255 0.36941176470588233 0.08158995815899582 0.03764705882352941
0 0.5753138075313807 0.35352941176470587 0.1799163179916318 0.01764705882352941
0 0.04184100418410042 0.36411764705882355 0.03347280334728033 0.05058823529411765
0 0.3148535564853556 0.33705882352941174 0.07322175732217573 0.027058823529411764
0 0.4592050209205021 0.33294117647058824 0.05230125523012552 0.03764705882352941
0 0.3901673640167364 0.3417647058823529 0.07740585774058577 0.05529411764705883
0 0.6537656903765691 0.32 0.04811715481171548 0.02588235294117647
0 0.7217573221757322 0.3088235294117647 0.06276150627615062 0.04823529411764706
0 0.5083682008368201 0.24764705882352941 0.16317991631799164 0.036470588235294116
0 0.6799163179916318 0.24352941176470588 0.16317991631799164 0.03764705882352941
0 0.010460251046025104 0.2188235294117647 0.02092050209205021 0.13176470588235295
