0 0.8466981132075472 0.9518828451882845 0.02358490566037736 0.09623430962343096
0 0.8219339622641509 0.6171548117154811 0.02122641509433962 0.04602510460251046
0 0.9929245283018868 0.5648535564853556 0.014150943396226415 0.13389121338912133
0 0.7169811320754716 0.303347280334728 0.04009433962264151 0.05439330543933055
0 0.9593160377358491 0.3682008368200837 0.08136792452830188 0.18828451882845187
0 0.7718160377358491 0.29811715481171547 0.01768867924528302 0.05230125523012552
0 0.6202830188679245 0.252092050209205 0.02122641509433962 0.05230125523012552
0 0.7358490566037735 0.24163179916317992 0.08254716981132075 0.056485355648535567
0 0.9504716981132075 0.04497907949790795 0.09905660377358491 0.0899581589958159
0 0.8413915094339622 0.012552301255230125 0.027122641509433963 0.02510460251046025
