0 0.4874476987447699 0.8541176470588235 0.17154811715481172 0.03294117647058824
0 0.4194560669456067 0.5541176470588235 0.10669456066945607 0.06352941176470588
0 0.6600418410041841 0.2311764705882353 0.11506276150627615 0.041176470588235294
0 0.40481171548117156 0.1976470588235294 0.027196652719665274 0.021176470588235293
0 0.3472803347280335 0.1976470588235294 0.029288702928870293 0.021176470588235293
0 0.3148535564853556 0.19705882352941176 0.027196652719665274 0.02
0 0.2405857740585774 0.1976470588235294 0.100418410041841 0.021176470588235293
0 0.17468619246861924 0.1976470588235294 0.027196652719665274 0.021176470588235293
0 0.35460251046025104 0.16470588235294117 0.027196652719665274 0.021176470588235293
0 0.06485355648535565 0.11176470588235295 0.1297071129707113 0.04941176470588235
0 0.060669456066945605 0.06529411764705882 0.12133891213389121 0.041176470588235294
