0 0.23221757322175732 0.9641176470588235 0.0794979079497908 0.01764705882352941
0 0.20920502092050208 0.7970588235294118 0.07531380753138076 0.04823529411764706
0 0.5596234309623431 0.7670588235294118 0.04811715481171548 0.023529411764705882
0 0.42782426778242677 0.7605882352941177 0.056485355648535567 0.02235294117647059
0 0.5135983263598326 0.7511764705882353 0.10251046025104603 0.01764705882352941
0 0.6380753138075314 0.75 0.04602510460251046 0.02235294117647059
0 0.22594142259414227 0.7535294117647059 0.08368200836820083 0.03176470588235294
0 0.10355648535564854 0.7552941176470588 0.056485355648535567 0.04
0 0.5439330543933054 0.7258823529411764 0.0502092050209205 0.021176470588235293
0 0.5930962343096234 0.7276470588235294 0.056485355648535567 0.027058823529411764
0 0.3378661087866109 0.7405882352941177 0.13179916317991633 0.05764705882352941
0 0.9205020920502092 0.7347058823529412 0.08368200836820083 0.05764705882352941
0 0.48326359832635984 0.7258823529411764 0.11297071129707113 0.05647058823529412
0 0.08682008368200837 0.5617647058823529 0.056485355648535567 0.05529411764705883
0 0.8514644351464435 0.5364705882352941 0.05439330543933055 0.01647058823529412
0 0.1506276150627615 0.5547058823529412 0.058577405857740586 0.052941176470588235
0 0.21652719665271966 0.5476470588235294 0.05230125523012552 0.052941176470588235
0 0.2730125523012552 0.5429411764705883 0.056485355648535567 0.052941176470588235
0 0.33263598326359833 0.54 0.0502092050209205 0.05176470588235294
0 0.49581589958158995 0.5270588235294118 0.02092050209205021 0.05411764705882353
0 0.17364016736401675 0.47058823529411764 0.19665271966527198 0.023529411764705882
0 0.6202928870292888 0.36941176470588233 0.2615062761506276 0.15294117647058825
0 0.42782426778242677 0.26176470588235295 0.05230125523012552 0.05529411764705883
0 0.647489539748954 0.18941176470588236 0.060669456066945605 0.03529411764705882
0 0.7583682008368201 0.19117647058823528 0.14853556485355648 0.04588235294117647
0 0.6443514644351465 0.13941176470588235 0.0502092050209205 0.041176470588235294
0 0.7238493723849372 0.14705882352941177 0.26359832635983266 0.08470588235294117
0 0.34518828451882844 0.05823529411764706 0.08786610878661087 0.02
0 0.1684100418410042 0.060588235294117644 0.18200836820083682 0.03176470588235294
0 0.014644351464435146 0.05941176470588235 0.029288702928870293 0.03176470588235294
