0 0.1098326359832636 0.9858823529411764 0.0397489539748954 0.02823529411764706
0 0.4236401673640167 0.658235294117647 0.5962343096234309 0.0811764705882353
0 0.32217573221757323 0.46176470588235297 0.1506276150627615 0.05764705882352941
0 0.2217573221757322 0.44882352941176473 0.0502092050209205 0.04352941176470588
0 0.9801255230125523 0.4188235294117647 0.0397489539748954 0.0611764705882353
0 0.33368200836820083 0.4158823529411765 0.17364016736401675 0.06
0 0.23326359832635984 0.40176470588235297 0.03556485355648536 0.041176470588235294
0 0.9163179916317992 0.4052941176470588 0.09205020920502092 0.07411764705882352
0 0.8127615062761506 0.3864705882352941 0.1108786610878661 0.07647058823529412
0 0.6882845188284519 0.36941176470588233 0.1297071129707113 0.06588235294117648
0 0.5543933054393305 0.25823529411764706 0.19246861924686193 0.052941176470588235
0 0.5648535564853556 0.23176470588235293 0.1799163179916318 0.02588235294117647
0 0.08263598326359832 0.22 0.10251046025104603 0.01647058823529412
0 0.9633891213389121 0.19823529411764707 0.07322175732217573 0.03176470588235294
0 0.4424686192468619 0.18529411764705883 0.4121338912133891 0.06705882352941177
0 0.12761506276150628 0.11529411764705882 0.25523012552301255 0.047058823529411764
0 0.8817991631799164 0.09647058823529411 0.23640167364016737 0.04
