0 0.972877358490566 0.7688284518828452 0.054245283018867926 0.03556485355648536
0 0.05070754716981132 0.7981171548117155 0.10141509433962265 0.09832635983263599
0 0.8272405660377359 0.7290794979079498 0.045990566037735846 0.0397489539748954
0 0.8643867924528302 0.6746861924686193 0.09905660377358491 0.03556485355648536
0 0.9575471698113207 0.6684100418410042 0.08490566037735849 0.09414225941422594
0 0.652122641509434 0.33263598326359833 0.09198113207547169 0.06694560669456066
0 0.6515330188679245 0.26464435146443516 0.09316037735849056 0.06485355648535565
0 0.6185141509433962 0.19351464435146443 0.020047169811320754 0.0397489539748954
0 0.6509433962264151 0.2730125523012552 0.10849056603773585 0.2112970711297071
0 0.3897405660377358 0.15376569037656904 0.03419811320754717 0.027196652719665274
0 0.07547169811320754 0.05230125523012552 0.02358490566037736 0.04602510460251046
0 0.9563679245283019 0.015690376569037656 0.03773584905660377 0.03138075313807531
0 0.8254716981132075 0.02405857740585774 0.0330188679245283 0.04811715481171548
0 0.10790094339622641 0.010460251046025104 0.041273584905660375 0.02092050209205021
0 0.022995283018867923 0.032426778242677826 0.0294811320754717 0.06485355648535565
