0 0.11297071129707113 0.7570588235294118 0.04602510460251046 0.14470588235294118
0 0.7887029288702929 0.6347058823529412 0.06276150627615062 0.02235294117647059
0 0.06485355648535565 0.5741176470588235 0.05439330543933055 0.1011764705882353
0 0.9320083682008368 0.3558823529411765 0.13598326359832635 0.07411764705882352
0 0.6443514644351465 0.27588235294117647 0.16736401673640167 0.036470588235294116
0 0.5826359832635983 0.23470588235294118 0.043933054393305436 0.036470588235294116
0 0.07845188284518828 0.13470588235294118 0.15690376569037656 0.09294117647058824
0 0.39539748953974896 0.06823529411764706 0.03765690376569038 0.021176470588235293
0 0.4696652719665272 0.05823529411764706 0.09832635983263599 0.03176470588235294
0 0.696652719665272 0.06705882352941177 0.100418410041841 0.05647058823529412
0 0.5407949790794979 0.07941176470588235 0.07322175732217573 0.1188235294117647
0 0.6663179916317992 0.025294117647058825 0.14853556485355648 0.05058823529411765
