0 0.8294979079497908 0.6147058823529412 0.05230125523012552 0.06941176470588235
0 0.7186192468619247 0.6082352941176471 0.16527196652719664 0.08
0 0.9790794979079498 0.57 0.04184100418410042 0.01764705882352941
0 0.702928870292887 0.5764705882352941 0.12133891213389121 0.03058823529411765
0 0.9288702928870293 0.5652941176470588 0.02092050209205021 0.11176470588235295
0 0.9874476987447699 0.40588235294117647 0.02510460251046025 0.06588235294117648
0 0.6192468619246861 0.22941176470588234 0.07531380753138076 0.021176470588235293
0 0.9027196652719666 0.1988235294117647 0.05230125523012552 0.047058823529411764
0 0.8211297071129707 0.19176470588235295 0.09414225941422594 0.04470588235294118
0 0.7813807531380753 0.08470588235294117 0.02301255230125523 0.07294117647058823
0 0.09205020920502092 0.03 0.03347280334728033 0.036470588235294116
0 0.8075313807531381 0.019411764705882354 0.10460251046025104 0.02235294117647059
