0 0.29707112970711297 0.8641176470588235 0.2594142259414226 0.010588235294117647
0 0.27405857740585776 0.841764705882353 0.05439330543933055 0.015294117647058824
0 0.1087866108786611 0.83 0.0502092050209205 0.03176470588235294
0 0.4476987447698745 0.8305882352941176 0.2384937238493724 0.03529411764705882
0 0.7343096234309623 0.7823529411764706 0.15481171548117154 0.07058823529411765
0 0.7102510460251046 0.7476470588235294 0.17782426778242677 0.04588235294117647
0 0.04184100418410042 0.6882352941176471 0.08368200836820083 0.2564705882352941
0 0.8744769874476988 0.508235294117647 0.2510460251046025 0.05647058823529412
0 0.641213389121339 0.37941176470588234 0.10669456066945607 0.03882352941176471
0 0.5972803347280334 0.3376470588235294 0.027196652719665274 0.03764705882352941
0 0.6234309623430963 0.29411764705882354 0.1589958158995816 0.03294117647058824
0 0.46129707112970714 0.19294117647058823 0.04811715481171548 0.03294117647058824
0 0.9110878661087866 0.1888235294117647 0.07740585774058577 0.14470588235294118
0 0.401673640167364 0.07 0.14225941422594143 0.04352941176470588
0 0.22698744769874477 0.10058823529411764 0.17364016736401675 0.15176470588235294
