0 0.054245283018867926 0.8274058577405857 0.025943396226415096 0.14853556485355648
0 0.07134433962264151 0.8336820083682008 0.015330188679245283 0.3158995815899582
0 0.6987028301886793 0.5920502092050209 0.02240566037735849 0.0502092050209205
0 0.9439858490566038 0.5857740585774058 0.020047169811320754 0.04602510460251046
0 0.7163915094339622 0.5889121338912134 0.01768867924528302 0.05230125523012552
0 0.7370283018867925 0.5847280334728033 0.02122641509433962 0.04811715481171548
0 0.7576650943396226 0.5815899581589958 0.024764150943396228 0.05439330543933055
0 0.9793632075471698 0.5167364016736402 0.01768867924528302 0.04184100418410042
0 0.4044811320754717 0.3912133891213389 0.02122641509433962 0.0502092050209205
0 0.45047169811320753 0.4351464435146444 0.11084905660377359 0.1799163179916318
0 0.4074292452830189 0.44142259414225943 0.045990566037735846 0.2217573221757322
0 0.5683962264150944 0.40481171548117156 0.09198113207547169 0.23640167364016737
0 0.015330188679245283 0.25523012552301255 0.030660377358490566 0.12552301255230125
0 0.12441037735849056 0.21234309623430964 0.027122641509433963 0.07322175732217573
0 0.16981132075471697 0.2824267782426778 0.13679245283018868 0.27615062761506276
0 0.3278301886792453 0.08368200836820083 0.0589622641509434 0.03347280334728033
0 0.38443396226415094 0.06589958158995816 0.018867924528301886 0.03556485355648536
0 0.6214622641509434 0.02615062761506276 0.04009433962264151 0.027196652719665274
0 0.41332547169811323 0.043933054393305436 0.015330188679245283 0.07112970711297072
0 0.9321933962264151 0.016736401673640166 0.09316037735849056 0.03347280334728033
0 0.8496462264150944 0.016736401673640166 0.02240566037735849 0.03347280334728033
0 0.7682783018867925 0.011506276150627616 0.045990566037735846 0.02301255230125523
0 0.5607311320754716 0.030334728033472803 0.2535377358490566 0.060669456066945605
0 0.2806603773584906 0.02510460251046025 0.0330188679245283 0.0502092050209205
