0 0.37971698113207547 0.9278242677824268 0.04716981132075472 0.0397489539748954
0 0.7582547169811321 0.895397489539749 0.06132075471698113 0.09205020920502092
0 0.7252358490566038 0.8315899581589958 0.0330188679245283 0.060669456066945605
0 0.625 0.8577405857740585 0.08018867924528301 0.11715481171548117
0 0.660377358490566 0.7311715481171548 0.04716981132075472 0.05230125523012552
0 0.7470518867924528 0.7144351464435147 0.03419811320754717 0.043933054393305436
0 0.8290094339622641 0.5083682008368201 0.02358490566037736 0.0502092050209205
0 0.7482311320754716 0.3880753138075314 0.09551886792452831 0.06485355648535565
0 0.7517688679245284 0.32112970711297073 0.09551886792452831 0.06485355648535565
0 0.8915094339622641 0.3106694560669456 0.04245283018867924 0.07740585774058577
0 0.9858490566037735 0.2918410041841004 0.02830188679245283 0.08158995815899582
0 0.8160377358490566 0.08682008368200837 0.03773584905660377 0.10251046025104603
0 0.6727594339622641 0.04497907949790795 0.08372641509433962 0.0899581589958159
0 0.4705188679245283 0.02510460251046025 0.04481132075471698 0.0502092050209205
0 0.388561320754717 0.014644351464435146 0.0294811320754717 0.029288702928870293
