0 0.9215801886792453 0.9163179916317992 0.02240566037735849 0.06694560669456066
0 0.9221698113207547 0.8556485355648535 0.025943396226415096 0.04602510460251046
0 0.01650943396226415 0.7594142259414226 0.0330188679245283 0.08786610878661087
0 0.014150943396226415 0.5847280334728033 0.02830188679245283 0.060669456066945605
0 0.4834905660377358 0.4989539748953975 0.03773584905660377 0.06485355648535565
0 0.5442216981132075 0.4686192468619247 0.024764150943396228 0.058577405857740586
0 0.7635613207547169 0.4571129707112971 0.060141509433962265 0.04811715481171548
0 0.7193396226415094 0.5366108786610879 0.09905660377358491 0.21548117154811716
0 0.6875 0.4225941422594142 0.030660377358490566 0.04184100418410042
0 0.9528301886792453 0.40585774058577406 0.09433962264150944 0.12133891213389121
0 0.020047169811320754 0.28556485355648537 0.04009433962264151 0.043933054393305436
0 0.8307783018867925 0.15271966527196654 0.09787735849056604 0.07112970711297072
0 0.9699292452830188 0.12656903765690378 0.031839622641509434 0.04811715481171548
0 0.9492924528301887 0.0794979079497908 0.10141509433962265 0.15481171548117154
