0 0.47346698113207547 0.8389121338912134 0.10495283018867925 0.07112970711297072
0 0.9127358490566038 0.7374476987447699 0.05660377358490566 0.0397489539748954
0 0.8891509433962265 0.5596234309623431 0.0589622641509434 0.10669456066945607
0 0.8472877358490566 0.5240585774058577 0.024764150943396228 0.056485355648535567
0 0.28537735849056606 0.44037656903765693 0.10613207547169812 0.10251046025104603
0 0.9074292452830188 0.33368200836820083 0.18514150943396226 0.17782426778242677
0 0.7729952830188679 0.21443514644351463 0.015330188679245283 0.056485355648535567
0 0.7600235849056604 0.15376569037656904 0.041273584905660375 0.056485355648535567
0 0.8726415094339622 0.043933054393305436 0.02358490566037736 0.04602510460251046
0 0.9321933962264151 0.04288702928870293 0.13561320754716982 0.06485355648535565
0 0.05955188679245283 0.010460251046025104 0.041273584905660375 0.02092050209205021
