0 0.8964435146443515 0.7841176470588235 0.014644351464435146 0.13294117647058823
0 0.6380753138075314 0.7358823529411764 0.18828451882845187 0.03882352941176471
0 0.9006276150627615 0.8405882352941176 0.09414225941422594 0.31882352941176473
0 0.5083682008368201 0.6758823529411765 0.03347280334728033 0.03882352941176471
0 0.6673640167364017 0.6741176470588235 0.07531380753138076 0.04
0 0.6077405857740585 0.6741176470588235 0.056485355648535567 0.04
0 0.42677824267782427 0.6752941176470588 0.1087866108786611 0.06588235294117648
0 0.7646443514644351 0.5176470588235295 0.13598326359832635 0.03294117647058824
0 0.030334728033472803 0.48705882352941177 0.060669456066945605 0.03058823529411765
0 0.7688284518828452 0.4864705882352941 0.13598326359832635 0.03176470588235294
0 0.8849372384937239 0.49117647058823527 0.07531380753138076 0.10941176470588235
0 0.7175732217573222 0.5194117647058824 0.26359832635983266 0.17058823529411765
0 0.9811715481171548 0.2647058823529412 0.03765690376569038 0.021176470588235293
0 0.9267782426778243 0.23529411764705882 0.06276150627615062 0.058823529411764705
0 0.5972803347280334 0.15176470588235294 0.08577405857740586 0.06588235294117648
