0 0.6709905660377359 0.9016736401673641 0.08254716981132075 0.08368200836820083
0 0.527122641509434 0.8608786610878661 0.0660377358490566 0.07322175732217573
0 0.4805424528301887 0.75 0.08136792452830188 0.02301255230125523
0 0.1338443396226415 0.5972803347280334 0.012971698113207548 0.06903765690376569
0 0.7334905660377359 0.5167364016736402 0.03537735849056604 0.09623430962343096
0 0.7871462264150944 0.5104602510460251 0.060141509433962265 0.12133891213389121
0 0.8561320754716981 0.5407949790794979 0.01179245283018868 0.20711297071129708
0 0.7281839622641509 0.448744769874477 0.03891509433962264 0.07740585774058577
0 0.27889150943396224 0.3064853556485356 0.03891509433962264 0.05230125523012552
0 0.25471698113207547 0.3023012552301255 0.07547169811320754 0.07322175732217573
0 0.3154481132075472 0.301255230125523 0.036556603773584904 0.0794979079497908
0 0.21403301886792453 0.2730125523012552 0.24646226415094338 0.04811715481171548
0 0.033608490566037735 0.17573221757322174 0.06721698113207547 0.11297071129707113
0 0.3920990566037736 0.11401673640167365 0.045990566037735846 0.03138075313807531
0 0.10495283018867925 0.03556485355648536 0.09905660377358491 0.07112970711297072
