0 0.6705020920502092 0.9305882352941176 0.14435146443514643 0.021176470588235293
0 0.1684100418410042 0.9447058823529412 0.05230125523012552 0.05411764705882353
0 0.12656903765690378 0.9564705882352941 0.09414225941422594 0.08705882352941176
0 0.4320083682008368 0.9235294117647059 0.3368200836820084 0.023529411764705882
0 0.04811715481171548 0.95 0.09623430962343096 0.1
0 0.14225941422594143 0.8529411764705882 0.029288702928870293 0.04941176470588235
0 0.6820083682008368 0.8347058823529412 0.07112970711297072 0.10941176470588235
0 0.19665271966527198 0.7988235294117647 0.02510460251046025 0.07294117647058823
0 0.6830543933054394 0.7223529411764706 0.06903765690376569 0.10588235294117647
0 0.45397489539748953 0.6405882352941177 0.03765690376569038 0.052941176470588235
0 0.47489539748953974 0.5935294117647059 0.06276150627615062 0.024705882352941175
0 0.5355648535564853 0.5629411764705883 0.19246861924686193 0.04823529411764706
0 0.5366108786610879 0.5470588235294118 0.19456066945606695 0.03764705882352941
0 0.3023012552301255 0.5370588235294118 0.08577405857740586 0.029411764705882353
0 0.7301255230125523 0.7 0.02510460251046025 0.37411764705882355
0 0.5366108786610879 0.528235294117647 0.20292887029288703 0.03764705882352941
0 0.28870292887029286 0.5076470588235295 0.05439330543933055 0.05764705882352941
0 0.20502092050209206 0.49058823529411766 0.0794979079497908 0.09647058823529411
0 0.13493723849372385 0.25176470588235295 0.0397489539748954 0.03058823529411765
0 0.07217573221757322 0.23588235294117646 0.08158995815899582 0.05058823529411765
0 0.2405857740585774 0.2211764705882353 0.04602510460251046 0.20941176470588235
0 0.07845188284518828 0.13411764705882354 0.05230125523012552 0.042352941176470586
0 0.02301255230125523 0.09647058823529411 0.04602510460251046 0.047058823529411764
0 0.08682008368200837 0.05411764705882353 0.03556485355648536 0.042352941176470586
0 0.02615062761506276 0.04941176470588235 0.05230125523012552 0.03764705882352941
0 0.5115062761506276 0.05529411764705883 0.02301255230125523 0.11058823529411765
0 0.19560669456066945 0.05529411764705883 0.12343096234309624 0.11058823529411765
0 0.05543933054393305 0.015294117647058824 0.09832635983263599 0.03058823529411765
