0 0.3608786610878661 0.9370588235294117 0.5209205020920502 0.06941176470588235
0 0.6621338912133892 0.9029411764705882 0.13179916317991633 0.04352941176470588
0 0.07217573221757322 0.9029411764705882 0.060669456066945605 0.11176470588235295
0 0.8472803347280334 0.7817647058823529 0.1087866108786611 0.10470588235294118
0 0.9299163179916318 0.7147058823529412 0.1401673640167364 0.02235294117647059
0 0.13702928870292888 0.4652941176470588 0.27405857740585776 0.04588235294117647
0 0.9330543933054394 0.4447058823529412 0.13389121338912133 0.10823529411764705
0 0.10564853556485355 0.3341176470588235 0.2112970711297071 0.018823529411764704
0 0.6809623430962343 0.2923529411764706 0.08158995815899582 0.04352941176470588
0 0.16422594142259414 0.2917647058823529 0.043933054393305436 0.047058823529411764
0 0.25732217573221755 0.28705882352941176 0.04602510460251046 0.047058823529411764
0 0.6485355648535565 0.29705882352941176 0.17573221757322174 0.06941176470588235
0 0.29707112970711297 0.2817647058823529 0.04602510460251046 0.04588235294117647
0 0.7228033472803347 0.20941176470588235 0.18200836820083682 0.047058823529411764
0 0.6558577405857741 0.1652941176470588 0.05230125523012552 0.04352941176470588
0 0.8682008368200836 0.020588235294117647 0.04184100418410042 0.041176470588235294
0 0.7468619246861925 0.023529411764705882 0.16317991631799164 0.047058823529411764
0 0.37447698744769875 0.00411764705882353 0.0794979079497908 0.00823529411764706
0 0.2112970711297071 0.015294117647058824 0.10460251046025104 0.03058823529411765
