0 0.8357740585774058 0.8011764705882353 0.03556485355648536 0.13411764705882354
0 0.647489539748954 0.6858823529411765 0.33263598326359833 0.03058823529411765
0 0.5920502092050209 0.6776470588235294 0.24267782426778242 0.018823529411764704
0 0.39539748953974896 0.44529411764705884 0.02092050209205021 0.02
0 0.4445606694560669 0.4441176470588235 0.02301255230125523 0.02
0 0.29811715481171547 0.41705882352941176 0.02301255230125523 0.02
0 0.3797071129707113 0.4147058823529412 0.02301255230125523 0.02
0 0.46338912133891214 0.41352941176470587 0.02301255230125523 0.02
0 0.4299163179916318 0.41411764705882353 0.02301255230125523 0.021176470588235293
0 0.641213389121339 0.3788235294117647 0.02301255230125523 0.021176470588235293
0 0.5889121338912134 0.37941176470588234 0.02301255230125523 0.02235294117647059
0 0.7730125523012552 0.3770588235294118 0.02301255230125523 0.02235294117647059
0 0.5104602510460251 0.2952941176470588 0.6443514644351465 0.1011764705882353
0 0.24686192468619247 0.22294117647058823 0.13389121338912133 0.05529411764705883
0 0.6516736401673641 0.07941176470588235 0.05230125523012552 0.04588235294117647
0 0.7259414225941423 0.10352941176470588 0.23430962343096234 0.11294117647058824
0 0.9874476987447699 0.0711764705882353 0.02510460251046025 0.1423529411764706
0 0.8650627615062761 0.009411764705882352 0.14435146443514643 0.018823529411764704
0 0.200836820083682 0.01647058823529412 0.401673640167364 0.03294117647058824
