0 0.7698744769874477 0.951764705882353 0.4602510460251046 0.0611764705882353
0 0.7092050209205021 0.9123529411764706 0.06276150627615062 0.015294117647058824
0 0.7196652719665272 0.8947058823529411 0.058577405857740586 0.01764705882352941
0 0.42573221757322177 0.8735294117647059 0.04811715481171548 0.06705882352941177
0 0.7907949790794979 0.7494117647058823 0.11715481171548117 0.018823529411764704
0 0.9602510460251046 0.74 0.0794979079497908 0.05411764705882353
0 0.8389121338912134 0.701764705882353 0.18410041841004185 0.1
0 0.9769874476987448 0.5152941176470588 0.04184100418410042 0.01411764705882353
0 0.8797071129707112 0.5111764705882353 0.12761506276150628 0.015294117647058824
0 0.9037656903765691 0.4894117647058824 0.13389121338912133 0.01647058823529412
0 0.9832635983263598 0.3770588235294118 0.03347280334728033 0.04352941176470588
0 0.9393305439330544 0.30117647058823527 0.12133891213389121 0.04
0 0.6642259414225942 0.26294117647058823 0.09832635983263599 0.041176470588235294
0 0.747907949790795 0.2635294117647059 0.09832635983263599 0.04470588235294118
0 0.647489539748954 0.21235294117647058 0.056485355648535567 0.04352941176470588
0 0.952928870292887 0.20294117647058824 0.09414225941422594 0.05529411764705883
0 0.899581589958159 0.00823529411764706 0.200836820083682 0.01647058823529412
0 0.41422594142259417 0.0035294117647058825 0.17573221757322174 0.007058823529411765
