0 0.6474056603773585 0.9675732217573222 0.02830188679245283 0.03138075313807531
0 0.48702830188679247 0.9058577405857741 0.04716981132075472 0.0502092050209205
0 0.9911556603773585 0.8786610878661087 0.01768867924528302 0.1589958158995816
0 0.07311320754716981 0.805439330543933 0.08018867924528301 0.07112970711297072
0 0.8012971698113207 0.8556485355648535 0.03891509433962264 0.26359832635983266
0 0.012382075471698114 0.7594142259414226 0.024764150943396228 0.100418410041841
0 0.14386792452830188 0.7238493723849372 0.07075471698113207 0.0502092050209205
0 0.7429245283018868 0.7196652719665272 0.02122641509433962 0.08368200836820083
0 0.47523584905660377 0.8378661087866108 0.10613207547169812 0.32426778242677823
0 0.007075471698113208 0.6569037656903766 0.014150943396226415 0.058577405857740586
0 0.84375 0.7897489539748954 0.3125 0.4205020920502092
0 0.125 0.5836820083682008 0.07783018867924528 0.10460251046025104
0 0.18101415094339623 0.6056485355648535 0.03419811320754717 0.23221757322175732
0 0.5430424528301887 0.48326359832635984 0.02240566037735849 0.0502092050209205
0 0.36379716981132076 0.35251046025104604 0.024764150943396228 0.08577405857740586
0 0.39681603773584906 0.3200836820083682 0.036556603773584904 0.1589958158995816
0 0.6185141509433962 0.2824267782426778 0.10495283018867925 0.09623430962343096
0 0.36792452830188677 0.26673640167364016 0.025943396226415096 0.06485355648535565
0 0.4699292452830189 0.1788702928870293 0.04363207547169811 0.0397489539748954
0 0.6008254716981132 0.15481171548117154 0.03891509433962264 0.0502092050209205
0 0.3295990566037736 0.15690376569037656 0.09080188679245282 0.058577405857740586
0 0.8520047169811321 0.22384937238493724 0.02240566037735849 0.2217573221757322
0 0.2034198113207547 0.1412133891213389 0.03419811320754717 0.060669456066945605
0 0.6084905660377359 0.10251046025104603 0.08018867924528301 0.05439330543933055
0 0.27417452830188677 0.10460251046025104 0.07665094339622641 0.058577405857740586
0 0.6733490566037735 0.12761506276150628 0.049528301886792456 0.15481171548117154
0 0.9722877358490566 0.40794979079497906 0.055424528301886794 0.7656903765690377
0 0.6002358490566038 0.043933054393305436 0.12028301886792453 0.05439330543933055
0 0.5630896226415094 0.02510460251046025 0.09080188679245282 0.0502092050209205
0 0.4793632075471698 0.02405857740585774 0.05070754716981132 0.04811715481171548
0 0.04540094339622641 0.02405857740585774 0.09080188679245282 0.04811715481171548
