0 0.4404481132075472 0.8682008368200836 0.13089622641509435 0.03347280334728033
0 0.6580188679245284 0.7228033472803347 0.02358490566037736 0.07322175732217573
0 0.36792452830188677 0.49476987447698745 0.08018867924528301 0.08577405857740586
0 0.33490566037735847 0.3054393305439331 0.09905660377358491 0.03765690376569038
0 0.1928066037735849 0.29707112970711297 0.027122641509433963 0.06694560669456066
0 0.33431603773584906 0.2688284518828452 0.09787735849056604 0.02301255230125523
0 0.4345518867924528 0.28765690376569036 0.09316037735849056 0.06485355648535565
0 0.9681603773584906 0.24267782426778242 0.03537735849056604 0.09205020920502092
0 0.6232311320754716 0.17573221757322174 0.08608490566037735 0.06694560669456066
0 0.17747641509433962 0.16736401673640167 0.19221698113207547 0.100418410041841
0 0.4681603773584906 0.010460251046025104 0.0330188679245283 0.02092050209205021
