0 0.0397489539748954 0.9788235294117648 0.0794979079497908 0.042352941176470586
0 0.2186192468619247 0.9570588235294117 0.10251046025104603 0.03882352941176471
0 0.9016736401673641 0.8394117647058823 0.19665271966527198 0.04823529411764706
0 0.9037656903765691 0.7335294117647059 0.19246861924686193 0.11647058823529412
0 0.9131799163179917 0.6182352941176471 0.09414225941422594 0.027058823529411764
0 0.8294979079497908 0.5841176470588235 0.03138075313807531 0.09294117647058824
0 0.9058577405857741 0.41058823529411764 0.06276150627615062 0.13647058823529412
0 0.4476987447698745 0.3376470588235294 0.1799163179916318 0.1011764705882353
0 0.6276150627615062 0.2817647058823529 0.14225941422594143 0.04823529411764706
0 0.7238493723849372 0.27294117647058824 0.058577405857740586 0.03529411764705882
0 0.8462343096234309 0.2311764705882353 0.014644351464435146 0.04352941176470588
0 0.5794979079497908 0.23294117647058823 0.0502092050209205 0.047058823529411764
0 0.9309623430962343 0.21176470588235294 0.13807531380753138 0.10588235294117647
0 0.9707112970711297 0.13058823529411764 0.058577405857740586 0.03764705882352941
0 0.9696652719665272 0.04941176470588235 0.060669456066945605 0.04941176470588235
