0 0.37028301886792453 0.8556485355648535 0.1509433962264151 0.029288702928870293
0 0.13974056603773585 0.850418410041841 0.14268867924528303 0.09832635983263599
0 0.6220518867924528 0.8169456066945606 0.07665094339622641 0.04811715481171548
0 0.38443396226415094 0.801255230125523 0.02830188679245283 0.05439330543933055
0 0.13561320754716982 0.797071129707113 0.08018867924528301 0.05439330543933055
0 0.4563679245283019 0.7928870292887029 0.13443396226415094 0.11715481171548117
0 0.8920990566037735 0.7112970711297071 0.027122641509433963 0.03765690376569038
0 0.6851415094339622 0.7060669456066946 0.20518867924528303 0.056485355648535567
0 0.1214622641509434 0.6924686192468619 0.02830188679245283 0.06276150627615062
0 0.6992924528301887 0.6736401673640168 0.2028301886792453 0.04602510460251046
0 0.18808962264150944 0.698744769874477 0.20636792452830188 0.12552301255230125
0 0.15035377358490565 0.6631799163179917 0.0294811320754717 0.08786610878661087
0 0.7104952830188679 0.6359832635983264 0.2016509433962264 0.05439330543933055
0 0.1733490566037736 0.649581589958159 0.01650943396226415 0.08577405857740586
0 0.18985849056603774 0.6391213389121339 0.02122641509433962 0.08158995815899582
0 0.20636792452830188 0.6286610878661087 0.02358490566037736 0.08158995815899582
0 0.22228773584905662 0.6202928870292888 0.0294811320754717 0.07740585774058577
0 0.2411556603773585 0.6077405857740585 0.031839622641509434 0.07740585774058577
0 0.25943396226415094 0.5972803347280334 0.03773584905660377 0.08158995815899582
0 0.4044811320754717 0.6380753138075314 0.07783018867924528 0.16736401673640167
0 0.2783018867924528 0.5868200836820083 0.04245283018867924 0.07322175732217573
0 0.2971698113207547 0.5753138075313807 0.04481132075471698 0.0794979079497908
0 0.3761792452830189 0.6098326359832636 0.10141509433962265 0.17782426778242677
0 0.44398584905660377 0.5219665271966527 0.02240566037735849 0.0397489539748954
0 0.38089622641509435 0.5690376569037657 0.08962264150943396 0.16736401673640167
0 0.4982311320754717 0.4916317991631799 0.0625 0.05439330543933055
0 0.35318396226415094 0.5334728033472803 0.12617924528301888 0.1589958158995816
0 0.17688679245283018 0.4330543933054393 0.20754716981132076 0.04602510460251046
0 0.6238207547169812 0.4110878661087866 0.19339622641509435 0.01882845188284519
0 0.6314858490566038 0.38702928870292885 0.1945754716981132 0.02510460251046025
0 0.8991745283018868 0.5868200836820083 0.09787735849056604 0.4581589958158996
0 0.6403301886792453 0.36297071129707115 0.19339622641509435 0.03138075313807531
0 0.09964622641509434 0.36715481171548114 0.02240566037735849 0.06485355648535565
0 0.12323113207547169 0.3608786610878661 0.02240566037735849 0.06485355648535565
0 0.1474056603773585 0.35460251046025104 0.02358490566037736 0.06485355648535565
0 0.16922169811320756 0.350418410041841 0.020047169811320754 0.06485355648535565
0 0.19398584905660377 0.34518828451882844 0.024764150943396228 0.06694560669456066
0 0.21816037735849056 0.3389121338912134 0.02122641509433962 0.06694560669456066
0 0.25707547169811323 0.3305439330543933 0.025943396226415096 0.06694560669456066
0 0.19221698113207547 0.26778242677824265 0.23349056603773585 0.06276150627615062
0 0.8307783018867925 0.23117154811715482 0.08372641509433962 0.08158995815899582
0 0.10318396226415094 0.1506276150627615 0.12382075471698113 0.04184100418410042
0 0.8260613207547169 0.1589958158995816 0.08372641509433962 0.07531380753138076
0 0.7965801886792453 0.08472803347280335 0.024764150943396228 0.06485355648535565
0 0.9115566037735849 0.13807531380753138 0.014150943396226415 0.27615062761506276
0 0.8897405660377359 0.13284518828451883 0.024764150943396228 0.26569037656903766
0 0.6273584905660378 0.012552301255230125 0.05660377358490566 0.02510460251046025
0 0.4369103773584906 0.029288702928870293 0.07665094339622641 0.058577405857740586
0 0.18632075471698112 0.04602510460251046 0.07547169811320754 0.09205020920502092
0 0.0625 0.07322175732217573 0.125 0.14644351464435146
0 0.017099056603773585 0.029288702928870293 0.027122641509433963 0.058577405857740586
