0 0.5 0.9916317991631799 1.0 0.016736401673640166
0 0.2665094339622642 0.9257322175732218 0.07783018867924528 0.043933054393305436
0 0.5106132075471698 0.897489539748954 0.02122641509433962 0.0794979079497908
0 0.6898584905660378 0.8441422594142259 0.02122641509433962 0.04811715481171548
0 0.7270047169811321 0.8263598326359832 0.02240566037735849 0.02510460251046025
0 0.7712264150943396 0.8200836820083682 0.02830188679245283 0.029288702928870293
0 0.7965801886792453 0.8357740585774058 0.03419811320754717 0.07322175732217573
0 0.9038915094339622 0.8096234309623431 0.01768867924528302 0.06694560669456066
0 0.9705188679245284 0.7918410041841004 0.0589622641509434 0.08577405857740586
0 0.8413915094339622 0.6579497907949791 0.027122641509433963 0.03556485355648536
0 0.8313679245283019 0.649581589958159 0.05660377358490566 0.1108786610878661
0 0.8950471698113207 0.5763598326359832 0.02830188679245283 0.043933054393305436
0 0.9705188679245284 0.5836820083682008 0.0589622641509434 0.10460251046025104
0 0.12794811320754718 0.40376569037656906 0.25589622641509435 0.08368200836820083
0 0.0330188679245283 0.35564853556485354 0.02830188679245283 0.06694560669456066
0 0.06308962264150944 0.3493723849372385 0.027122641509433963 0.07112970711297072
0 0.0902122641509434 0.34309623430962344 0.024764150943396228 0.06694560669456066
0 0.11910377358490566 0.3368200836820084 0.030660377358490566 0.07112970711297072
0 0.9033018867924528 0.34623430962343094 0.04245283018867924 0.09832635983263599
0 0.1479952830188679 0.33158995815899583 0.024764150943396228 0.06903765690376569
0 0.1704009433962264 0.3263598326359833 0.015330188679245283 0.06694560669456066
0 0.1945754716981132 0.32217573221757323 0.030660377358490566 0.07112970711297072
0 0.22169811320754718 0.3158995815899582 0.025943396226415096 0.06694560669456066
0 0.7783018867924528 0.20815899581589958 0.10141509433962265 0.08158995815899582
0 0.7718160377358491 0.13702928870292888 0.10023584905660378 0.08158995815899582
0 0.061910377358490566 0.056485355648535567 0.041273584905660375 0.02510460251046025
0 0.7311320754716981 0.07217573221757322 0.02122641509433962 0.060669456066945605
0 0.4380896226415094 0.032426778242677826 0.03891509433962264 0.043933054393305436
0 0.8956367924528302 0.015690376569037656 0.04363207547169811 0.03138075313807531
0 0.3891509433962264 0.038702928870292884 0.01650943396226415 0.07740585774058577
0 0.09610849056603774 0.029288702928870293 0.07665094339622641 0.058577405857740586
0 0.05601415094339623 0.01882845188284519 0.041273584905660375 0.03765690376569038
0 0.02122641509433962 0.07322175732217573 0.04245283018867924 0.14644351464435146
