0 0.4424686192468619 0.9847058823529412 0.01882845188284519 0.03058823529411765
0 0.3619246861924686 0.971764705882353 0.04184100418410042 0.05647058823529412
0 0.49372384937238495 0.7335294117647059 0.4769874476987448 0.06
0 0.46129707112970714 0.6347058823529412 0.2405857740585774 0.06470588235294118
0 0.7384937238493724 0.57 0.029288702928870293 0.04823529411764706
0 0.9037656903765691 0.4623529411764706 0.19246861924686193 0.06352941176470588
0 0.6956066945606695 0.4264705882352941 0.060669456066945605 0.03176470588235294
0 0.16736401673640167 0.45941176470588235 0.058577405857740586 0.18
0 0.7677824267782427 0.28 0.06694560669456066 0.021176470588235293
0 0.8817991631799164 0.20411764705882354 0.10251046025104603 0.0976470588235294
0 0.6464435146443515 0.10647058823529412 0.05439330543933055 0.041176470588235294
