0 0.4790794979079498 0.7223529411764706 0.7112970711297071 0.10588235294117647
0 0.4874476987447699 0.6470588235294118 0.029288702928870293 0.01647058823529412
0 0.8294979079497908 0.5041176470588236 0.19874476987447698 0.03176470588235294
0 0.8734309623430963 0.4752941176470588 0.0397489539748954 0.02588235294117647
0 0.9476987447698745 0.39941176470588236 0.10460251046025104 0.09294117647058824
0 0.8106694560669456 0.3788235294117647 0.16108786610878661 0.08
0 0.8284518828451883 0.34411764705882353 0.08786610878661087 0.02
0 0.06903765690376569 0.21352941176470588 0.100418410041841 0.015294117647058824
0 0.4905857740585774 0.14411764705882352 0.4246861924686193 0.07411764705882352
0 0.09728033472803348 0.10529411764705883 0.19456066945606695 0.041176470588235294
0 0.23744769874476987 0.08352941176470588 0.08158995815899582 0.018823529411764704
0 0.850418410041841 0.017058823529411765 0.29916317991631797 0.03411764705882353
