0 0.9097877358490566 0.9058577405857741 0.055424528301886794 0.100418410041841
0 0.49292452830188677 0.7594142259414226 0.09905660377358491 0.02092050209205021
0 0.9829009433962265 0.7709205020920502 0.03419811320754717 0.08158995815899582
0 0.9811320754716981 0.7165271966527197 0.03773584905660377 0.06903765690376569
0 0.8844339622641509 0.7405857740585774 0.07075471698113207 0.22594142259414227
0 0.09905660377358491 0.6485355648535565 0.03773584905660377 0.058577405857740586
0 0.9770047169811321 0.6265690376569037 0.03891509433962264 0.0899581589958159
0 0.3856132075471698 0.5135983263598326 0.16273584905660377 0.12343096234309624
0 0.6733490566037735 0.17677824267782427 0.08726415094339622 0.06485355648535565
0 0.7600235849056604 0.17364016736401675 0.07900943396226415 0.06276150627615062
0 0.691627358490566 0.23117154811715482 0.24646226415094338 0.18619246861924685
0 0.9551886792452831 0.09414225941422594 0.06132075471698113 0.18828451882845187
0 0.7547169811320755 0.029288702928870293 0.018867924528301886 0.058577405857740586
