0 0.6768867924528302 0.8744769874476988 0.03773584905660377 0.04602510460251046
0 0.5778301886792453 0.8629707112970711 0.19811320754716982 0.11506276150627615
0 0.3125 0.8242677824267782 0.09433962264150944 0.100418410041841
0 0.6155660377358491 0.7918410041841004 0.07783018867924528 0.060669456066945605
0 0.6096698113207547 0.7667364016736402 0.07547169811320754 0.03556485355648536
0 0.4964622641509434 0.7615062761506276 0.054245283018867926 0.04602510460251046
0 0.5518867924528302 0.7343096234309623 0.0660377358490566 0.0502092050209205
0 0.39799528301886794 0.6234309623430963 0.041273584905660375 0.058577405857740586
0 0.5595518867924528 0.5815899581589958 0.03891509433962264 0.02510460251046025
0 0.35672169811320753 0.6621338912133892 0.05306603773584906 0.19874476987447698
0 0.49528301886792453 0.551255230125523 0.0330188679245283 0.03556485355648536
0 0.5607311320754716 0.5366108786610879 0.03891509433962264 0.05230125523012552
0 0.3178066037735849 0.6161087866108786 0.10731132075471699 0.3577405857740586
0 0.5619103773584906 0.4476987447698745 0.041273584905660375 0.03765690376569038
0 0.49115566037735847 0.3807531380753138 0.05306603773584906 0.03347280334728033
0 0.504127358490566 0.3514644351464435 0.03419811320754717 0.0502092050209205
0 0.7446933962264151 0.6056485355648535 0.09787735849056604 0.6506276150627615
0 0.4345518867924528 0.3023012552301255 0.2346698113207547 0.15271966527196654
0 0.14445754716981132 0.2186192468619247 0.03419811320754717 0.027196652719665274
0 0.3738207547169811 0.1684100418410042 0.049528301886792456 0.05230125523012552
0 0.11851415094339622 0.03138075313807531 0.03419811320754717 0.06276150627615062
