0 0.47594142259414224 0.82 0.3117154811715481 0.12941176470588237
0 0.1809623430962343 0.668235294117647 0.07740585774058577 0.03294117647058824
0 0.20502092050209206 0.5541176470588235 0.08786610878661087 0.05411764705882353
0 0.3723849372384937 0.5441176470588235 0.08786610878661087 0.04823529411764706
0 0.2928870292887029 0.5458823529411765 0.08368200836820083 0.05176470588235294
0 0.11401673640167365 0.5541176470588235 0.09832635983263599 0.07058823529411765
0 0.6276150627615062 0.5376470588235294 0.1087866108786611 0.05176470588235294
0 0.5251046025104602 0.5376470588235294 0.058577405857740586 0.06588235294117648
0 0.48326359832635984 0.538235294117647 0.058577405857740586 0.06705882352941177
0 0.45188284518828453 0.51 0.029288702928870293 0.01764705882352941
0 0.3054393305439331 0.4976470588235294 0.058577405857740586 0.023529411764705882
0 0.9592050209205021 0.48823529411764705 0.08158995815899582 0.08470588235294117
0 0.4675732217573222 0.26705882352941174 0.0397489539748954 0.021176470588235293
0 0.7175732217573222 0.26705882352941174 0.18828451882845187 0.04470588235294118
0 0.30962343096234307 0.15 0.12133891213389121 0.03176470588235294
0 0.4801255230125523 0.15 0.25732217573221755 0.07411764705882352
0 0.9100418410041841 0.09823529411764706 0.029288702928870293 0.01764705882352941
0 0.8043933054393305 0.11235294117647059 0.15690376569037656 0.06470588235294118
0 0.29916317991631797 0.09058823529411765 0.0794979079497908 0.04941176470588235
0 0.8650627615062761 0.029411764705882353 0.14853556485355648 0.03529411764705882
0 0.2583682008368201 0.024705882352941175 0.07322175732217573 0.03529411764705882
0 0.4372384937238494 0.04647058823529412 0.12133891213389121 0.08352941176470588
0 0.7447698744769874 0.015294117647058824 0.04602510460251046 0.03058823529411765
