0 0.03714622641509434 0.8378661087866108 0.05778301886792453 0.03556485355648536
0 0.2794811320754717 0.6642259414225942 0.04481132075471698 0.04811715481171548
0 0.0330188679245283 0.48535564853556484 0.0660377358490566 0.100418410041841
0 0.4858490566037736 0.4769874476987448 0.0589622641509434 0.10460251046025104
0 0.5748820754716981 0.3305439330543933 0.0695754716981132 0.1506276150627615
0 0.2240566037735849 0.2510460251046025 0.030660377358490566 0.07531380753138076
0 0.7057783018867925 0.20188284518828453 0.045990566037735846 0.08577405857740586
0 0.5795990566037735 0.18723849372384938 0.20636792452830188 0.07322175732217573
0 0.2275943396226415 0.20815899581589958 0.04245283018867924 0.13598326359832635
0 0.08726415094339622 0.14644351464435146 0.02830188679245283 0.04602510460251046
0 0.5159198113207547 0.10564853556485355 0.04834905660377359 0.0397489539748954
0 0.05660377358490566 0.09518828451882845 0.11320754716981132 0.09414225941422594
0 0.3696933962264151 0.02615062761506276 0.03891509433962264 0.01882845188284519
0 0.5548349056603774 0.03556485355648536 0.01061320754716981 0.07112970711297072
0 0.47464622641509435 0.06589958158995816 0.07900943396226415 0.13179916317991633
0 0.2411556603773585 0.021966527196652718 0.015330188679245283 0.043933054393305436
