0 0.11401673640167365 0.9952941176470588 0.09832635983263599 0.009411764705882352
0 0.48640167364016734 0.7952941176470588 0.03556485355648536 0.06588235294117648
0 0.23744769874476987 0.7558823529411764 0.0397489539748954 0.06941176470588235
0 0.5836820083682008 0.7082352941176471 0.0794979079497908 0.03764705882352941
0 0.5742677824267782 0.6088235294117647 0.027196652719665274 0.03411764705882353
0 0.8608786610878661 0.6352941176470588 0.27824267782426776 0.12705882352941175
0 0.9780334728033473 0.5205882352941177 0.043933054393305436 0.02
0 0.8776150627615062 0.5235294117647059 0.11506276150627615 0.03058823529411765
0 0.7123430962343096 0.4364705882352941 0.09414225941422594 0.09647058823529411
0 0.9539748953974896 0.39647058823529413 0.09205020920502092 0.06823529411764706
0 0.8985355648535565 0.40941176470588236 0.1108786610878661 0.13647058823529412
0 0.9738493723849372 0.3311764705882353 0.05230125523012552 0.06705882352941177
0 0.6182008368200836 0.25529411764705884 0.06903765690376569 0.06588235294117648
0 0.9267782426778243 0.23529411764705882 0.14644351464435146 0.06588235294117648
0 0.38493723849372385 0.21235294117647058 0.08786610878661087 0.06235294117647059
0 0.6631799163179917 0.23823529411764705 0.08786610878661087 0.13058823529411764
