0 0.5 0.9205020920502092 1.0 0.1589958158995816
0 0.9209905660377359 0.8085774058577406 0.0589622641509434 0.05230125523012552
0 0.7617924528301887 0.7280334728033473 0.049528301886792456 0.02510460251046025
0 0.5395047169811321 0.7175732217573222 0.07193396226415094 0.029288702928870293
0 0.9127358490566038 0.6255230125523012 0.12735849056603774 0.13389121338912133
0 0.27889150943396224 0.4602510460251046 0.11910377358490566 0.06276150627615062
0 0.9245283018867925 0.40690376569037656 0.1509433962264151 0.17364016736401675
0 0.78125 0.2489539748953975 0.0625 0.058577405857740586
0 0.7724056603773585 0.18619246861924685 0.08018867924528301 0.058577405857740586
0 0.8879716981132075 0.1192468619246862 0.025943396226415096 0.03765690376569038
0 0.7446933962264151 0.12133891213389121 0.020047169811320754 0.05439330543933055
0 0.9327830188679245 0.1098326359832636 0.13443396226415094 0.06903765690376569
0 0.7034198113207547 0.02615062761506276 0.09080188679245282 0.05230125523012552
0 0.07900943396226415 0.029288702928870293 0.04481132075471698 0.058577405857740586
