0 0.028242677824267783 0.9894117647058823 0.056485355648535567 0.021176470588235293
0 0.8765690376569037 0.821764705882353 0.100418410041841 0.03411764705882353
0 0.8786610878661087 0.7864705882352941 0.1506276150627615 0.036470588235294116
0 0.8985355648535565 0.7382352941176471 0.0899581589958159 0.03176470588235294
0 0.8891213389121339 0.6123529411764705 0.13389121338912133 0.09294117647058824
0 0.9811715481171548 0.5735294117647058 0.03765690376569038 0.03882352941176471
0 0.05230125523012552 0.5970588235294118 0.10460251046025104 0.09058823529411765
0 0.9163179916317992 0.47411764705882353 0.16736401673640167 0.03529411764705882
0 0.948744769874477 0.45588235294117646 0.10251046025104603 0.015294117647058824
0 0.4801255230125523 0.4370588235294118 0.06485355648535565 0.12117647058823529
0 0.3880753138075314 0.4376470588235294 0.06903765690376569 0.1223529411764706
0 0.6673640167364017 0.42176470588235293 0.12133891213389121 0.12117647058823529
0 0.2290794979079498 0.4264705882352941 0.08158995815899582 0.1423529411764706
0 0.24267782426778242 0.37529411764705883 0.05439330543933055 0.05411764705882353
0 0.08368200836820083 0.3623529411764706 0.16736401673640167 0.03294117647058824
0 0.8661087866108786 0.32294117647058823 0.03347280334728033 0.07411764705882352
0 0.9403765690376569 0.32529411764705884 0.1192468619246862 0.08588235294117647
0 0.14435146443514643 0.28705882352941176 0.07531380753138076 0.018823529411764704
0 0.016736401673640166 0.27941176470588236 0.03347280334728033 0.03411764705882353
0 0.7384937238493724 0.2570588235294118 0.09205020920502092 0.03882352941176471
0 0.6600418410041841 0.25058823529411767 0.0899581589958159 0.04470588235294118
