0 0.4699292452830189 0.8451882845188284 0.08608490566037735 0.06276150627615062
0 0.9133254716981132 0.7437238493723849 0.05306603773584906 0.0397489539748954
0 0.53125 0.700836820083682 0.07193396226415094 0.03347280334728033
0 0.7647405660377359 0.5962343096234309 0.04363207547169811 0.08786610878661087
0 0.8891509433962265 0.5658995815899581 0.05660377358490566 0.10669456066945607
0 0.8466981132075472 0.5292887029288703 0.02358490566037736 0.05439330543933055
0 0.28714622641509435 0.42887029288702927 0.09787735849056604 0.1087866108786611
0 0.9015330188679245 0.36401673640167365 0.020047169811320754 0.06694560669456066
0 0.9133254716981132 0.3389121338912134 0.1733490566037736 0.16736401673640167
0 0.7523584905660378 0.2290794979079498 0.07547169811320754 0.06485355648535565
0 0.7517688679245284 0.16631799163179917 0.07665094339622641 0.06485355648535565
0 0.8732311320754716 0.05230125523012552 0.024764150943396228 0.03765690376569038
0 0.9262971698113207 0.04497907949790795 0.1474056603773585 0.06903765690376569
0 0.05955188679245283 0.011506276150627616 0.041273584905660375 0.02301255230125523
