0 0.06485849056603774 0.7866108786610879 0.12971698113207547 0.08786610878661087
0 0.9864386792452831 0.74581589958159 0.027122641509433963 0.027196652719665274
0 0.8201650943396226 0.6976987447698745 0.041273584905660375 0.05230125523012552
0 0.9540094339622641 0.6422594142259415 0.09198113207547169 0.09205020920502092
0 0.6674528301886793 0.34518828451882844 0.08726415094339622 0.06276150627615062
0 0.6674528301886793 0.27824267782426776 0.08726415094339622 0.06276150627615062
0 0.6662735849056604 0.30962343096234307 0.09905660377358491 0.1589958158995816
0 0.38089622641509435 0.1192468619246862 0.03537735849056604 0.029288702928870293
0 0.13620283018867924 0.016736401673640166 0.03419811320754717 0.03347280334728033
0 0.06426886792452831 0.01778242677824268 0.020047169811320754 0.03556485355648536
