0 0.41631799163179917 0.7605882352941177 0.41841004184100417 0.02235294117647059
0 0.3274058577405858 0.7394117647058823 0.06903765690376569 0.015294117647058824
0 0.5700836820083682 0.7258823529411764 0.09414225941422594 0.01411764705882353
0 0.7792887029288703 0.7194117647058823 0.16108786610878661 0.029411764705882353
0 0.10564853556485355 0.6088235294117647 0.04811715481171548 0.10235294117647059
0 0.19874476987447698 0.5135294117647059 0.14644351464435146 0.03411764705882353
0 0.9027196652719666 0.4923529411764706 0.19456066945606695 0.06
0 0.034518828451882845 0.43176470588235294 0.06903765690376569 0.04
0 0.5972803347280334 0.3276470588235294 0.13179916317991633 0.036470588235294116
0 0.15585774058577406 0.31058823529411766 0.15271966527196654 0.07058823529411765
0 0.6516736401673641 0.26941176470588235 0.2405857740585774 0.06352941176470588
0 0.2918410041841004 0.17176470588235293 0.06903765690376569 0.018823529411764704
0 0.5962343096234309 0.17 0.058577405857740586 0.04352941176470588
0 0.7489539748953975 0.06470588235294118 0.1087866108786611 0.02823529411764706
0 0.5575313807531381 0.057058823529411766 0.15271966527196654 0.07882352941176471
0 0.22698744769874477 0.009411764705882352 0.08577405857740586 0.018823529411764704
0 0.09205020920502092 0.012352941176470587 0.08368200836820083 0.024705882352941175
