0 0.9361924686192469 0.9764705882352941 0.12761506276150628 0.047058823529411764
0 0.9351464435146444 0.7970588235294118 0.06694560669456066 0.029411764705882353
0 0.5638075313807531 0.8311764705882353 0.07740585774058577 0.11647058823529412
0 0.6956066945606695 0.8329411764705882 0.03556485355648536 0.2211764705882353
0 0.6359832635983264 0.7247058823529412 0.03347280334728033 0.018823529411764704
0 0.29497907949790797 0.7252941176470589 0.10460251046025104 0.07882352941176471
0 0.6098326359832636 0.7194117647058823 0.1108786610878661 0.1376470588235294
0 0.20188284518828453 0.6070588235294118 0.014644351464435146 0.1411764705882353
0 0.75418410041841 0.6076470588235294 0.07740585774058577 0.16588235294117648
0 0.17677824267782427 0.45705882352941174 0.03556485355648536 0.03176470588235294
0 0.02092050209205021 0.3052941176470588 0.04184100418410042 0.03176470588235294
0 0.25313807531380755 0.3382352941176471 0.008368200836820083 0.13058823529411764
0 0.8734309623430963 0.2911764705882353 0.11506276150627615 0.04588235294117647
0 0.9288702928870293 0.26941176470588235 0.0794979079497908 0.011764705882352941
0 0.301255230125523 0.2923529411764706 0.06694560669456066 0.1
0 0.7813807531380753 0.2464705882352941 0.07740585774058577 0.052941176470588235
0 0.058577405857740586 0.2388235294117647 0.11715481171548117 0.1011764705882353
0 0.34414225941422594 0.27705882352941175 0.014644351464435146 0.19176470588235295
0 0.3043933054393305 0.20647058823529413 0.06903765690376569 0.06470588235294118
0 0.75418410041841 0.17823529411764705 0.0397489539748954 0.05529411764705883
0 0.3054393305439331 0.1535294117647059 0.06694560669456066 0.03176470588235294
0 0.45188284518828453 0.13117647058823528 0.0794979079497908 0.015294117647058824
0 0.9707112970711297 0.1288235294117647 0.058577405857740586 0.02235294117647059
0 0.9518828451882845 0.06647058823529411 0.09623430962343096 0.036470588235294116
0 0.1297071129707113 0.058823529411764705 0.04602510460251046 0.03529411764705882
0 0.34205020920502094 0.08176470588235295 0.05230125523012552 0.08588235294117647
0 0.9612970711297071 0.047058823529411764 0.07740585774058577 0.03764705882352941
0 0.8671548117154811 0.021176470588235293 0.12343096234309624 0.042352941176470586
0 0.401673640167364 0.015294117647058824 0.1506276150627615 0.03058823529411765
