0 0.8315899581589958 0.8476470588235294 0.0899581589958159 0.036470588235294116
0 0.23117154811715482 0.7588235294117647 0.056485355648535567 0.02588235294117647
0 0.29602510460251047 0.7470588235294118 0.11506276150627615 0.04941176470588235
0 0.9769874476987448 0.6564705882352941 0.04602510460251046 0.01411764705882353
0 0.9246861924686193 0.6441176470588236 0.0502092050209205 0.09058823529411765
0 0.0596234309623431 0.5129411764705882 0.1192468619246862 0.02823529411764706
0 0.3399581589958159 0.5435294117647059 0.027196652719665274 0.09647058823529411
0 0.9790794979079498 0.538235294117647 0.04184100418410042 0.10470588235294118
0 0.11820083682008369 0.4511764705882353 0.16108786610878661 0.024705882352941175
0 0.06380753138075314 0.38 0.12761506276150628 0.01647058823529412
0 0.2196652719665272 0.3652941176470588 0.058577405857740586 0.015294117647058824
0 0.8347280334728033 0.27647058823529413 0.07112970711297072 0.04470588235294118
0 0.8085774058577406 0.2535294117647059 0.0397489539748954 0.03411764705882353
