0 0.9716981132075472 0.854602510460251 0.05660377358490566 0.01882845188284519
0 0.4209905660377358 0.8577405857740585 0.22641509433962265 0.04602510460251046
0 0.16214622641509435 0.8378661087866108 0.0294811320754717 0.14853556485355648
0 0.9658018867924528 0.6359832635983264 0.06839622641509434 0.1297071129707113
0 0.6079009433962265 0.47384937238493724 0.031839622641509434 0.15271966527196654
0 0.6155660377358491 0.36401673640167365 0.05188679245283019 0.08368200836820083
0 0.6238207547169812 0.3075313807531381 0.07311320754716981 0.06694560669456066
0 0.39740566037735847 0.2939330543933054 0.054245283018867926 0.04811715481171548
0 0.28596698113207547 0.29602510460251047 0.08844339622641509 0.060669456066945605
0 0.4380896226415094 0.21652719665271966 0.17570754716981132 0.0397489539748954
0 0.9575471698113207 0.2112970711297071 0.03773584905660377 0.0502092050209205
0 0.9705188679245284 0.14853556485355648 0.0589622641509434 0.0502092050209205
0 0.8685141509433962 0.14644351464435146 0.17806603773584906 0.04602510460251046
0 0.09551886792452831 0.1788702928870293 0.18867924528301888 0.11506276150627615
