0 0.7887029288702929 0.7494117647058823 0.20502092050209206 0.03294117647058824
0 0.9403765690376569 0.7276470588235294 0.1192468619246862 0.036470588235294116
0 0.03138075313807531 0.7547058823529412 0.06276150627615062 0.10705882352941176
0 0.2615062761506276 0.7005882352941176 0.07112970711297072 0.06
0 0.41631799163179917 0.6770588235294117 0.1297071129707113 0.04352941176470588
0 0.553347280334728 0.648235294117647 0.16527196652719664 0.02823529411764706
0 0.6527196652719666 0.6305882352941177 0.0794979079497908 0.01647058823529412
0 0.7771966527196653 0.6182352941176471 0.06485355648535565 0.02
0 0.7144351464435147 0.6188235294117647 0.06903765690376569 0.02588235294117647
0 0.4225941422594142 0.601764705882353 0.08368200836820083 0.015294117647058824
0 0.5167364016736402 0.5911764705882353 0.18828451882845187 0.03176470588235294
0 0.6192468619246861 0.5747058823529412 0.06694560669456066 0.012941176470588235
0 0.7510460251046025 0.5388235294117647 0.08786610878661087 0.05647058823529412
0 0.3985355648535565 0.5023529411764706 0.1694560669456067 0.0611764705882353
0 0.30857740585774057 0.48705882352941177 0.05230125523012552 0.042352941176470586
0 0.8472803347280334 0.46941176470588236 0.09205020920502092 0.05176470588235294
0 0.04811715481171548 0.45529411764705885 0.09623430962343096 0.03058823529411765
0 0.7761506276150628 0.45235294117647057 0.08368200836820083 0.04588235294117647
0 0.3368200836820084 0.4423529411764706 0.06276150627615062 0.03529411764705882
0 0.4393305439330544 0.4682352941176471 0.2594142259414226 0.15058823529411763
0 0.2897489539748954 0.4441176470588235 0.0899581589958159 0.20588235294117646
0 0.23535564853556484 0.3088235294117647 0.13179916317991633 0.05764705882352941
0 0.3263598326359833 0.2852941176470588 0.03347280334728033 0.05058823529411765
