0 0.27615062761506276 0.7452941176470588 0.08786610878661087 0.07882352941176471
0 0.9456066945606695 0.7276470588235294 0.058577405857740586 0.08588235294117647
0 0.16108786610878661 0.6947058823529412 0.09205020920502092 0.23647058823529413
0 0.42887029288702927 0.581764705882353 0.05439330543933055 0.036470588235294116
0 0.49476987447698745 0.5911764705882353 0.05230125523012552 0.05764705882352941
0 0.555439330543933 0.59 0.06485355648535565 0.06
0 0.29916317991631797 0.5305882352941177 0.04602510460251046 0.05647058823529412
0 0.3514644351464435 0.528235294117647 0.04184100418410042 0.05647058823529412
0 0.5031380753138075 0.5258823529411765 0.060669456066945605 0.058823529411764705
0 0.45397489539748953 0.5258823529411765 0.016736401673640166 0.058823529411764705
0 0.5617154811715481 0.5247058823529411 0.05230125523012552 0.058823529411764705
0 0.9581589958158996 0.4764705882352941 0.08368200836820083 0.058823529411764705
0 0.7813807531380753 0.3458823529411765 0.06485355648535565 0.03294117647058824
0 0.23221757322175732 0.3547058823529412 0.12133891213389121 0.06
0 0.9518828451882845 0.31176470588235294 0.09623430962343096 0.04
0 0.8347280334728033 0.32294117647058823 0.03765690376569038 0.1188235294117647
0 0.0198744769874477 0.29352941176470587 0.0397489539748954 0.06470588235294118
0 0.043933054393305436 0.2311764705882353 0.07531380753138076 0.027058823529411764
0 0.6705020920502092 0.23588235294117646 0.06903765690376569 0.04352941176470588
0 0.5774058577405857 0.23058823529411765 0.08368200836820083 0.042352941176470586
