0 0.9100418410041841 0.9641176470588235 0.12133891213389121 0.05764705882352941
0 0.5836820083682008 0.9347058823529412 0.07531380753138076 0.029411764705882353
0 0.26464435146443516 0.9129411764705883 0.13598326359832635 0.009411764705882352
0 0.6872384937238494 0.8447058823529412 0.07740585774058577 0.023529411764705882
0 0.3106694560669456 0.3623529411764706 0.1903765690376569 0.04
0 0.8357740585774058 0.19647058823529412 0.04811715481171548 0.04470588235294118
0 0.6213389121338913 0.19 0.3305439330543933 0.05529411764705883
0 0.9728033472803347 0.1635294117647059 0.05439330543933055 0.011764705882352941
0 0.6108786610878661 0.12588235294117647 0.34309623430962344 0.058823529411764705
0 0.16213389121338911 0.09588235294117647 0.303347280334728 0.052941176470588235
0 0.8535564853556485 0.11176470588235295 0.07531380753138076 0.08705882352941176
0 0.950836820083682 0.02823529411764706 0.09832635983263599 0.03294117647058824
0 0.5774058577405857 0.007647058823529412 0.029288702928870293 0.015294117647058824
0 0.5282426778242678 0.01 0.027196652719665274 0.02
0 0.42677824267782427 0.01411764705882353 0.03347280334728033 0.02823529411764706
0 0.37656903765690375 0.01647058823529412 0.03347280334728033 0.03294117647058824
0 0.2792887029288703 0.021176470588235293 0.03138075313807531 0.042352941176470586
0 0.23744769874476987 0.02235294117647059 0.02301255230125523 0.04470588235294118
