0 0.13284518828451883 0.9023529411764706 0.06903765690376569 0.0611764705882353
0 0.4246861924686193 0.8811764705882353 0.3138075313807531 0.05411764705882353
0 0.4205020920502092 0.8564705882352941 0.22594142259414227 0.042352941176470586
0 0.9037656903765691 0.8464705882352941 0.19246861924686193 0.04588235294117647
0 0.8828451882845189 0.8047058823529412 0.06276150627615062 0.011764705882352941
0 0.9131799163179917 0.8152941176470588 0.17364016736401675 0.04941176470588235
0 0.9414225941422594 0.6235294117647059 0.11715481171548117 0.018823529411764704
0 0.20502092050209206 0.5664705882352942 0.2217573221757322 0.06941176470588235
0 0.4905857740585774 0.5317647058823529 0.18200836820083682 0.08470588235294117
0 0.08368200836820083 0.48764705882352943 0.07531380753138076 0.06941176470588235
0 0.4320083682008368 0.4435294117647059 0.10251046025104603 0.07764705882352942
0 0.29602510460251047 0.3729411764705882 0.09832635983263599 0.36470588235294116
0 0.5763598326359832 0.20705882352941177 0.056485355648535567 0.05411764705882353
0 0.6736401673640168 0.1988235294117647 0.21338912133891214 0.06823529411764706
