0 0.5625 0.8776150627615062 0.07075471698113207 0.027196652719665274
0 0.4970518867924528 0.8368200836820083 0.0294811320754717 0.04184100418410042
0 0.32370283018867924 0.8106694560669456 0.09080188679245282 0.08577405857740586
0 0.6120283018867925 0.801255230125523 0.08018867924528301 0.07112970711297072
0 0.39976415094339623 0.6276150627615062 0.04245283018867924 0.09623430962343096
0 0.3561320754716981 0.6527196652719666 0.04716981132075472 0.18828451882845187
0 0.558372641509434 0.5732217573221757 0.041273584905660375 0.04602510460251046
0 0.32370283018867924 0.5334728033472803 0.015330188679245283 0.03347280334728033
0 0.486438679245283 0.4790794979079498 0.055424528301886794 0.05439330543933055
0 0.31662735849056606 0.6171548117154811 0.09787735849056604 0.34309623430962344
0 0.4893867924528302 0.4372384937238494 0.054245283018867926 0.03765690376569038
0 0.7476415094339622 0.6108786610878661 0.08490566037735849 0.6485355648535565
0 0.7122641509433962 0.4351464435146444 0.1179245283018868 0.301255230125523
0 0.44162735849056606 0.30962343096234307 0.2346698113207547 0.16736401673640167
0 0.3785377358490566 0.16213389121338911 0.04481132075471698 0.05230125523012552
0 0.12028301886792453 0.03138075313807531 0.0330188679245283 0.06276150627615062
