0 0.012552301255230125 0.9158823529411765 0.02510460251046025 0.1
0 0.8943514644351465 0.6047058823529412 0.20711297071129708 0.021176470588235293
0 0.8148535564853556 0.5317647058823529 0.06903765690376569 0.018823529411764704
0 0.8702928870292888 0.4788235294117647 0.06694560669456066 0.07764705882352942
0 0.41631799163179917 0.25941176470588234 0.04602510460251046 0.04352941176470588
0 0.9539748953974896 0.2235294117647059 0.09205020920502092 0.018823529411764704
0 0.8211297071129707 0.22705882352941176 0.14435146443514643 0.03529411764705882
0 0.7112970711297071 0.24705882352941178 0.06276150627615062 0.08235294117647059
0 0.35355648535564854 0.20470588235294118 0.2175732217573222 0.042352941176470586
0 0.07845188284518828 0.18411764705882352 0.15690376569037656 0.03176470588235294
0 0.8148535564853556 0.009411764705882352 0.08158995815899582 0.018823529411764704
0 0.7322175732217573 0.06411764705882353 0.02510460251046025 0.12823529411764706
0 0.35669456066945604 0.05411764705882353 0.03556485355648536 0.10823529411764705
