0 0.9633891213389121 0.7988235294117647 0.07322175732217573 0.02823529411764706
0 0.7416317991631799 0.8052941176470588 0.06485355648535565 0.13294117647058823
0 0.9476987447698745 0.7194117647058823 0.10460251046025104 0.01764705882352941
0 0.8828451882845189 0.6611764705882353 0.19246861924686193 0.03058823529411765
0 0.9372384937238494 0.6188235294117647 0.12552301255230125 0.03294117647058824
0 0.9131799163179917 0.4894117647058824 0.17364016736401675 0.07764705882352942
0 0.06485355648535565 0.43411764705882355 0.07112970711297072 0.011764705882352941
0 0.9299163179916318 0.3658823529411765 0.1401673640167364 0.01411764705882353
0 0.9728033472803347 0.34411764705882353 0.05439330543933055 0.015294117647058824
0 0.25523012552301255 0.31588235294117645 0.09623430962343096 0.03411764705882353
0 0.08263598326359832 0.31470588235294117 0.09832635983263599 0.03411764705882353
0 0.9748953974895398 0.24352941176470588 0.0502092050209205 0.03058823529411765
0 0.9184100418410042 0.22 0.16317991631799164 0.16705882352941176
0 0.21652719665271966 0.12764705882352942 0.3200836820083682 0.00823529411764706
