0 0.7092050209205021 0.7952941176470588 0.3598326359832636 0.05176470588235294
0 0.7876569037656904 0.701764705882353 0.10669456066945607 0.03882352941176471
0 0.49476987447698745 0.6952941176470588 0.07322175732217573 0.042352941176470586
0 0.36506276150627615 0.6352941176470588 0.07322175732217573 0.03764705882352941
0 0.15690376569037656 0.6335294117647059 0.1297071129707113 0.036470588235294116
0 0.645397489539749 0.601764705882353 0.0397489539748954 0.03411764705882353
0 0.46129707112970714 0.6023529411764705 0.06903765690376569 0.058823529411764705
0 0.5334728033472803 0.5829411764705882 0.03765690376569038 0.024705882352941175
0 0.9361924686192469 0.28352941176470586 0.12761506276150628 0.011764705882352941
0 0.9372384937238494 0.2611764705882353 0.12552301255230125 0.023529411764705882
0 0.9832635983263598 0.1776470588235294 0.03347280334728033 0.02588235294117647
0 0.5700836820083682 0.17823529411764705 0.45397489539748953 0.0976470588235294
0 0.7144351464435147 0.1476470588235294 0.08158995815899582 0.052941176470588235
0 0.1694560669456067 0.04058823529411765 0.058577405857740586 0.052941176470588235
0 0.952928870292887 0.008823529411764706 0.09414225941422594 0.01764705882352941
