0 0.4299163179916318 0.8805882352941177 0.11506276150627615 0.04352941176470588
0 0.7510460251046025 0.8523529411764705 0.09205020920502092 0.02235294117647059
0 0.5292887029288703 0.7794117647058824 0.04184100418410042 0.02235294117647059
0 0.49372384937238495 0.8029411764705883 0.3472803347280335 0.1564705882352941
0 0.29602510460251047 0.7158823529411765 0.05230125523012552 0.08352941176470588
0 0.602510460251046 0.48176470588235293 0.06276150627615062 0.029411764705882353
0 0.348326359832636 0.43529411764705883 0.06903765690376569 0.021176470588235293
0 0.3190376569037657 0.4376470588235294 0.16527196652719664 0.04
0 0.04602510460251046 0.4470588235294118 0.09205020920502092 0.06823529411764706
0 0.3776150627615063 0.4164705882352941 0.1108786610878661 0.023529411764705882
0 0.6317991631799164 0.3417647058823529 0.1589958158995816 0.041176470588235294
0 0.895397489539749 0.3247058823529412 0.058577405857740586 0.023529411764705882
0 0.09309623430962342 0.3211764705882353 0.060669456066945605 0.02823529411764706
0 0.32322175732217573 0.33294117647058824 0.18619246861924685 0.058823529411764705
0 0.6161087866108786 0.2888235294117647 0.17782426778242677 0.03176470588235294
0 0.058577405857740586 0.2858823529411765 0.11715481171548117 0.04941176470588235
0 0.8661087866108786 0.3023529411764706 0.11715481171548117 0.08470588235294117
0 0.7667364016736402 0.2411764705882353 0.043933054393305436 0.0611764705882353
0 0.9780334728033473 0.20823529411764705 0.0397489539748954 0.03294117647058824
0 0.9142259414225942 0.2211764705882353 0.0794979079497908 0.08941176470588236
0 0.6569037656903766 0.20352941176470588 0.09205020920502092 0.07058823529411765
0 0.4445606694560669 0.13941176470588235 0.06485355648535565 0.03411764705882353
0 0.5428870292887029 0.03588235294117647 0.6213389121338913 0.029411764705882353
0 0.18619246861924685 0.023529411764705882 0.05439330543933055 0.01647058823529412
0 0.11610878661087866 0.021176470588235293 0.06485355648535565 0.01411764705882353
0 0.891213389121339 0.015294117647058824 0.1506276150627615 0.03058823529411765
