0 0.4428066037735849 0.9581589958158996 0.04834905660377359 0.016736401673640166
0 0.37912735849056606 0.9644351464435147 0.07665094339622641 0.029288702928870293
0 0.22818396226415094 0.9351464435146444 0.18278301886792453 0.02092050209205021
0 0.21403301886792453 0.8064853556485355 0.015330188679245283 0.05230125523012552
0 0.17452830188679244 0.7960251046025104 0.01650943396226415 0.05230125523012552
0 0.15683962264150944 0.7960251046025104 0.01650943396226415 0.05230125523012552
0 0.2617924528301887 0.7186192468619247 0.15566037735849056 0.11506276150627615
0 0.025943396226415096 0.7960251046025104 0.05188679245283019 0.3117154811715481
0 0.24351415094339623 0.6244769874476988 0.02240566037735849 0.060669456066945605
0 0.22228773584905662 0.6579497907949791 0.01768867924528302 0.15271966527196654
0 0.8873820754716981 0.5439330543933054 0.10023584905660378 0.04184100418410042
0 0.30247641509433965 0.5156903765690377 0.12853773584905662 0.13598326359832635
0 0.375 0.27510460251046026 0.07783018867924528 0.043933054393305436
0 0.29422169811320753 0.27405857740585776 0.07900943396226415 0.04602510460251046
0 0.38797169811320753 0.18514644351464435 0.04716981132075472 0.06485355648535565
0 0.3608490566037736 0.1589958158995816 0.03773584905660377 0.08368200836820083
0 0.24882075471698112 0.05543933054393305 0.04481132075471698 0.09414225941422594
