0 0.7248953974895398 0.7694117647058824 0.17364016736401675 0.16941176470588235
0 0.8556485355648535 0.6941176470588235 0.06694560669456066 0.07294117647058823
0 0.9110878661087866 0.6605882352941177 0.0397489539748954 0.03176470588235294
0 0.9874476987447699 0.6252941176470588 0.02510460251046025 0.036470588235294116
0 0.9654811715481172 0.5923529411764706 0.03556485355648536 0.03882352941176471
0 0.6830543933054394 0.5641176470588235 0.07740585774058577 0.08588235294117647
0 0.21338912133891214 0.4288235294117647 0.42677824267782427 0.03176470588235294
0 0.8901673640167364 0.4111764705882353 0.0397489539748954 0.029411764705882353
0 0.03556485355648536 0.40647058823529414 0.07112970711297072 0.06
0 0.2594142259414226 0.36823529411764705 0.16736401673640167 0.06352941176470588
0 0.10460251046025104 0.3052941176470588 0.20920502092050208 0.010588235294117647
0 0.4769874476987448 0.2311764705882353 0.0502092050209205 0.05058823529411765
0 0.643305439330544 0.17058823529411765 0.03138075313807531 0.018823529411764704
0 0.7364016736401674 0.17470588235294118 0.09205020920502092 0.04588235294117647
0 0.04602510460251046 0.07411764705882352 0.05439330543933055 0.01647058823529412
0 0.9633891213389121 0.05529411764705883 0.043933054393305436 0.03294117647058824
0 0.8608786610878661 0.008823529411764706 0.04811715481171548 0.01764705882352941
0 0.7594142259414226 0.020588235294117647 0.08786610878661087 0.041176470588235294
