0 0.7517688679245284 0.9476987447698745 0.024764150943396228 0.08786610878661087
0 0.6721698113207547 0.8294979079497908 0.04481132075471698 0.08158995815899582
0 0.5147405660377359 0.8085774058577406 0.0294811320754717 0.043933054393305436
0 0.6326650943396226 0.8148535564853556 0.0294811320754717 0.06485355648535565
0 0.4852594339622642 0.7855648535564853 0.041273584905660375 0.06903765690376569
0 0.2606132075471698 0.6861924686192469 0.10613207547169812 0.08368200836820083
0 0.6491745283018868 0.6213389121338913 0.11674528301886793 0.04184100418410042
0 0.8042452830188679 0.5826359832635983 0.07547169811320754 0.05230125523012552
0 0.05955188679245283 0.5104602510460251 0.020047169811320754 0.08368200836820083
0 0.6939858490566038 0.44142259414225943 0.020047169811320754 0.06694560669456066
0 0.7158018867924528 0.4299163179916318 0.03773584905660377 0.0899581589958159
0 0.7753537735849056 0.4100418410041841 0.05778301886792453 0.13807531380753138
0 0.7087264150943396 0.3514644351464435 0.04481132075471698 0.08368200836820083
0 0.8455188679245284 0.42887029288702927 0.01650943396226415 0.2510460251046025
0 0.16922169811320756 0.27615062761506276 0.14268867924528303 0.029288702928870293
0 0.1821933962264151 0.23744769874476987 0.04363207547169811 0.056485355648535567
0 0.05011792452830189 0.24372384937238495 0.0294811320754717 0.07322175732217573
0 0.17983490566037735 0.20397489539748953 0.03891509433962264 0.04811715481171548
0 0.7765330188679245 0.18619246861924685 0.1403301886792453 0.02510460251046025
0 0.10318396226415094 0.19560669456066945 0.18278301886792453 0.060669456066945605
0 0.2429245283018868 0.20920502092050208 0.08962264150943396 0.100418410041841
0 0.3095518867924528 0.009414225941422594 0.024764150943396228 0.01882845188284519
