0 0.6875 0.9393305439330544 0.06132075471698113 0.0502092050209205
0 0.5 0.946652719665272 1.0 0.10669456066945607
0 0.6214622641509434 0.899581589958159 0.0589622641509434 0.0502092050209205
0 0.558372641509434 0.8786610878661087 0.05778301886792453 0.0502092050209205
0 0.3920990566037736 0.8650627615062761 0.036556603773584904 0.043933054393305436
0 0.4375 0.8598326359832636 0.04481132075471698 0.04602510460251046
0 0.7505896226415094 0.8378661087866108 0.055424528301886794 0.04811715481171548
0 0.49115566037735847 0.8158995815899581 0.04834905660377359 0.03765690376569038
0 0.03773584905660377 0.5972803347280334 0.07547169811320754 0.05230125523012552
0 0.11615566037735849 0.5 0.08608490566037735 0.05439330543933055
0 0.9575471698113207 0.48430962343096234 0.0330188679245283 0.03556485355648536
0 0.8514150943396226 0.4121338912133891 0.018867924528301886 0.03765690376569038
0 0.7158018867924528 0.3389121338912134 0.09433962264150944 0.07531380753138076
0 0.4970518867924528 0.3985355648535565 0.012971698113207548 0.21548117154811716
0 0.44162735849056606 0.3682008368200837 0.01061320754716981 0.2175732217573222
0 0.5707547169811321 0.26673640167364016 0.014150943396226415 0.08158995815899582
0 0.7158018867924528 0.25418410041841005 0.09433962264150944 0.07740585774058577
0 0.6014150943396226 0.3158995815899582 0.03773584905660377 0.21338912133891214
0 0.36910377358490565 0.21548117154811716 0.01650943396226415 0.029288702928870293
0 0.3136792452830189 0.28661087866108786 0.08254716981132075 0.17154811715481172
0 0.015919811320754717 0.08682008368200837 0.031839622641509434 0.08158995815899582
