0 0.24790794979079497 0.9788235294117648 0.027196652719665274 0.01647058823529412
0 0.20606694560669456 0.9747058823529412 0.03138075313807531 0.01764705882352941
0 0.40794979079497906 0.9729411764705882 0.06694560669456066 0.03294117647058824
0 0.6600418410041841 0.9688235294117648 0.4330543933054393 0.06235294117647059
0 0.6558577405857741 0.8935294117647059 0.23640167364016737 0.052941176470588235
0 0.8274058577405857 0.8588235294117647 0.13598326359832635 0.02588235294117647
0 0.3399581589958159 0.7658823529411765 0.12761506276150628 0.021176470588235293
0 0.9843096234309623 0.5870588235294117 0.03138075313807531 0.05411764705882353
0 0.5146443514644351 0.4294117647058823 0.20502092050209206 0.042352941176470586
0 0.9874476987447699 0.4423529411764706 0.02510460251046025 0.07294117647058823
0 0.6746861924686193 0.34352941176470586 0.6171548117154811 0.018823529411764704
0 0.8117154811715481 0.31941176470588234 0.08368200836820083 0.02235294117647059
0 0.11715481171548117 0.31882352941176473 0.23430962343096234 0.02823529411764706
0 0.03347280334728033 0.25588235294117645 0.06694560669456066 0.02
0 0.9037656903765691 0.26823529411764707 0.19246861924686193 0.1011764705882353
0 0.4581589958158996 0.10941176470588235 0.0502092050209205 0.05176470588235294
0 0.34518828451882844 0.0611764705882353 0.03765690376569038 0.04941176470588235
0 0.9225941422594143 0.05176470588235294 0.08368200836820083 0.10352941176470588
0 0.3399581589958159 0.017058823529411765 0.0397489539748954 0.03411764705882353
