0 0.04288702928870293 0.7152941176470589 0.08577405857740586 0.06823529411764706
0 0.043933054393305436 0.5835294117647059 0.08786610878661087 0.04470588235294118
0 0.06485355648535565 0.5358823529411765 0.05439330543933055 0.029411764705882353
0 0.016736401673640166 0.5229411764705882 0.03347280334728033 0.024705882352941175
0 0.01778242677824268 0.4935294117647059 0.03556485355648536 0.027058823529411764
0 0.03347280334728033 0.41411764705882353 0.06694560669456066 0.03764705882352941
0 0.350418410041841 0.20823529411764705 0.07322175732217573 0.08
0 0.05439330543933055 0.11411764705882353 0.1087866108786611 0.058823529411764705
0 0.3472803347280335 0.045294117647058825 0.18410041841004185 0.02
0 0.9299163179916318 0.009411764705882352 0.1401673640167364 0.018823529411764704
0 0.07531380753138076 0.007058823529411765 0.08368200836820083 0.01411764705882353
