0 0.028242677824267783 0.9764705882352941 0.056485355648535567 0.047058823529411764
0 0.33472803347280333 0.7111764705882353 0.1297071129707113 0.06
0 0.012552301255230125 0.6817647058823529 0.02510460251046025 0.029411764705882353
0 0.897489539748954 0.6723529411764706 0.058577405857740586 0.024705882352941175
0 0.04079497907949791 0.62 0.08158995815899582 0.023529411764705882
0 0.4382845188284519 0.5864705882352941 0.19456066945606695 0.015294117647058824
0 0.41631799163179917 0.5617647058823529 0.0794979079497908 0.02235294117647059
0 0.27824267782426776 0.48294117647058826 0.07112970711297072 0.02235294117647059
0 0.5282426778242678 0.47411764705882353 0.10251046025104603 0.01411764705882353
0 0.6182008368200836 0.4758823529411765 0.13179916317991633 0.029411764705882353
0 0.9278242677824268 0.48294117647058826 0.14435146443514643 0.0811764705882353
0 0.4089958158995816 0.44588235294117645 0.08158995815899582 0.03294117647058824
0 0.7207112970711297 0.4258823529411765 0.19874476987447698 0.07058823529411765
0 0.3514644351464435 0.4052941176470588 0.04184100418410042 0.03882352941176471
0 0.4100418410041841 0.39588235294117646 0.0502092050209205 0.024705882352941175
0 0.41422594142259417 0.36764705882352944 0.06694560669456066 0.024705882352941175
0 0.6140167364016736 0.31411764705882356 0.10251046025104603 0.04470588235294118
0 0.7646443514644351 0.3070588235294118 0.07740585774058577 0.03764705882352941
0 0.5669456066945606 0.25882352941176473 0.11297071129707113 0.04470588235294118
0 0.647489539748954 0.2529411764705882 0.0899581589958159 0.03529411764705882
0 0.8483263598326359 0.2411764705882353 0.05230125523012552 0.018823529411764704
0 0.8117154811715481 0.22058823529411764 0.06276150627615062 0.01764705882352941
0 0.029288702928870293 0.18705882352941178 0.03347280334728033 0.06823529411764706
