0 0.13493723849372385 0.9929411764705882 0.043933054393305436 0.01411764705882353
0 0.645397489539749 0.9747058823529412 0.09414225941422594 0.05058823529411765
0 0.36506276150627615 0.971764705882353 0.14853556485355648 0.05647058823529412
0 0.14748953974895398 0.9394117647058824 0.16527196652719664 0.07176470588235294
0 0.5575313807531381 0.9011764705882352 0.043933054393305436 0.05176470588235294
0 0.029288702928870293 0.8470588235294118 0.058577405857740586 0.04
0 0.42887029288702927 0.8058823529411765 0.1087866108786611 0.10588235294117647
0 0.24267782426778242 0.7864705882352941 0.17573221757322174 0.07176470588235294
0 0.8870292887029289 0.558235294117647 0.11715481171548117 0.041176470588235294
0 0.7981171548117155 0.49470588235294116 0.0397489539748954 0.05764705882352941
0 0.1799163179916318 0.46176470588235297 0.03347280334728033 0.02
0 0.9205020920502092 0.4447058823529412 0.1589958158995816 0.10352941176470588
0 0.42573221757322177 0.23941176470588235 0.0397489539748954 0.024705882352941175
0 0.5251046025104602 0.20411764705882354 0.17154811715481172 0.12823529411764706
0 0.20502092050209206 0.16705882352941176 0.17573221757322174 0.09647058823529411
0 0.3263598326359833 0.02 0.25523012552301255 0.04
0 0.06380753138075314 0.0058823529411764705 0.12761506276150628 0.011764705882352941
