0 0.049163179916317995 0.951764705882353 0.09832635983263599 0.09647058823529411
0 0.14748953974895398 0.9317647058823529 0.1401673640167364 0.13647058823529412
0 0.49267782426778245 0.8876470588235295 0.5669456066945606 0.07411764705882352
0 0.7395397489539749 0.8294117647058824 0.06485355648535565 0.1011764705882353
0 0.7248953974895398 0.7929411764705883 0.03138075313807531 0.02823529411764706
0 0.17677824267782427 0.8241176470588235 0.09414225941422594 0.09529411764705882
0 0.26464435146443516 0.8035294117647059 0.027196652719665274 0.07294117647058823
0 0.7395397489539749 0.7241176470588235 0.060669456066945605 0.1
0 0.5993723849372385 0.5864705882352941 0.17782426778242677 0.052941176470588235
0 0.5972803347280334 0.5711764705882353 0.18200836820083682 0.04823529411764706
0 0.5983263598326359 0.5558823529411765 0.18410041841004185 0.03882352941176471
0 0.5972803347280334 0.5370588235294118 0.19456066945606695 0.036470588235294116
0 0.36610878661087864 0.5341176470588235 0.08786610878661087 0.04941176470588235
0 0.28661087866108786 0.5217647058823529 0.02510460251046025 0.05764705882352941
0 0.34205020920502094 0.49117647058823527 0.03556485355648536 0.04352941176470588
0 0.2698744769874477 0.49941176470588233 0.029288702928870293 0.07882352941176471
0 0.23326359832635984 0.4423529411764706 0.06485355648535565 0.07058823529411765
0 0.13598326359832635 0.2564705882352941 0.04602510460251046 0.03764705882352941
0 0.07322175732217573 0.24058823529411766 0.0794979079497908 0.05058823529411765
0 0.2280334728033473 0.19941176470588234 0.029288702928870293 0.05529411764705883
0 0.7949790794979079 0.16 0.04184100418410042 0.08
0 0.0794979079497908 0.13352941176470587 0.05439330543933055 0.036470588235294116
0 0.27510460251046026 0.18941176470588236 0.04811715481171548 0.18588235294117647
0 0.02405857740585774 0.1011764705882353 0.04811715481171548 0.047058823529411764
0 0.08786610878661087 0.05647058823529412 0.03347280334728033 0.042352941176470586
0 0.02615062761506276 0.05235294117647059 0.05230125523012552 0.03882352941176471
0 0.5125523012552301 0.05529411764705883 0.02510460251046025 0.11058823529411765
0 0.06171548117154812 0.017058823529411765 0.10669456066945607 0.03411764705882353
