0 0.4330543933054393 0.8770588235294118 0.11297071129707113 0.04352941176470588
0 0.7343096234309623 0.8541176470588235 0.058577405857740586 0.01647058823529412
0 0.5282426778242678 0.7764705882352941 0.03556485355648536 0.023529411764705882
0 0.497907949790795 0.7994117647058824 0.3514644351464435 0.1564705882352941
0 0.29497907949790797 0.7147058823529412 0.04602510460251046 0.07882352941176471
0 0.6014644351464435 0.4788235294117647 0.060669456066945605 0.02823529411764706
0 0.3378661087866109 0.43588235294117644 0.19874476987447698 0.03882352941176471
0 0.3514644351464435 0.4294117647058823 0.07531380753138076 0.02823529411764706
0 0.04707112970711297 0.4476470588235294 0.09414225941422594 0.06941176470588235
0 0.3776150627615063 0.4147058823529412 0.1108786610878661 0.02235294117647059
0 0.6035564853556485 0.3417647058823529 0.20711297071129708 0.04588235294117647
0 0.33263598326359833 0.3176470588235294 0.05439330543933055 0.03058823529411765
0 0.28870292887029286 0.3305882352941176 0.11715481171548117 0.0611764705882353
0 0.6182008368200836 0.2923529411764706 0.16108786610878661 0.02235294117647059
0 0.8514644351464435 0.29823529411764704 0.09623430962343096 0.052941176470588235
0 0.9267782426778243 0.30176470588235293 0.13389121338912133 0.06470588235294118
0 0.0596234309623431 0.2858823529411765 0.1192468619246862 0.04941176470588235
0 0.7625523012552301 0.24294117647058824 0.043933054393305436 0.06
0 0.9707112970711297 0.2076470588235294 0.03765690376569038 0.03176470588235294
0 0.6642259414225942 0.20823529411764705 0.06903765690376569 0.0611764705882353
0 0.9079497907949791 0.21764705882352942 0.0794979079497908 0.08470588235294117
0 0.4393305439330544 0.14411764705882352 0.06276150627615062 0.03882352941176471
0 0.5428870292887029 0.03705882352941176 0.608786610878661 0.027058823529411764
0 0.11401673640167365 0.023529411764705882 0.06485355648535565 0.01411764705882353
0 0.8880753138075314 0.01588235294117647 0.14435146443514643 0.03176470588235294
