0 0.6485355648535565 0.6823529411764706 0.06276150627615062 0.009411764705882352
0 0.5774058577405857 0.5464705882352942 0.0794979079497908 0.07647058823529412
0 0.45292887029288703 0.5217647058823529 0.0899581589958159 0.06235294117647059
0 0.9895397489539749 0.4388235294117647 0.02092050209205021 0.047058823529411764
0 0.9205020920502092 0.4252941176470588 0.12133891213389121 0.05058823529411765
0 0.015690376569037656 0.41411764705882353 0.03138075313807531 0.02823529411764706
0 0.0899581589958159 0.33588235294117647 0.1799163179916318 0.07882352941176471
0 0.0502092050209205 0.19588235294117648 0.100418410041841 0.02235294117647059
0 0.26778242677824265 0.1888235294117647 0.0502092050209205 0.03176470588235294
0 0.06903765690376569 0.08352941176470588 0.13807531380753138 0.023529411764705882
0 0.3723849372384937 0.07882352941176471 0.1087866108786611 0.018823529411764704
