0 0.038702928870292884 0.981764705882353 0.07740585774058577 0.036470588235294116
0 0.17468619246861924 0.9476470588235294 0.10251046025104603 0.04823529411764706
0 0.5910041841004184 0.9488235294117647 0.2489539748953975 0.10235294117647059
0 0.5313807531380753 0.9435294117647058 0.26778242677824265 0.11294117647058824
0 0.608786610878661 0.2917647058823529 0.07531380753138076 0.03529411764705882
0 0.7196652719665272 0.28823529411764703 0.02510460251046025 0.03058823529411765
0 0.9069037656903766 0.2958823529411765 0.18619246861924685 0.06941176470588235
0 0.8284518828451883 0.19647058823529412 0.02510460251046025 0.03058823529411765
0 0.8692468619246861 0.19117647058823528 0.03556485355648536 0.041176470588235294
0 0.9121338912133892 0.18058823529411766 0.029288702928870293 0.036470588235294116
0 0.8817991631799164 0.14941176470588236 0.13179916317991633 0.04941176470588235
0 0.2384937238493724 0.12470588235294118 0.14644351464435146 0.02823529411764706
0 0.32217573221757323 0.12117647058823529 0.14644351464435146 0.02823529411764706
0 0.6705020920502092 0.07470588235294118 0.07740585774058577 0.02235294117647059
0 0.5407949790794979 0.08470588235294117 0.17782426778242677 0.047058823529411764
0 0.9644351464435147 0.09117647058823529 0.07112970711297072 0.0811764705882353
0 0.6809623430962343 0.0488235294117647 0.10669456066945607 0.036470588235294116
0 0.8075313807531381 0.04470588235294118 0.07531380753138076 0.06588235294117648
0 0.17677824267782427 0.01588235294117647 0.23640167364016737 0.03176470588235294
