0 0.5 0.9571129707112971 1.0 0.08577405857740586
0 0.17393867924528303 0.8430962343096234 0.027122641509433963 0.12133891213389121
0 0.2783018867924528 0.7688284518828452 0.09905660377358491 0.17364016736401675
0 0.357311320754717 0.37343096234309625 0.14622641509433962 0.043933054393305436
0 0.7240566037735849 0.04602510460251046 0.09198113207547169 0.09205020920502092
0 0.6367924528301887 0.04811715481171548 0.07311320754716981 0.09623430962343096
0 0.42865566037735847 0.029288702928870293 0.027122641509433963 0.058577405857740586
0 0.39740566037735847 0.01882845188284519 0.030660377358490566 0.03765690376569038
0 0.298938679245283 0.08368200836820083 0.036556603773584904 0.16736401673640167
0 0.24882075471698112 0.09937238493723849 0.07075471698113207 0.19874476987447698
