0 0.19246861924686193 0.96 0.08368200836820083 0.018823529411764704
0 0.6757322175732218 0.831764705882353 0.11715481171548117 0.06588235294117648
0 0.5983263598326359 0.808235294117647 0.09205020920502092 0.047058823529411764
0 0.5564853556485355 0.7664705882352941 0.07531380753138076 0.024705882352941175
0 0.18514644351464435 0.7852941176470588 0.08158995815899582 0.06470588235294118
0 0.497907949790795 0.7482352941176471 0.10460251046025104 0.018823529411764704
0 0.6202928870292888 0.7458823529411764 0.04811715481171548 0.023529411764705882
0 0.07426778242677824 0.7535294117647059 0.06485355648535565 0.041176470588235294
0 0.301255230125523 0.7388235294117647 0.2803347280334728 0.058823529411764705
0 0.5523012552301255 0.7182352941176471 0.100418410041841 0.03411764705882353
0 0.4707112970711297 0.7229411764705882 0.1087866108786611 0.05764705882352941
0 0.6600418410041841 0.7076470588235294 0.056485355648535567 0.03176470588235294
0 0.9424686192468619 0.6688235294117647 0.11506276150627615 0.05764705882352941
0 0.9278242677824268 0.581764705882353 0.08158995815899582 0.00823529411764706
0 0.7311715481171548 0.5447058823529412 0.04811715481171548 0.021176470588235293
0 0.0700836820083682 0.5552941176470588 0.060669456066945605 0.05647058823529412
0 0.8242677824267782 0.5352941176470588 0.058577405857740586 0.021176470588235293
0 0.13807531380753138 0.5505882352941176 0.058577405857740586 0.05176470588235294
0 0.26359832635983266 0.5394117647058824 0.058577405857740586 0.05058823529411765
0 0.20397489539748953 0.5417647058823529 0.05230125523012552 0.05529411764705883
0 0.3284518828451883 0.5341176470588235 0.058577405857740586 0.05411764705882353
0 0.4769874476987448 0.5252941176470588 0.05439330543933055 0.05529411764705883
0 0.14225941422594143 0.4647058823529412 0.2175732217573222 0.023529411764705882
0 0.14958158995815898 0.30941176470588233 0.29916317991631797 0.009411764705882352
0 0.7416317991631799 0.35764705882352943 0.043933054393305436 0.1411764705882353
0 0.08786610878661087 0.26588235294117646 0.0502092050209205 0.058823529411764705
0 0.44142259414225943 0.2488235294117647 0.0502092050209205 0.05764705882352941
0 0.7907949790794979 0.18529411764705883 0.12133891213389121 0.04823529411764706
0 0.6746861924686193 0.17941176470588235 0.07322175732217573 0.036470588235294116
0 0.6705020920502092 0.12058823529411765 0.04811715481171548 0.027058823529411764
0 0.7594142259414226 0.14588235294117646 0.25523012552301255 0.09411764705882353
0 0.555439330543933 0.012941176470588235 0.19874476987447698 0.02588235294117647
0 0.4225941422594142 0.01647058823529412 0.02092050209205021 0.03294117647058824
0 0.18723849372384938 0.021176470588235293 0.32426778242677823 0.042352941176470586
