0 0.9215801886792453 0.797071129707113 0.060141509433962265 0.0502092050209205
0 0.7830188679245284 0.6265690376569037 0.04481132075471698 0.09414225941422594
0 0.9139150943396226 0.6182008368200836 0.12735849056603774 0.13179916317991633
0 0.28950471698113206 0.446652719665272 0.07900943396226415 0.043933054393305436
0 0.9257075471698113 0.3985355648535565 0.14858490566037735 0.17364016736401675
0 0.7800707547169812 0.24163179916317992 0.0625 0.056485355648535567
0 0.7818396226415094 0.1788702928870293 0.0589622641509434 0.060669456066945605
0 0.933372641509434 0.10251046025104603 0.1332547169811321 0.06694560669456066
0 0.7364386792452831 0.021966527196652718 0.14504716981132076 0.043933054393305436
0 0.08077830188679246 0.028242677824267783 0.045990566037735846 0.056485355648535567
