0 0.7677824267782427 0.9511764705882353 0.46443514644351463 0.06235294117647059
0 0.7050209205020921 0.9117647058823529 0.07112970711297072 0.01411764705882353
0 0.7165271966527197 0.8947058823529411 0.060669456066945605 0.015294117647058824
0 0.41631799163179917 0.8823529411764706 0.04602510460251046 0.06352941176470588
0 0.7238493723849372 0.7858823529411765 0.03347280334728033 0.021176470588235293
0 0.7876569037656904 0.7488235294117647 0.12761506276150628 0.02
0 0.9612970711297071 0.74 0.07740585774058577 0.05411764705882353
0 0.8357740585774058 0.701764705882353 0.1903765690376569 0.1
0 0.9780334728033473 0.5158823529411765 0.043933054393305436 0.015294117647058824
0 0.8797071129707112 0.5123529411764706 0.12761506276150628 0.015294117647058824
0 0.9037656903765691 0.49058823529411766 0.13389121338912133 0.01647058823529412
0 0.9832635983263598 0.3776470588235294 0.03347280334728033 0.042352941176470586
0 0.9393305439330544 0.3023529411764706 0.12133891213389121 0.04
0 0.6464435146443515 0.2811764705882353 0.06694560669456066 0.04
0 0.7531380753138075 0.2811764705882353 0.08368200836820083 0.04470588235294118
0 0.9550209205020921 0.20470588235294118 0.0899581589958159 0.05411764705882353
0 0.897489539748954 0.008823529411764706 0.20502092050209206 0.01764705882352941
0 0.40794979079497906 0.004705882352941176 0.20920502092050208 0.009411764705882352
