0 0.8274058577405857 0.6029411764705882 0.07322175732217573 0.06
0 0.7123430962343096 0.6041176470588235 0.14435146443514643 0.07176470588235294
0 0.9728033472803347 0.5711764705882353 0.05439330543933055 0.01764705882352941
0 0.7039748953974896 0.5711764705882353 0.1192468619246862 0.03176470588235294
0 0.9225941422594143 0.5652941176470588 0.016736401673640166 0.09529411764705882
0 0.9801255230125523 0.4047058823529412 0.0397489539748954 0.06588235294117648
0 0.9006276150627615 0.19941176470588234 0.043933054393305436 0.04588235294117647
0 0.8190376569037657 0.19176470588235295 0.1108786610878661 0.047058823529411764
0 0.5805439330543933 0.1864705882352941 0.05230125523012552 0.03882352941176471
0 0.7761506276150628 0.08470588235294117 0.02092050209205021 0.07058823529411765
0 0.7981171548117155 0.02 0.09414225941422594 0.021176470588235293
0 0.08368200836820083 0.02823529411764706 0.029288702928870293 0.04470588235294118
