0 0.8023012552301255 0.9164705882352941 0.08158995815899582 0.04
0 0.7322175732217573 0.8605882352941177 0.14225941422594143 0.0976470588235294
0 0.15690376569037656 0.7888235294117647 0.11297071129707113 0.07882352941176471
0 0.8023012552301255 0.7935294117647059 0.0397489539748954 0.09294117647058824
0 0.04497907949790795 0.7694117647058824 0.0899581589958159 0.05411764705882353
0 0.6903765690376569 0.7858823529411765 0.1506276150627615 0.10823529411764705
0 0.26778242677824265 0.5782352941176471 0.058577405857740586 0.05764705882352941
0 0.4110878661087866 0.5617647058823529 0.03138075313807531 0.03882352941176471
0 0.549163179916318 0.5611764705882353 0.043933054393305436 0.047058823529411764
0 0.3514644351464435 0.5664705882352942 0.10460251046025104 0.06
0 0.4790794979079498 0.5605882352941176 0.10460251046025104 0.05764705882352941
0 0.5930962343096234 0.548235294117647 0.027196652719665274 0.042352941176470586
0 0.17259414225941422 0.5764705882352941 0.14435146443514643 0.1011764705882353
0 0.647489539748954 0.5464705882352942 0.0899581589958159 0.05529411764705883
0 0.15585774058577406 0.5247058823529411 0.13598326359832635 0.03294117647058824
0 0.09728033472803348 0.49941176470588233 0.1694560669456067 0.01764705882352941
0 0.5920502092050209 0.4823529411764706 0.32217573221757323 0.007058823529411765
0 0.20397489539748953 0.3452941176470588 0.40794979079497906 0.01764705882352941
0 0.5606694560669456 0.3347058823529412 0.30962343096234307 0.029411764705882353
0 0.26569037656903766 0.3164705882352941 0.05439330543933055 0.04941176470588235
0 0.3284518828451883 0.31529411764705884 0.0502092050209205 0.04941176470588235
0 0.19456066945606695 0.31588235294117645 0.058577405857740586 0.05058823529411765
0 0.12761506276150628 0.3129411764705882 0.0502092050209205 0.04941176470588235
0 0.4476987447698745 0.30941176470588233 0.058577405857740586 0.04941176470588235
0 0.803347280334728 0.24764705882352941 0.1589958158995816 0.041176470588235294
0 0.8891213389121339 0.24411764705882352 0.07531380753138076 0.041176470588235294
0 0.5826359832635983 0.06235294117647059 0.09414225941422594 0.05647058823529412
0 0.46338912133891214 0.02588235294117647 0.10669456066945607 0.05176470588235294
