0 0.9424686192468619 0.9247058823529412 0.11506276150627615 0.15058823529411763
0 0.9592050209205021 0.8205882352941176 0.08158995815899582 0.03176470588235294
0 0.694560669456067 0.7841176470588235 0.24686192468619247 0.06705882352941177
0 0.5376569037656904 0.7082352941176471 0.16317991631799164 0.04
0 0.4320083682008368 0.6929411764705883 0.05230125523012552 0.03529411764705882
0 0.2928870292887029 0.6841176470588235 0.14644351464435146 0.024705882352941175
0 0.7615062761506276 0.6617647058823529 0.22594142259414227 0.052941176470588235
0 0.3284518828451883 0.44941176470588234 0.09205020920502092 0.03294117647058824
0 0.6684100418410042 0.4335294117647059 0.303347280334728 0.02
0 0.07426778242677824 0.48823529411764705 0.05230125523012552 0.17176470588235293
0 0.5763598326359832 0.4111764705882353 0.07740585774058577 0.03411764705882353
0 0.42887029288702927 0.4147058823529412 0.09205020920502092 0.06470588235294118
0 0.5073221757322176 0.4052941176470588 0.06903765690376569 0.06
0 0.7238493723849372 0.39 0.06694560669456066 0.05764705882352941
0 0.6569037656903766 0.3911764705882353 0.0794979079497908 0.06
0 0.797071129707113 0.3870588235294118 0.0794979079497908 0.058823529411764705
0 0.7604602510460251 0.3088235294117647 0.18619246861924685 0.03882352941176471
0 0.5669456066945606 0.30823529411764705 0.18410041841004185 0.03764705882352941
0 0.5355648535564853 0.23294117647058823 0.13389121338912133 0.047058823529411764
0 0.6914225941422594 0.22941176470588234 0.14435146443514643 0.06352941176470588
