0 0.2217573221757322 0.981764705882353 0.05439330543933055 0.024705882352941175
0 0.9257322175732218 0.9541176470588235 0.14853556485355648 0.018823529411764704
0 0.100418410041841 0.9529411764705882 0.1799163179916318 0.047058823529411764
0 0.02301255230125523 0.7864705882352941 0.04602510460251046 0.03882352941176471
0 0.20920502092050208 0.6723529411764706 0.06694560669456066 0.03882352941176471
0 0.18200836820083682 0.6605882352941177 0.09205020920502092 0.04352941176470588
0 0.858786610878661 0.5952941176470589 0.03556485355648536 0.018823529411764704
0 0.9424686192468619 0.5764705882352941 0.08577405857740586 0.021176470588235293
0 0.8713389121338913 0.5364705882352941 0.15271966527196654 0.023529411764705882
0 0.8336820083682008 0.4 0.19456066945606695 0.03764705882352941
0 0.7646443514644351 0.36470588235294116 0.0397489539748954 0.02823529411764706
0 0.22280334728033474 0.07058823529411765 0.10669456066945607 0.05176470588235294
0 0.6485355648535565 0.06588235294117648 0.13389121338912133 0.05176470588235294
0 0.4895397489539749 0.05588235294117647 0.11297071129707113 0.05058823529411765
0 0.948744769874477 0.02176470588235294 0.10251046025104603 0.04352941176470588
