0 0.5156903765690377 0.928235294117647 0.4665271966527197 0.021176470588235293
0 0.04811715481171548 0.951764705882353 0.09623430962343096 0.09647058823529411
0 0.17677824267782427 0.9458823529411765 0.20292887029288703 0.10823529411764705
0 0.151673640167364 0.8405882352941176 0.043933054393305436 0.06
0 0.6956066945606695 0.8376470588235294 0.06903765690376569 0.10588235294117647
0 0.21234309623430964 0.8047058823529412 0.027196652719665274 0.07294117647058823
0 0.6956066945606695 0.7282352941176471 0.06485355648535565 0.10352941176470588
0 0.5177824267782427 0.5923529411764706 0.1108786610878661 0.03411764705882353
0 0.696652719665272 0.5870588235294117 0.06276150627615062 0.02588235294117647
0 0.5502092050209205 0.5711764705882353 0.18828451882845187 0.04823529411764706
0 0.5502092050209205 0.5547058823529412 0.19246861924686193 0.03882352941176471
0 0.7374476987447699 0.6952941176470588 0.02301255230125523 0.34823529411764703
0 0.5502092050209205 0.5364705882352941 0.200836820083682 0.03764705882352941
0 0.3158995815899582 0.5147058823529411 0.08786610878661087 0.08823529411764706
0 0.2102510460251046 0.4888235294117647 0.0899581589958159 0.10941176470588235
0 0.13284518828451883 0.2570588235294118 0.043933054393305436 0.04588235294117647
0 0.06799163179916318 0.23647058823529413 0.08158995815899582 0.05411764705882353
0 0.2395397489539749 0.22588235294117648 0.056485355648535567 0.2211764705882353
0 0.07531380753138076 0.13294117647058823 0.05439330543933055 0.04
0 0.021966527196652718 0.09529411764705882 0.043933054393305436 0.04941176470588235
0 0.08577405857740586 0.05411764705882353 0.03765690376569038 0.042352941176470586
0 0.02615062761506276 0.0488235294117647 0.05230125523012552 0.03882352941176471
0 0.5115062761506276 0.05764705882352941 0.027196652719665274 0.11529411764705882
0 0.05439330543933055 0.014705882352941176 0.09623430962343096 0.029411764705882353
