0 0.8502358490566038 0.8650627615062761 0.0660377358490566 0.03556485355648536
0 0.4251179245283019 0.7144351464435147 0.06485849056603774 0.04811715481171548
0 0.6491745283018868 0.5805439330543933 0.07429245283018868 0.060669456066945605
0 0.4339622641509434 0.5564853556485355 0.04245283018867924 0.06694560669456066
0 0.6497641509433962 0.5156903765690377 0.0660377358490566 0.060669456066945605
0 0.9357311320754716 0.3723849372384937 0.05778301886792453 0.029288702928870293
0 0.8985849056603774 0.3117154811715481 0.07075471698113207 0.04602510460251046
0 0.21933962264150944 0.23640167364016737 0.014150943396226415 0.04602510460251046
0 0.09551886792452831 0.21338912133891214 0.049528301886792456 0.029288702928870293
0 0.5035377358490566 0.3190376569037657 0.0589622641509434 0.2615062761506276
0 0.5772405660377359 0.23117154811715482 0.024764150943396228 0.09414225941422594
0 0.9711084905660378 0.17154811715481172 0.05778301886792453 0.03347280334728033
0 0.6273584905660378 0.11715481171548117 0.05188679245283019 0.03347280334728033
0 0.9339622641509434 0.08054393305439331 0.08490566037735849 0.08158995815899582
