0 0.3807531380753138 0.8782352941176471 0.11297071129707113 0.03411764705882353
0 0.6265690376569037 0.8788235294117647 0.21548117154811716 0.04941176470588235
0 0.20815899581589958 0.8223529411764706 0.09832635983263599 0.03058823529411765
0 0.4602510460251046 0.7776470588235294 0.17573221757322174 0.04
0 0.2719665271966527 0.6735294117647059 0.22594142259414227 0.029411764705882353
0 0.9194560669456067 0.7041176470588235 0.16108786610878661 0.14470588235294118
0 0.16422594142259414 0.5811764705882353 0.03556485355648536 0.04470588235294118
0 0.09937238493723849 0.5852941176470589 0.08158995815899582 0.06
0 0.35460251046025104 0.5523529411764706 0.06903765690376569 0.04588235294117647
0 0.4131799163179916 0.5423529411764706 0.03138075313807531 0.04
0 0.5125523012552301 0.5347058823529411 0.04602510460251046 0.03176470588235294
0 0.4592050209205021 0.5329411764705883 0.05230125523012552 0.05176470588235294
0 0.5355648535564853 0.5205882352941177 0.04184100418410042 0.03176470588235294
0 0.5941422594142259 0.5176470588235295 0.058577405857740586 0.047058823529411764
0 0.1108786610878661 0.49529411764705883 0.058577405857740586 0.02588235294117647
0 0.16422594142259414 0.49117647058823527 0.07740585774058577 0.024705882352941175
0 0.2688284518828452 0.4864705882352941 0.1192468619246862 0.029411764705882353
0 0.6851464435146444 0.49823529411764705 0.056485355648535567 0.05764705882352941
0 0.8786610878661087 0.4776470588235294 0.0502092050209205 0.04470588235294118
0 0.9424686192468619 0.4676470588235294 0.056485355648535567 0.04588235294117647
0 0.07217573221757322 0.2788235294117647 0.14435146443514643 0.0611764705882353
0 0.4476987447698745 0.012941176470588235 0.08368200836820083 0.02588235294117647
