0 0.7343096234309623 0.9411764705882353 0.09205020920502092 0.11764705882352941
0 0.8263598326359832 0.7676470588235295 0.11297071129707113 0.07647058823529412
0 0.9571129707112971 0.7588235294117647 0.08577405857740586 0.07529411764705882
0 0.9801255230125523 0.6370588235294118 0.0397489539748954 0.041176470588235294
0 0.3786610878661088 0.6111764705882353 0.19665271966527198 0.05058823529411765
0 0.5920502092050209 0.5758823529411765 0.07112970711297072 0.02235294117647059
0 0.4309623430962343 0.41352941176470587 0.16736401673640167 0.02235294117647059
0 0.9341004184100419 0.38941176470588235 0.13179916317991633 0.02588235294117647
0 0.6861924686192469 0.3788235294117647 0.03347280334728033 0.042352941176470586
0 0.641213389121339 0.3770588235294118 0.0397489539748954 0.04352941176470588
0 0.5951882845188284 0.3764705882352941 0.0397489539748954 0.042352941176470586
0 0.5407949790794979 0.37529411764705883 0.04811715481171548 0.042352941176470586
0 0.47489539748953974 0.37470588235294117 0.06694560669456066 0.04352941176470588
0 0.4236401673640167 0.37411764705882355 0.01882845188284519 0.042352941176470586
0 0.37447698744769875 0.37411764705882355 0.058577405857740586 0.042352941176470586
0 0.3054393305439331 0.37470588235294117 0.06276150627615062 0.04352941176470588
0 0.549163179916318 0.33176470588235296 0.12343096234309624 0.02823529411764706
0 0.37447698744769875 0.32941176470588235 0.03347280334728033 0.02588235294117647
0 0.9435146443514645 0.27058823529411763 0.11297071129707113 0.02823529411764706
0 0.038702928870292884 0.26176470588235295 0.07740585774058577 0.02
0 0.6297071129707112 0.26235294117647057 0.07531380753138076 0.0611764705882353
0 0.5303347280334728 0.2529411764705882 0.02301255230125523 0.04470588235294118
0 0.5784518828451883 0.2529411764705882 0.03556485355648536 0.05411764705882353
0 0.3598326359832636 0.2570588235294118 0.09205020920502092 0.06235294117647059
0 0.4361924686192469 0.24764705882352941 0.06903765690376569 0.05764705882352941
0 0.49372384937238495 0.24529411764705883 0.02510460251046025 0.05529411764705883
0 0.946652719665272 0.22823529411764706 0.10669456066945607 0.05647058823529412
0 0.950836820083682 0.18352941176470589 0.09414225941422594 0.018823529411764704
0 0.06694560669456066 0.0976470588235294 0.13389121338912133 0.07058823529411765
0 0.7583682008368201 0.06235294117647059 0.16108786610878661 0.047058823529411764
0 0.5366108786610879 0.02176470588235294 0.16527196652719664 0.02
0 0.10355648535564854 0.017058823529411765 0.03556485355648536 0.03411764705882353
