0 0.47594142259414224 0.9423529411764706 0.1903765690376569 0.047058823529411764
0 0.6579497907949791 0.9229411764705883 0.15271966527196654 0.06470588235294118
0 0.21652719665271966 0.8811764705882353 0.060669456066945605 0.023529411764705882
0 0.6841004184100419 0.8488235294117648 0.25523012552301255 0.1376470588235294
0 0.41841004184100417 0.7664705882352941 0.058577405857740586 0.02235294117647059
0 0.8284518828451883 0.7111764705882353 0.03347280334728033 0.12588235294117647
0 0.3880753138075314 0.5429411764705883 0.12343096234309624 0.015294117647058824
0 0.950836820083682 0.4052941176470588 0.09832635983263599 0.12117647058823529
0 0.7280334728033473 0.2211764705882353 0.16317991631799164 0.042352941176470586
0 0.6736401673640168 0.17588235294117646 0.04602510460251046 0.041176470588235294
0 0.944560669456067 0.22176470588235295 0.06903765690376569 0.1376470588235294
0 0.9874476987447699 0.12705882352941175 0.02510460251046025 0.05411764705882353
0 0.8682008368200836 0.018235294117647058 0.26359832635983266 0.036470588235294116
