0 0.054245283018867926 0.8075313807531381 0.10849056603773585 0.09623430962343096
0 0.9610849056603774 0.7646443514644351 0.07783018867924528 0.0397489539748954
0 0.8225235849056604 0.7269874476987448 0.045990566037735846 0.0397489539748954
0 0.9587264150943396 0.6673640167364017 0.08254716981132075 0.09205020920502092
0 0.6491745283018868 0.3472803347280335 0.09316037735849056 0.06694560669456066
0 0.9805424528301887 0.2803347280334728 0.027122641509433963 0.03765690376569038
0 0.6485849056603774 0.27824267782426776 0.09433962264150944 0.06694560669456066
0 0.6132075471698113 0.21443514644351463 0.02358490566037736 0.056485355648535567
0 0.6474056603773585 0.28451882845188287 0.10849056603773585 0.2175732217573222
0 0.3891509433962264 0.15481171548117154 0.0330188679245283 0.029288702928870293
0 0.9563679245283019 0.014644351464435146 0.03773584905660377 0.029288702928870293
0 0.8266509433962265 0.02405857740585774 0.030660377358490566 0.04811715481171548
0 0.10554245283018868 0.010460251046025104 0.045990566037735846 0.02092050209205021
0 0.07252358490566038 0.036610878661087864 0.024764150943396228 0.07322175732217573
0 0.02240566037735849 0.03138075313807531 0.030660377358490566 0.06276150627615062
