0 0.5 0.9518828451882845 1.0 0.09623430962343096
0 0.08136792452830188 0.8797071129707112 0.009433962264150943 0.12761506276150628
0 0.7093160377358491 0.797071129707113 0.01768867924528302 0.04602510460251046
0 0.6816037735849056 0.8002092050209205 0.0330188679245283 0.05230125523012552
0 0.7665094339622641 0.7876569037656904 0.01650943396226415 0.04811715481171548
0 0.20106132075471697 0.37656903765690375 0.12617924528301888 0.08368200836820083
0 0.6326650943396226 0.12866108786610878 0.07665094339622641 0.07740585774058577
0 0.47759433962264153 0.03138075313807531 0.030660377358490566 0.029288702928870293
0 0.9186320754716981 0.03765690376569038 0.08490566037735849 0.07531380753138076
0 0.4251179245283019 0.016736401673640166 0.060141509433962265 0.03347280334728033
