0 0.9236401673640168 0.7335294117647059 0.04811715481171548 0.05058823529411765
0 0.946652719665272 0.6870588235294117 0.060669456066945605 0.08941176470588236
0 0.7039748953974896 0.5194117647058824 0.056485355648535567 0.03411764705882353
0 0.26464435146443516 0.49176470588235294 0.15690376569037656 0.03529411764705882
0 0.3274058577405858 0.48470588235294115 0.05230125523012552 0.03058823529411765
0 0.35669456066945604 0.46941176470588236 0.03138075313807531 0.07529411764705882
0 0.0397489539748954 0.4429411764705882 0.0794979079497908 0.07882352941176471
0 0.27510460251046026 0.4158823529411765 0.12761506276150628 0.03176470588235294
0 0.35355648535564854 0.29705882352941176 0.09205020920502092 0.04352941176470588
0 0.3200836820083682 0.29705882352941176 0.2175732217573222 0.12117647058823529
0 0.032426778242677826 0.2011764705882353 0.06485355648535565 0.01411764705882353
0 0.6600418410041841 0.22470588235294117 0.25732217573221755 0.08
0 0.9435146443514645 0.19941176470588234 0.11297071129707113 0.04823529411764706
0 0.16631799163179917 0.18411764705882352 0.056485355648535567 0.02235294117647059
0 0.08054393305439331 0.09117647058823529 0.07740585774058577 0.029411764705882353
0 0.22594142259414227 0.07352941176470588 0.100418410041841 0.029411764705882353
0 0.5167364016736402 0.06823529411764706 0.2301255230125523 0.04941176470588235
0 0.9874476987447699 0.06294117647058824 0.02510460251046025 0.04352941176470588
0 0.950836820083682 0.06 0.043933054393305436 0.03764705882352941
0 0.9581589958158996 0.01647058823529412 0.08368200836820083 0.03294117647058824
0 0.8242677824267782 0.029411764705882353 0.1506276150627615 0.058823529411764705
0 0.7207112970711297 0.03529411764705882 0.04811715481171548 0.07058823529411765
0 0.34623430962343094 0.036470588235294116 0.1108786610878661 0.07294117647058823
0 0.01882845188284519 0.041176470588235294 0.03765690376569038 0.08235294117647059
