0 0.3410041841004184 0.9152941176470588 0.100418410041841 0.04
0 0.9142259414225942 0.8041176470588235 0.17154811715481172 0.05058823529411765
0 0.7667364016736402 0.7058823529411765 0.02301255230125523 0.05411764705882353
0 0.7792887029288703 0.7752941176470588 0.09832635983263599 0.2188235294117647
0 0.9110878661087866 0.6847058823529412 0.1694560669456067 0.08470588235294117
0 0.9016736401673641 0.5805882352941176 0.09205020920502092 0.03882352941176471
0 0.9654811715481172 0.3623529411764706 0.06903765690376569 0.01647058823529412
0 0.8870292887029289 0.37941176470588234 0.058577405857740586 0.14
0 0.7667364016736402 0.2817647058823529 0.043933054393305436 0.036470588235294116
0 0.6882845188284519 0.28294117647058825 0.10460251046025104 0.03882352941176471
0 0.9278242677824268 0.17529411764705882 0.14435146443514643 0.11764705882352941
0 0.4665271966527197 0.1111764705882353 0.029288702928870293 0.029411764705882353
0 0.9560669456066946 0.10588235294117647 0.08786610878661087 0.04470588235294118
0 0.9592050209205021 0.02235294117647059 0.08158995815899582 0.04470588235294118
