0 0.608786610878661 0.8858823529411765 0.24686192468619247 0.04941176470588235
0 0.7824267782426778 0.841764705882353 0.10460251046025104 0.04588235294117647
0 0.7615062761506276 0.6570588235294118 0.05439330543933055 0.03882352941176471
0 0.35669456066945604 0.4447058823529412 0.7133891213389121 0.05647058823529412
0 0.08891213389121339 0.41411764705882353 0.1108786610878661 0.047058823529411764
0 0.8891213389121339 0.3952941176470588 0.0502092050209205 0.03294117647058824
0 0.7039748953974896 0.35 0.03138075313807531 0.09529411764705882
0 0.4351464435146444 0.3029411764705882 0.14225941422594143 0.015294117647058824
0 0.44142259414225943 0.2923529411764706 0.18828451882845187 0.02
0 0.7102510460251046 0.22764705882352942 0.1903765690376569 0.04352941176470588
0 0.01778242677824268 0.03588235294117647 0.03556485355648536 0.04588235294117647
0 0.5146443514644351 0.014705882352941176 0.08368200836820083 0.029411764705882353
