0 0.1192468619246862 0.8135294117647058 0.18410041841004185 0.06470588235294118
0 0.4884937238493724 0.6223529411764706 0.18619246861924685 0.1011764705882353
0 0.4581589958158996 0.5670588235294117 0.058577405857740586 0.01411764705882353
0 0.0397489539748954 0.5670588235294117 0.0794979079497908 0.02823529411764706
0 0.36610878661087864 0.5770588235294117 0.04602510460251046 0.052941176470588235
0 0.4393305439330544 0.5035294117647059 0.11715481171548117 0.03058823529411765
0 0.053347280334728034 0.5052941176470588 0.10669456066945607 0.041176470588235294
0 0.9236401673640168 0.4935294117647059 0.15271966527196654 0.04352941176470588
0 0.09100418410041841 0.4611764705882353 0.05230125523012552 0.03294117647058824
0 0.9016736401673641 0.4152941176470588 0.19665271966527198 0.11294117647058824
0 0.03138075313807531 0.35 0.04602510460251046 0.01764705882352941
0 0.11820083682008369 0.34941176470588237 0.06485355648535565 0.021176470588235293
0 0.4675732217573222 0.3352941176470588 0.02301255230125523 0.05411764705882353
0 0.5 0.33588235294117647 0.04602510460251046 0.08823529411764706
0 0.74581589958159 0.31058823529411766 0.1108786610878661 0.06352941176470588
0 0.9361924686192469 0.26705882352941174 0.12761506276150628 0.04470588235294118
0 0.42573221757322177 0.2605882352941176 0.0397489539748954 0.03176470588235294
0 0.16527196652719664 0.24235294117647058 0.24686192468619247 0.11764705882352941
0 0.7123430962343096 0.17411764705882352 0.11506276150627615 0.01647058823529412
0 0.9048117154811716 0.19823529411764707 0.1903765690376569 0.0976470588235294
0 0.6202928870292888 0.14529411764705882 0.05230125523012552 0.03176470588235294
0 0.2175732217573222 0.011176470588235295 0.058577405857740586 0.01764705882352941
0 0.3901673640167364 0.05764705882352941 0.14853556485355648 0.11529411764705882
0 0.036610878661087864 0.010588235294117647 0.07322175732217573 0.021176470588235293
