0 0.8629707112970711 0.8282352941176471 0.09414225941422594 0.05647058823529412
0 0.3274058577405858 0.8464705882352941 0.2112970711297071 0.10235294117647059
0 0.7751046025104602 0.8205882352941176 0.06485355648535565 0.10941176470588235
0 0.2290794979079498 0.7247058823529412 0.0397489539748954 0.13176470588235295
0 0.7688284518828452 0.7082352941176471 0.06903765690376569 0.11058823529411765
0 0.7625523012552301 0.5558823529411765 0.06485355648535565 0.027058823529411764
0 0.2102510460251046 0.5752941176470588 0.010460251046025104 0.17176470588235293
0 0.35564853556485354 0.4923529411764706 0.07112970711297072 0.027058823529411764
0 0.45083682008368203 0.4858823529411765 0.03556485355648536 0.018823529411764704
0 0.5292887029288703 0.48 0.05439330543933055 0.04941176470588235
0 0.46338912133891214 0.45941176470588235 0.056485355648535567 0.02
0 0.4027196652719665 0.4547058823529412 0.043933054393305436 0.02
0 0.41422594142259417 0.5264705882352941 0.200836820083682 0.16823529411764707
0 0.6056485355648535 0.46352941176470586 0.06485355648535565 0.04941176470588235
0 0.553347280334728 0.43588235294117644 0.060669456066945605 0.03882352941176471
0 0.21548117154811716 0.46352941176470586 0.012552301255230125 0.09411764705882353
0 0.42573221757322177 0.4223529411764706 0.0397489539748954 0.04
0 0.9832635983263598 0.37529411764705883 0.03347280334728033 0.02588235294117647
0 0.2384937238493724 0.3835294117647059 0.05439330543933055 0.09647058823529411
0 0.3127615062761506 0.34058823529411764 0.04811715481171548 0.03176470588235294
0 0.9476987447698745 0.30117647058823527 0.10460251046025104 0.08
0 0.8556485355648535 0.508235294117647 0.1297071129707113 0.6
0 0.08786610878661087 0.14470588235294118 0.17573221757322174 0.1388235294117647
0 0.100418410041841 0.03705882352941176 0.04184100418410042 0.027058823529411764
