0 0.4351464435146444 0.8664705882352941 0.11297071129707113 0.04352941176470588
0 0.7280334728033473 0.8435294117647059 0.058577405857740586 0.01647058823529412
0 0.5460251046025104 0.7652941176470588 0.07112970711297072 0.02235294117647059
0 0.49686192468619245 0.7817647058823529 0.34518828451882844 0.16823529411764707
0 0.29602510460251047 0.7070588235294117 0.043933054393305436 0.07764705882352942
0 0.2384937238493724 0.6882352941176471 0.1297071129707113 0.38588235294117645
0 0.5930962343096234 0.47294117647058825 0.060669456066945605 0.02823529411764706
0 0.7228033472803347 0.4505882352941176 0.17782426778242677 0.04
0 0.04707112970711297 0.44941176470588234 0.09414225941422594 0.06823529411764706
0 0.2803347280334728 0.4329411764705882 0.08368200836820083 0.03764705882352941
0 0.3723849372384937 0.42 0.11297071129707113 0.04
0 0.6213389121338913 0.3376470588235294 0.14644351464435146 0.03764705882352941
0 0.28661087866108786 0.33176470588235296 0.11297071129707113 0.05647058823529412
0 0.33577405857740583 0.3111764705882353 0.060669456066945605 0.05058823529411765
0 0.8378661087866108 0.2964705882352941 0.08158995815899582 0.05411764705882353
0 0.058577405857740586 0.2888235294117647 0.11715481171548117 0.05058823529411765
0 0.9236401673640168 0.31 0.15271966527196654 0.11411764705882353
0 0.8179916317991632 0.2605882352941176 0.03765690376569038 0.02235294117647059
0 0.7468619246861925 0.2388235294117647 0.04602510460251046 0.04470588235294118
0 0.07531380753138076 0.21 0.03765690376569038 0.024705882352941175
0 0.9456066945606695 0.20470588235294118 0.03765690376569038 0.02588235294117647
0 0.6652719665271967 0.21352941176470588 0.03765690376569038 0.05058823529411765
0 0.8891213389121339 0.22058823529411764 0.07531380753138076 0.07647058823529412
0 0.4320083682008368 0.15 0.060669456066945605 0.036470588235294116
0 0.5313807531380753 0.045294117647058825 0.5857740585774058 0.024705882352941175
0 0.18619246861924685 0.03470588235294118 0.09623430962343096 0.01764705882352941
0 0.8817991631799164 0.019411764705882354 0.15690376569037656 0.03882352941176471
