0 0.32426778242677823 0.9435294117647058 0.20920502092050208 0.11294117647058824
0 0.6380753138075314 0.8282352941176471 0.04184100418410042 0.01411764705882353
0 0.12447698744769875 0.8164705882352942 0.10251046025104603 0.047058823529411764
0 0.7594142259414226 0.7735294117647059 0.03765690376569038 0.027058823529411764
0 0.8807531380753139 0.7729411764705882 0.03765690376569038 0.02823529411764706
0 0.799163179916318 0.7711764705882352 0.03765690376569038 0.027058823529411764
0 0.8368200836820083 0.768235294117647 0.03765690376569038 0.02823529411764706
0 0.7447698744769874 0.5570588235294117 0.20502092050209206 0.10470588235294118
0 0.5930962343096234 0.49117647058823527 0.12343096234309624 0.041176470588235294
0 0.2897489539748954 0.45176470588235296 0.07740585774058577 0.05411764705882353
0 0.3682008368200837 0.44529411764705884 0.07531380753138076 0.05529411764705883
0 0.4424686192468619 0.44 0.07740585774058577 0.05411764705882353
0 0.20920502092050208 0.44588235294117645 0.09623430962343096 0.08
0 0.797071129707113 0.4147058823529412 0.11297071129707113 0.04352941176470588
0 0.7039748953974896 0.37823529411764706 0.043933054393305436 0.03882352941176471
0 0.7646443514644351 0.3941176470588235 0.19874476987447698 0.0988235294117647
0 0.9801255230125523 0.29352941176470587 0.0397489539748954 0.16588235294117648
0 0.702928870292887 0.045294117647058825 0.02092050209205021 0.07176470588235294
0 0.7290794979079498 0.027058823529411764 0.01882845188284519 0.05411764705882353
