0 0.8336820083682008 0.8041176470588235 0.03556485355648536 0.13294117647058823
0 0.6265690376569037 0.6882352941176471 0.37447698744769875 0.03058823529411765
0 0.5742677824267782 0.6811764705882353 0.27405857740585776 0.018823529411764704
0 0.44142259414225943 0.4476470588235294 0.02092050209205021 0.02
0 0.3922594142259414 0.4476470588235294 0.02301255230125523 0.02
0 0.29602510460251047 0.4194117647058824 0.02301255230125523 0.02
0 0.42573221757322177 0.41705882352941176 0.02301255230125523 0.02
0 0.3776150627615063 0.41705882352941176 0.02301255230125523 0.02
0 0.46129707112970714 0.4158823529411765 0.02301255230125523 0.02
0 0.5847280334728033 0.38235294117647056 0.02301255230125523 0.021176470588235293
0 0.6401673640167364 0.3811764705882353 0.02092050209205021 0.021176470588235293
0 0.7709205020920502 0.38 0.02301255230125523 0.021176470588235293
0 0.7280334728033473 0.29764705882352943 0.19246861924686193 0.09411764705882353
0 0.649581589958159 0.08235294117647059 0.05230125523012552 0.04470588235294118
0 0.9801255230125523 0.07294117647058823 0.01882845188284519 0.13176470588235295
0 0.8629707112970711 0.010588235294117647 0.14435146443514643 0.021176470588235293
0 0.2102510460251046 0.01764705882352941 0.4205020920502092 0.03529411764705882
