0 0.12238493723849372 0.9629411764705882 0.02301255230125523 0.036470588235294116
0 0.1297071129707113 0.8747058823529412 0.0794979079497908 0.052941176470588235
0 0.06799163179916318 0.861764705882353 0.027196652719665274 0.036470588235294116
0 0.13807531380753138 0.83 0.09205020920502092 0.041176470588235294
0 0.06903765690376569 0.8152941176470588 0.04184100418410042 0.058823529411764705
0 0.05230125523012552 0.7858823529411765 0.029288702928870293 0.02823529411764706
0 0.4686192468619247 0.7382352941176471 0.3472803347280335 0.06470588235294118
0 0.11610878661087866 0.6176470588235294 0.04811715481171548 0.023529411764705882
0 0.2405857740585774 0.5976470588235294 0.04184100418410042 0.05647058823529412
0 0.13598326359832635 0.5647058823529412 0.0794979079497908 0.03529411764705882
0 0.11715481171548117 0.5411764705882353 0.07531380753138076 0.01647058823529412
0 0.28870292887029286 0.5435294117647059 0.058577405857740586 0.058823529411764705
0 0.10251046025104603 0.5164705882352941 0.08786610878661087 0.03764705882352941
0 0.09937238493723849 0.5041176470588236 0.06903765690376569 0.015294117647058824
0 0.13912133891213388 0.47705882352941176 0.06485355648535565 0.01764705882352941
0 0.9424686192468619 0.2988235294117647 0.04811715481171548 0.018823529411764704
0 0.049163179916317995 0.31470588235294117 0.09832635983263599 0.08823529411764706
0 0.5941422594142259 0.2288235294117647 0.19246861924686193 0.10705882352941176
0 0.10146443514644352 0.1723529411764706 0.03138075313807531 0.029411764705882353
0 0.7426778242677824 0.1264705882352941 0.100418410041841 0.010588235294117647
0 0.7510460251046025 0.09294117647058824 0.1087866108786611 0.02823529411764706
0 0.9560669456066946 0.0888235294117647 0.08786610878661087 0.027058823529411764
0 0.9006276150627615 0.06705882352941177 0.19874476987447698 0.13411764705882354
0 0.23326359832635984 0.008823529411764706 0.03138075313807531 0.01764705882352941
0 0.12866108786610878 0.01 0.14853556485355648 0.02
0 0.02405857740585774 0.011176470588235295 0.04811715481171548 0.02235294117647059
