0 0.29811715481171547 0.8647058823529412 0.25313807531380755 0.009411764705882352
0 0.27615062761506276 0.8423529411764706 0.0502092050209205 0.01411764705882353
0 0.4445606694560669 0.8305882352941176 0.23640167364016737 0.03294117647058824
0 0.11820083682008369 0.8370588235294117 0.06903765690376569 0.04588235294117647
0 0.7437238493723849 0.78 0.13179916317991633 0.06823529411764706
0 0.7144351464435147 0.7435294117647059 0.17364016736401675 0.05176470588235294
0 0.043933054393305436 0.6882352941176471 0.08786610878661087 0.25176470588235295
0 0.8723849372384938 0.5070588235294118 0.25523012552301255 0.05411764705882353
0 0.641213389121339 0.37941176470588234 0.10251046025104603 0.03882352941176471
0 0.6244769874476988 0.29352941176470587 0.14853556485355648 0.03176470588235294
0 0.4592050209205021 0.1935294117647059 0.04811715481171548 0.03411764705882353
0 0.9089958158995816 0.18764705882352942 0.08158995815899582 0.1423529411764706
0 0.399581589958159 0.0711764705882353 0.13807531380753138 0.04352941176470588
0 0.22489539748953974 0.1011764705882353 0.17364016736401675 0.15294117647058825
