0 0.4345518867924528 0.8776150627615062 0.12382075471698113 0.027196652719665274
0 0.6951650943396226 0.7322175732217573 0.03419811320754717 0.07112970711297072
0 0.6650943396226415 0.7311715481171548 0.02358490566037736 0.06903765690376569
0 0.7529481132075472 0.7196652719665272 0.02240566037735849 0.06276150627615062
0 0.3608490566037736 0.49372384937238495 0.08018867924528301 0.08368200836820083
0 0.1875 0.2939330543933054 0.025943396226415096 0.06485355648535565
0 0.33077830188679247 0.28765690376569036 0.10023584905660378 0.06903765690376569
0 0.4321933962264151 0.2824267782426778 0.09551886792452831 0.06694560669456066
0 0.17511792452830188 0.16631799163179917 0.19221698113207547 0.09832635983263599
0 0.6538915094339622 0.1589958158995816 0.14976415094339623 0.09205020920502092
0 0.32370283018867924 0.11610878661087866 0.027122641509433963 0.056485355648535567
0 0.08195754716981132 0.11401673640167365 0.16391509433962265 0.10669456066945607
0 0.46403301886792453 0.009414225941422594 0.03419811320754717 0.01882845188284519
