0 0.9716981132075472 0.8556485355648535 0.05660377358490566 0.02092050209205021
0 0.42452830188679247 0.8619246861924686 0.2169811320754717 0.04184100418410042
0 0.1615566037735849 0.8148535564853556 0.0330188679245283 0.20292887029288703
0 0.9675707547169812 0.6359832635983264 0.06485849056603774 0.1297071129707113
0 0.32252358490566035 0.48640167364016734 0.08136792452830188 0.07322175732217573
0 0.6173349056603774 0.44037656903765693 0.05070754716981132 0.22384937238493724
0 0.41214622641509435 0.29811715481171547 0.027122641509433963 0.043933054393305436
0 0.28773584905660377 0.301255230125523 0.08962264150943396 0.06276150627615062
0 0.6196933962264151 0.301255230125523 0.07665094339622641 0.09205020920502092
0 0.44457547169811323 0.2196652719665272 0.18867924528301888 0.04184100418410042
0 0.9569575471698113 0.2112970711297071 0.036556603773584904 0.0502092050209205
0 0.9781839622641509 0.15376569037656904 0.04363207547169811 0.060669456066945605
0 0.8679245283018868 0.15376569037656904 0.17688679245283018 0.060669456066945605
0 0.09551886792452831 0.1809623430962343 0.18867924528301888 0.11506276150627615
