0 0.9097877358490566 0.9058577405857741 0.055424528301886794 0.100418410041841
0 0.5017688679245284 0.7562761506276151 0.07900943396226415 0.02301255230125523
0 0.9829009433962265 0.7709205020920502 0.03419811320754717 0.08158995815899582
0 0.9811320754716981 0.7165271966527197 0.03773584905660377 0.06903765690376569
0 0.8844339622641509 0.75 0.07075471698113207 0.20711297071129708
0 0.09551886792452831 0.6422594142259415 0.03537735849056604 0.05439330543933055
0 0.9770047169811321 0.6265690376569037 0.03891509433962264 0.0899581589958159
0 0.38325471698113206 0.5094142259414226 0.16273584905660377 0.12343096234309624
0 0.6739386792452831 0.2395397489539749 0.10731132075471699 0.06485355648535565
0 0.6715801886792453 0.1705020920502092 0.08844339622641509 0.06485355648535565
0 0.7606132075471698 0.16631799163179917 0.08018867924528301 0.060669456066945605
0 0.7977594339622641 0.19246861924686193 0.036556603773584904 0.12552301255230125
0 0.9551886792452831 0.09414225941422594 0.06132075471698113 0.18828451882845187
0 0.7547169811320755 0.029288702928870293 0.018867924528301886 0.058577405857740586
