0 0.5345188284518828 0.8 0.29916317991631797 0.03764705882352941
0 0.9372384937238494 0.7841176470588235 0.08786610878661087 0.07411764705882352
0 0.8043933054393305 0.7605882352941177 0.10669456066945607 0.03176470588235294
0 0.2824267782426778 0.7541176470588236 0.0794979079497908 0.04941176470588235
0 0.9623430962343096 0.5952941176470589 0.06276150627615062 0.05647058823529412
0 0.1997907949790795 0.5941176470588235 0.09832635983263599 0.26823529411764707
0 0.3410041841004184 0.27294117647058824 0.04184100418410042 0.03294117647058824
0 0.20502092050209206 0.24235294117647058 0.19665271966527198 0.023529411764705882
0 0.4100418410041841 0.22764705882352942 0.20920502092050208 0.02
0 0.805439330543933 0.2023529411764706 0.12133891213389121 0.03058823529411765
0 0.5951882845188284 0.18823529411764706 0.043933054393305436 0.01647058823529412
0 0.549163179916318 0.18705882352941178 0.043933054393305436 0.023529411764705882
0 0.3901673640167364 0.17588235294117646 0.10669456066945607 0.02235294117647059
0 0.30857740585774057 0.1676470588235294 0.0397489539748954 0.02
0 0.04602510460251046 0.15705882352941178 0.09205020920502092 0.04823529411764706
