0 0.24163179916317992 0.98 0.07740585774058577 0.018823529411764704
0 0.27615062761506276 0.8347058823529412 0.0502092050209205 0.02235294117647059
0 0.20711297071129708 0.8252941176470588 0.08368200836820083 0.04588235294117647
0 0.5753138075313807 0.7988235294117647 0.0502092050209205 0.023529411764705882
0 0.4341004184100418 0.7941176470588235 0.060669456066945605 0.021176470588235293
0 0.5271966527196653 0.7841176470588235 0.1087866108786611 0.01764705882352941
0 0.6621338912133892 0.7805882352941177 0.056485355648535567 0.02235294117647059
0 0.22280334728033474 0.7852941176470588 0.0899581589958159 0.03176470588235294
0 0.09414225941422594 0.7847058823529411 0.058577405857740586 0.03764705882352941
0 0.3399581589958159 0.7741176470588236 0.1401673640167364 0.05647058823529412
0 0.5878661087866108 0.7547058823529412 0.11297071129707113 0.03882352941176471
0 0.4916317991631799 0.7594117647058823 0.12133891213389121 0.05764705882352941
0 0.7050209205020921 0.7423529411764705 0.06276150627615062 0.03294117647058824
0 0.9267782426778243 0.731764705882353 0.09205020920502092 0.058823529411764705
0 0.06171548117154812 0.5894117647058823 0.06903765690376569 0.05647058823529412
0 0.13389121338912133 0.5823529411764706 0.06694560669456066 0.05647058823529412
0 0.20502092050209206 0.5735294117647058 0.058577405857740586 0.05529411764705883
0 0.42782426778242677 0.5664705882352942 0.0397489539748954 0.04588235294117647
0 0.8964435146443515 0.5494117647058824 0.060669456066945605 0.01647058823529412
0 0.26673640167364016 0.5682352941176471 0.06485355648535565 0.05647058823529412
0 0.33158995815899583 0.5641176470588235 0.060669456066945605 0.05529411764705883
0 0.48640167364016734 0.5564705882352942 0.06485355648535565 0.058823529411764705
0 0.22384937238493724 0.48823529411764705 0.35564853556485354 0.04
0 0.7897489539748954 0.4335294117647059 0.0397489539748954 0.02235294117647059
0 0.14225941422594143 0.3341176470588235 0.28451882845188287 0.01411764705882353
0 0.6705020920502092 0.37941176470588234 0.25313807531380755 0.17529411764705882
0 0.11192468619246862 0.2917647058823529 0.06485355648535565 0.05647058823529412
0 0.0502092050209205 0.29294117647058826 0.06276150627615062 0.058823529411764705
0 0.1788702928870293 0.2888235294117647 0.060669456066945605 0.06
0 0.3692468619246862 0.26941176470588235 0.060669456066945605 0.058823529411764705
0 0.4320083682008368 0.26176470588235295 0.060669456066945605 0.06
0 0.49267782426778245 0.2488235294117647 0.06485355648535565 0.06
0 0.6820083682008368 0.18352941176470589 0.07531380753138076 0.05176470588235294
0 0.8117154811715481 0.17941176470588235 0.16317991631799164 0.05529411764705883
0 0.6788702928870293 0.11294117647058824 0.056485355648535567 0.03294117647058824
0 0.7876569037656904 0.12058823529411765 0.23221757322175732 0.05764705882352941
0 0.7698744769874477 0.14823529411764705 0.3054393305439331 0.13411764705882354
0 0.18514644351464435 0.05 0.19874476987447698 0.02
0 0.01778242677824268 0.04823529411764706 0.02301255230125523 0.018823529411764704
