0 0.3253138075313807 0.9947058823529412 0.07740585774058577 0.010588235294117647
0 0.8294979079497908 0.508235294117647 0.05230125523012552 0.02823529411764706
0 0.08054393305439331 0.5576470588235294 0.13598326359832635 0.1976470588235294
0 0.7531380753138075 0.46352941176470586 0.08368200836820083 0.023529411764705882
0 0.46443514644351463 0.34823529411764703 0.03347280334728033 0.02823529411764706
0 0.5502092050209205 0.30058823529411766 0.17573221757322174 0.04352941176470588
0 0.22280334728033474 0.28 0.4456066945606695 0.06588235294117648
0 0.9843096234309623 0.29764705882352943 0.03138075313807531 0.11529411764705882
0 0.49476987447698745 0.25941176470588234 0.29916317991631797 0.06941176470588235
0 0.9602510460251046 0.15529411764705883 0.0794979079497908 0.021176470588235293
