0 0.3776150627615063 0.8117647058823529 0.0899581589958159 0.042352941176470586
0 0.8085774058577406 0.8335294117647059 0.06903765690376569 0.11411764705882353
0 0.805439330543933 0.7170588235294117 0.07112970711297072 0.11647058823529412
0 0.12343096234309624 0.6647058823529411 0.0502092050209205 0.09647058823529411
0 0.7050209205020921 0.7441176470588236 0.18828451882845187 0.3305882352941176
0 0.5899581589958159 0.5894117647058823 0.10460251046025104 0.03058823529411765
0 0.6244769874476988 0.5658823529411765 0.06903765690376569 0.01647058823529412
0 0.3305439330543933 0.58 0.04602510460251046 0.06588235294117648
0 0.801255230125523 0.5552941176470588 0.07112970711297072 0.03058823529411765
0 0.6443514644351465 0.5458823529411765 0.20920502092050208 0.05647058823529412
0 0.6014644351464435 0.5211764705882352 0.20711297071129708 0.058823529411764705
0 0.9236401673640168 0.5111764705882353 0.10669456066945607 0.06
0 0.6820083682008368 0.5058823529411764 0.1589958158995816 0.0611764705882353
0 0.47175732217573224 0.48705882352941177 0.04811715481171548 0.03529411764705882
0 0.547071129707113 0.4858823529411765 0.06485355648535565 0.03764705882352941
0 0.7207112970711297 0.4688235294117647 0.05230125523012552 0.015294117647058824
0 0.4225941422594142 0.5323529411764706 0.23430962343096234 0.1588235294117647
0 0.49686192468619245 0.45176470588235296 0.043933054393305436 0.018823529411764704
0 0.645397489539749 0.45588235294117646 0.060669456066945605 0.052941176470588235
0 0.944560669456067 0.40058823529411763 0.1108786610878661 0.10705882352941176
0 0.27719665271966526 0.4252941176470588 0.10669456066945607 0.20588235294117646
0 0.0596234309623431 0.23176470588235293 0.1192468619246862 0.11764705882352941
0 0.9435146443514645 0.09117647058823529 0.10460251046025104 0.04588235294117647
0 0.05230125523012552 0.03294117647058824 0.05439330543933055 0.03294117647058824
0 0.8556485355648535 0.036470588235294116 0.0502092050209205 0.07294117647058823
