0 0.020047169811320754 0.950836820083682 0.04009433962264151 0.0899581589958159
0 0.11320754716981132 0.9320083682008368 0.08962264150943396 0.07322175732217573
0 0.27122641509433965 0.6202928870292888 0.04481132075471698 0.08577405857740586
0 0.2865566037735849 0.549163179916318 0.06132075471698113 0.03138075313807531
0 0.7075471698113207 0.34623430962343094 0.07311320754716981 0.060669456066945605
0 0.6816037735849056 0.28451882845188287 0.018867924528301886 0.058577405857740586
0 0.71875 0.2824267782426778 0.055424528301886794 0.058577405857740586
0 0.052476415094339625 0.2217573221757322 0.036556603773584904 0.06276150627615062
0 0.015330188679245283 0.22071129707112971 0.030660377358490566 0.060669456066945605
0 0.13443396226415094 0.2186192468619247 0.03537735849056604 0.06485355648535565
0 0.09198113207547169 0.2186192468619247 0.03537735849056604 0.06485355648535565
0 0.2918632075471698 0.21548117154811716 0.04363207547169811 0.06276150627615062
0 0.2511792452830189 0.21548117154811716 0.0330188679245283 0.06276150627615062
0 0.2240566037735849 0.21548117154811716 0.02122641509433962 0.06276150627615062
0 0.17688679245283018 0.21652719665271966 0.03773584905660377 0.06485355648535565
0 0.38620283018867924 0.21234309623430964 0.031839622641509434 0.060669456066945605
0 0.361438679245283 0.21338912133891214 0.008254716981132075 0.06276150627615062
0 0.3431603773584906 0.21338912133891214 0.018867924528301886 0.06276150627615062
0 0.32193396226415094 0.21338912133891214 0.009433962264150943 0.06276150627615062
0 0.12735849056603774 0.03138075313807531 0.05188679245283019 0.06276150627615062
