0 0.3797071129707113 0.9564705882352941 0.12761506276150628 0.018823529411764704
0 0.5177824267782427 0.9582352941176471 0.1694560669456067 0.03176470588235294
0 0.19246861924686193 0.8770588235294118 0.07531380753138076 0.1564705882352941
0 0.11610878661087866 0.6976470588235294 0.08158995815899582 0.19294117647058823
0 0.17154811715481172 0.45 0.1087866108786611 0.01764705882352941
0 0.3138075313807531 0.4252941176470588 0.06694560669456066 0.029411764705882353
0 0.39748953974895396 0.4223529411764706 0.08786610878661087 0.03058823529411765
0 0.14539748953974896 0.36823529411764705 0.0899581589958159 0.03294117647058824
0 0.5502092050209205 0.3111764705882353 0.2301255230125523 0.03411764705882353
0 0.3472803347280335 0.31470588235294117 0.17154811715481172 0.041176470588235294
0 0.10669456066945607 0.3035294117647059 0.09205020920502092 0.023529411764705882
0 0.6223849372384938 0.12117647058823529 0.027196652719665274 0.18352941176470589
0 0.8096234309623431 0.03588235294117647 0.02510460251046025 0.07176470588235294
0 0.25732217573221755 0.03411764705882353 0.03765690376569038 0.06823529411764706
