0 0.09414225941422594 0.8152941176470588 0.08786610878661087 0.28705882352941176
0 0.8441422594142259 0.6735294117647059 0.1108786610878661 0.012941176470588235
0 0.8410041841004184 0.6029411764705882 0.04184100418410042 0.02
0 0.056485355648535567 0.5682352941176471 0.016736401673640166 0.07058823529411765
0 0.8838912133891214 0.5511764705882353 0.07740585774058577 0.07411764705882352
0 0.5564853556485355 0.34411764705882353 0.17573221757322174 0.04823529411764706
0 0.48640167364016734 0.30941176470588233 0.0397489539748954 0.03764705882352941
0 0.7709205020920502 0.31176470588235294 0.03556485355648536 0.058823529411764705
0 0.8870292887029289 0.09941176470588235 0.0502092050209205 0.015294117647058824
0 0.7939330543933054 0.12411764705882353 0.043933054393305436 0.1588235294117647
0 0.8158995815899581 0.020588235294117647 0.016736401673640166 0.041176470588235294
0 0.4393305439330544 0.09117647058823529 0.03765690376569038 0.18235294117647058
