0 0.04304245283018868 0.8274058577405857 0.0625 0.03138075313807531
0 0.5849056603773585 0.6129707112970711 0.01650943396226415 0.06276150627615062
0 0.036556603773584904 0.4790794979079498 0.07311320754716981 0.09623430962343096
0 0.7399764150943396 0.350418410041841 0.045990566037735846 0.0899581589958159
0 0.7865566037735849 0.2803347280334728 0.08726415094339622 0.1589958158995816
0 0.013561320754716982 0.20502092050209206 0.027122641509433963 0.04184100418410042
0 0.22641509433962265 0.21652719665271966 0.02358490566037736 0.08577405857740586
0 0.09433962264150944 0.14225941422594143 0.02830188679245283 0.04602510460251046
0 0.5247641509433962 0.1087866108786611 0.04245283018867924 0.04184100418410042
0 0.05837264150943396 0.09100418410041841 0.11674528301886793 0.09414225941422594
0 0.3767688679245283 0.02405857740585774 0.03891509433962264 0.01882845188284519
0 0.4699292452830189 0.0700836820083682 0.05778301886792453 0.1401673640167364
0 0.24882075471698112 0.02092050209205021 0.014150943396226415 0.04184100418410042
0 0.14504716981132076 0.030334728033472803 0.0330188679245283 0.060669456066945605
