0 0.9286556603773585 0.9299163179916318 0.031839622641509434 0.03138075313807531
0 0.4675707547169811 0.8399581589958159 0.04363207547169811 0.060669456066945605
0 0.9864386792452831 0.7604602510460251 0.027122641509433963 0.04811715481171548
0 0.9569575471698113 0.6663179916317992 0.0695754716981132 0.13179916317991633
0 0.055424528301886794 0.4801255230125523 0.018867924528301886 0.0397489539748954
0 0.6556603773584906 0.4780334728033473 0.10849056603773585 0.060669456066945605
0 0.9245283018867925 0.4895397489539749 0.09905660377358491 0.11715481171548117
0 0.9156839622641509 0.4194560669456067 0.04363207547169811 0.03556485355648536
0 0.6621462264150944 0.4320083682008368 0.05778301886792453 0.08158995815899582
0 0.9846698113207547 0.35355648535564854 0.030660377358490566 0.04602510460251046
0 0.5324292452830188 0.3294979079497908 0.060141509433962265 0.04811715481171548
0 0.25 0.2834728033472803 0.025943396226415096 0.27824267782426776
0 0.00589622641509434 0.16108786610878661 0.01179245283018868 0.07531380753138076
