0 0.2824267782426778 0.9847058823529412 0.19665271966527198 0.03058823529411765
0 0.8441422594142259 0.9758823529411764 0.3117154811715481 0.04823529411764706
0 0.5345188284518828 0.9476470588235294 0.23221757322175732 0.036470588235294116
0 0.14853556485355648 0.9464705882352941 0.28451882845188287 0.04588235294117647
0 0.48430962343096234 0.9341176470588235 0.8891213389121339 0.13176470588235295
0 0.5700836820083682 0.8817647058823529 0.2280334728033473 0.041176470588235294
0 0.5606694560669456 0.8447058823529412 0.20502092050209206 0.03294117647058824
0 0.06694560669456066 0.7835294117647059 0.07531380753138076 0.03764705882352941
0 0.41736401673640167 0.43 0.5585774058577406 0.036470588235294116
0 0.9257322175732218 0.08 0.14853556485355648 0.08941176470588236
0 0.1412133891213389 0.021176470588235293 0.10251046025104603 0.018823529411764704
