0 0.7071129707112971 0.8858823529411765 0.04602510460251046 0.023529411764705882
0 0.7552301255230126 0.8658823529411764 0.0502092050209205 0.04
0 0.7981171548117155 0.76 0.03138075313807531 0.06823529411764706
0 0.8535564853556485 0.7705882352941177 0.11715481171548117 0.10823529411764705
0 0.9309623430962343 0.7123529411764706 0.13807531380753138 0.02235294117647059
0 0.1192468619246862 0.4588235294117647 0.2384937238493724 0.047058823529411764
0 0.9236401673640168 0.4423529411764706 0.15271966527196654 0.10823529411764705
0 0.2102510460251046 0.37176470588235294 0.060669456066945605 0.0611764705882353
0 0.12343096234309624 0.2811764705882353 0.04602510460251046 0.047058823529411764
0 0.2186192468619247 0.2752941176470588 0.043933054393305436 0.047058823529411764
0 0.6527196652719666 0.2711764705882353 0.08368200836820083 0.041176470588235294
0 0.6527196652719666 0.2752941176470588 0.12133891213389121 0.07058823529411765
0 0.6391213389121339 0.18764705882352942 0.0899581589958159 0.04352941176470588
0 0.7186192468619247 0.18411764705882352 0.12343096234309624 0.04823529411764706
0 0.9246861924686193 0.1111764705882353 0.11715481171548117 0.015294117647058824
0 0.8650627615062761 0.018823529411764704 0.043933054393305436 0.03764705882352941
0 0.7426778242677824 0.022941176470588236 0.16317991631799164 0.04588235294117647
0 0.18305439330543932 0.014705882352941176 0.056485355648535567 0.029411764705882353
