0 0.7196652719665272 0.8994117647058824 0.07531380753138076 0.09294117647058824
0 0.3263598326359833 0.7552941176470588 0.0502092050209205 0.02823529411764706
0 0.45502092050209203 0.7088235294117647 0.06485355648535565 0.06470588235294118
0 0.3200836820083682 0.6882352941176471 0.04602510460251046 0.04
0 0.9058577405857741 0.6264705882352941 0.13389121338912133 0.027058823529411764
0 0.5407949790794979 0.6405882352941177 0.056485355648535567 0.06470588235294118
0 0.48430962343096234 0.6376470588235295 0.06485355648535565 0.06352941176470588
0 0.3713389121338912 0.6317647058823529 0.06485355648535565 0.06352941176470588
0 0.9414225941422594 0.48294117647058826 0.11715481171548117 0.12117647058823529
0 0.7813807531380753 0.5147058823529411 0.12343096234309624 0.19647058823529412
0 0.6370292887029289 0.3476470588235294 0.18619246861924685 0.06705882352941177
0 0.3514644351464435 0.32588235294117646 0.058577405857740586 0.042352941176470586
0 0.01778242677824268 0.2917647058823529 0.03556485355648536 0.07058823529411765
