0 0.6580188679245284 0.8713389121338913 0.0589622641509434 0.06485355648535565
0 0.6869103773584906 0.8598326359832636 0.0625 0.07531380753138076
0 0.7364386792452831 0.7834728033472803 0.05306603773584906 0.06485355648535565
0 0.7270047169811321 0.7771966527196653 0.06721698113207547 0.07322175732217573
0 0.7275943396226415 0.7426778242677824 0.1391509433962264 0.12133891213389121
0 0.9887971698113207 0.7102510460251046 0.02240566037735849 0.06903765690376569
0 0.027122641509433963 0.6809623430962343 0.02830188679245283 0.1108786610878661
0 0.14504716981132076 0.6997907949790795 0.01650943396226415 0.19456066945606695
0 0.9834905660377359 0.5094142259414226 0.0330188679245283 0.09414225941422594
0 0.2270047169811321 0.4121338912133891 0.09316037735849056 0.06694560669456066
0 0.22346698113207547 0.348326359832636 0.09316037735849056 0.06485355648535565
0 0.18691037735849056 0.28661087866108786 0.02240566037735849 0.058577405857740586
0 0.21108490566037735 0.11610878661087866 0.025943396226415096 0.0397489539748954
0 0.018278301886792452 0.100418410041841 0.0294811320754717 0.12552301255230125
0 0.3873820754716981 0.03347280334728033 0.01061320754716981 0.06694560669456066
0 0.33667452830188677 0.015690376569037656 0.03419811320754717 0.03138075313807531
