0 0.4100418410041841 0.9811764705882353 0.11715481171548117 0.01411764705882353
0 0.6548117154811716 0.9452941176470588 0.17573221757322174 0.06705882352941177
0 0.5648535564853556 0.91 0.2175732217573222 0.13058823529411764
0 0.7531380753138075 0.8394117647058823 0.1589958158995816 0.10470588235294118
0 0.37656903765690375 0.7752941176470588 0.058577405857740586 0.021176470588235293
0 0.852510460251046 0.7341176470588235 0.027196652719665274 0.07529411764705882
0 0.19874476987447698 0.6729411764705883 0.03347280334728033 0.02588235294117647
0 0.8211297071129707 0.7164705882352941 0.04811715481171548 0.16
0 0.3138075313807531 0.49823529411764705 0.12133891213389121 0.03411764705882353
0 0.9539748953974896 0.36764705882352944 0.09205020920502092 0.10941176470588235
0 0.6935146443514645 0.18764705882352942 0.17782426778242677 0.05058823529411765
0 0.9435146443514645 0.1952941176470588 0.09623430962343096 0.13647058823529412
0 0.6286610878661087 0.14058823529411765 0.04811715481171548 0.04588235294117647
0 0.9435146443514645 0.08176470588235295 0.11297071129707113 0.04823529411764706
0 0.14225941422594143 0.011764705882352941 0.28451882845188287 0.023529411764705882
