0 0.5 0.9748953974895398 1.0 0.029288702928870293
0 0.2847877358490566 0.895397489539749 0.4068396226415094 0.012552301255230125
0 0.7759433962264151 0.8807531380753139 0.12735849056603774 0.008368200836820083
0 0.96875 0.8043933054393305 0.0625 0.09414225941422594
0 0.9209905660377359 0.6338912133891214 0.01179245283018868 0.09623430962343096
0 0.020047169811320754 0.5428870292887029 0.04009433962264151 0.27405857740585776
0 0.8142688679245284 0.22071129707112971 0.09316037735849056 0.06485355648535565
0 0.7193396226415094 0.22071129707112971 0.08726415094339622 0.06485355648535565
0 0.6816037735849056 0.22071129707112971 0.025943396226415096 0.06485355648535565
0 0.6810141509433962 0.08891213389121339 0.020047169811320754 0.07322175732217573
