0 0.6780660377358491 0.9058577405857741 0.09669811320754718 0.058577405857740586
0 0.7494103773584906 0.8368200836820083 0.05070754716981132 0.02510460251046025
0 0.5265330188679245 0.8305439330543933 0.07900943396226415 0.20920502092050208
0 0.9575471698113207 0.8106694560669456 0.08490566037735849 0.17364016736401675
0 0.04068396226415094 0.7144351464435147 0.08136792452830188 0.08158995815899582
0 0.6880896226415094 0.6820083682008368 0.2346698113207547 0.04602510460251046
0 0.9433962264150944 0.5156903765690377 0.07311320754716981 0.1192468619246862
0 0.8626179245283019 0.4895397489539749 0.060141509433962265 0.12133891213389121
0 0.9917452830188679 0.36506276150627615 0.01650943396226415 0.0397489539748954
0 0.933372641509434 0.2583682008368201 0.045990566037735846 0.0397489539748954
0 0.9758254716981132 0.3138075313807531 0.04834905660377359 0.18828451882845187
0 0.9168632075471698 0.2186192468619247 0.041273584905660375 0.043933054393305436
0 0.6391509433962265 0.20292887029288703 0.3632075471698113 0.03765690376569038
0 0.8567216981132075 0.19665271966527198 0.027122641509433963 0.058577405857740586
0 0.6055424528301887 0.14958158995815898 0.04834905660377359 0.01882845188284519
0 0.6379716981132075 0.1694560669456067 0.11084905660377359 0.06694560669456066
0 0.7547169811320755 0.16631799163179917 0.11320754716981132 0.06485355648535565
0 0.07311320754716981 0.12866108786610878 0.08726415094339622 0.01882845188284519
0 0.5890330188679245 0.07845188284518828 0.09316037735849056 0.08577405857740586
0 0.46875 0.06903765690376569 0.08372641509433962 0.09205020920502092
0 0.6527122641509434 0.036610878661087864 0.02240566037735849 0.07322175732217573
0 0.43278301886792453 0.02405857740585774 0.025943396226415096 0.04811715481171548
0 0.28596698113207547 0.02301255230125523 0.02240566037735849 0.04602510460251046
