0 0.06276150627615062 0.9770588235294118 0.11297071129707113 0.04588235294117647
0 0.8922594142259415 0.7952941176470588 0.15271966527196654 0.04
0 0.8744769874476988 0.6717647058823529 0.17573221757322174 0.07058823529411765
0 0.9100418410041841 0.5794117647058824 0.0794979079497908 0.024705882352941175
0 0.8315899581589958 0.5094117647058823 0.0397489539748954 0.01647058823529412
0 0.02615062761506276 0.3558823529411765 0.014644351464435146 0.08588235294117647
0 0.9822175732217573 0.3247058823529412 0.03556485355648536 0.03529411764705882
0 0.26673640167364016 0.31470588235294117 0.043933054393305436 0.08352941176470588
0 0.5627615062761506 0.21764705882352942 0.07531380753138076 0.03058823529411765
0 0.9079497907949791 0.2023529411764706 0.07531380753138076 0.03764705882352941
0 0.9811715481171548 0.1811764705882353 0.03765690376569038 0.047058823529411764
0 0.47175732217573224 0.15941176470588236 0.07322175732217573 0.06235294117647059
0 0.9079497907949791 0.13176470588235295 0.04602510460251046 0.01647058823529412
0 0.5732217573221757 0.18470588235294116 0.3179916317991632 0.14588235294117646
0 0.9476987447698745 0.060588235294117644 0.10460251046025104 0.024705882352941175
0 0.9497907949790795 0.02176470588235294 0.100418410041841 0.03176470588235294
