0 0.5 0.9801255230125523 1.0 0.027196652719665274
0 0.36615566037735847 0.8985355648535565 0.5436320754716981 0.014644351464435146
0 0.7676886792452831 0.8859832635983264 0.18396226415094338 0.010460251046025104
0 0.9758254716981132 0.799163179916318 0.04834905660377359 0.10460251046025104
0 0.9369103773584906 0.6359832635983264 0.012971698113207548 0.09623430962343096
0 0.030070754716981132 0.5460251046025104 0.041273584905660375 0.2719665271966527
0 0.8284198113207547 0.22071129707112971 0.09316037735849056 0.06485355648535565
0 0.7329009433962265 0.22071129707112971 0.08844339622641509 0.06485355648535565
0 0.6945754716981132 0.22071129707112971 0.025943396226415096 0.06485355648535565
0 0.6945754716981132 0.08891213389121339 0.02122641509433962 0.07322175732217573
