0 0.17677824267782427 0.9494117647058824 0.06485355648535565 0.03529411764705882
0 0.04602510460251046 0.6929411764705883 0.09205020920502092 0.07294117647058823
0 0.03347280334728033 0.5676470588235294 0.06694560669456066 0.041176470588235294
0 0.04184100418410042 0.5147058823529411 0.058577405857740586 0.03176470588235294
0 0.02405857740585774 0.39235294117647057 0.04811715481171548 0.03176470588235294
0 0.22698744769874477 0.2076470588235294 0.07322175732217573 0.027058823529411764
0 0.27615062761506276 0.17823529411764705 0.1589958158995816 0.10470588235294118
0 0.301255230125523 0.16411764705882353 0.08368200836820083 0.11176470588235295
0 0.027196652719665274 0.05411764705882353 0.05439330543933055 0.08235294117647059
0 0.2803347280334728 0.00823529411764706 0.11715481171548117 0.01647058823529412
