0 0.891213389121339 0.9729411764705882 0.2175732217573222 0.05411764705882353
0 0.9686192468619247 0.9564705882352941 0.06276150627615062 0.03294117647058824
0 0.5742677824267782 0.9258823529411765 0.3577405857740586 0.004705882352941176
0 0.8797071129707112 0.9117647058823529 0.06485355648535565 0.018823529411764704
0 0.5972803347280334 0.8423529411764706 0.060669456066945605 0.03058823529411765
0 0.7269874476987448 0.63 0.09832635983263599 0.05764705882352941
0 0.752092050209205 0.5241176470588236 0.16527196652719664 0.04588235294117647
0 0.6841004184100419 0.3423529411764706 0.17154811715481172 0.011764705882352941
0 0.3577405857740586 0.35823529411764704 0.07531380753138076 0.04352941176470588
0 0.08682008368200837 0.36176470588235293 0.09414225941422594 0.06470588235294118
0 0.44037656903765693 0.33705882352941174 0.07322175732217573 0.05058823529411765
0 0.5073221757322176 0.3270588235294118 0.056485355648535567 0.047058823529411764
0 0.5658995815899581 0.30823529411764705 0.04811715481171548 0.023529411764705882
0 0.6297071129707112 0.31176470588235294 0.06276150627615062 0.04470588235294118
0 0.6872384937238494 0.31 0.04811715481171548 0.04352941176470588
0 0.75 0.3058823529411765 0.060669456066945605 0.04470588235294118
