0 0.013598326359832637 0.9147058823529411 0.027196652719665274 0.10705882352941176
0 0.8650627615062761 0.6029411764705882 0.14853556485355648 0.01764705882352941
0 0.8148535564853556 0.5317647058823529 0.06903765690376569 0.018823529411764704
0 0.8629707112970711 0.4976470588235294 0.060669456066945605 0.04
0 0.4205020920502092 0.2605882352941176 0.04602510460251046 0.04352941176470588
0 0.9497907949790795 0.22411764705882353 0.100418410041841 0.02
0 0.8462343096234309 0.21764705882352942 0.09414225941422594 0.011764705882352941
0 0.7144351464435147 0.24823529411764705 0.056485355648535567 0.08
0 0.348326359832636 0.20529411764705882 0.20711297071129708 0.041176470588235294
0 0.0794979079497908 0.18529411764705883 0.1589958158995816 0.029411764705882353
0 0.8158995815899581 0.009411764705882352 0.08368200836820083 0.018823529411764704
0 0.7332635983263598 0.06411764705882353 0.027196652719665274 0.12823529411764706
0 0.3577405857740586 0.054705882352941174 0.03765690376569038 0.10941176470588235
