0 0.09623430962343096 0.8247058823529412 0.08368200836820083 0.2752941176470588
0 0.8797071129707112 0.67 0.1192468619246862 0.012941176470588235
0 0.8274058577405857 0.5976470588235294 0.06903765690376569 0.018823529411764704
0 0.8410041841004184 0.5529411764705883 0.06694560669456066 0.009411764705882352
0 0.100418410041841 0.5723529411764706 0.012552301255230125 0.06470588235294118
0 0.8838912133891214 0.5452941176470588 0.07322175732217573 0.07411764705882352
0 0.5585774058577406 0.37058823529411766 0.07112970711297072 0.03529411764705882
0 0.6359832635983264 0.36470588235294116 0.10460251046025104 0.03294117647058824
0 0.016736401673640166 0.3247058823529412 0.03347280334728033 0.02588235294117647
0 0.8598326359832636 0.28705882352941176 0.1297071129707113 0.01647058823529412
0 0.7688284518828452 0.2958823529411765 0.03138075313807531 0.03882352941176471
0 0.600418410041841 0.28 0.07112970711297072 0.02588235294117647
0 0.7834728033472803 0.14529411764705882 0.027196652719665274 0.10705882352941176
0 0.8849372384937239 0.09294117647058824 0.04602510460251046 0.01411764705882353
0 0.4361924686192469 0.08764705882352941 0.0397489539748954 0.17529411764705882
