0 0.34414225941422594 0.9364705882352942 0.49581589958158995 0.07058823529411765
0 0.6705020920502092 0.9 0.16108786610878661 0.04941176470588235
0 0.6788702928870293 0.8835294117647059 0.18619246861924685 0.04941176470588235
0 0.07112970711297072 0.9058823529411765 0.05439330543933055 0.10588235294117647
0 0.8389121338912134 0.7841176470588235 0.1087866108786611 0.10235294117647059
0 0.9278242677824268 0.7182352941176471 0.14435146443514643 0.024705882352941175
0 0.15690376569037656 0.46294117647058824 0.3138075313807531 0.04823529411764706
0 0.9341004184100419 0.44882352941176473 0.13179916317991633 0.10705882352941176
0 0.009414225941422594 0.4164705882352941 0.01882845188284519 0.04941176470588235
0 0.11401673640167365 0.3347058823529412 0.2280334728033473 0.01764705882352941
0 0.6872384937238494 0.2994117647058824 0.07740585774058577 0.04352941176470588
0 0.6328451882845189 0.30117647058823527 0.21548117154811716 0.06352941176470588
0 0.17782426778242677 0.29294117647058826 0.04184100418410042 0.047058823529411764
0 0.26778242677824265 0.28941176470588237 0.04602510460251046 0.047058823529411764
0 0.30857740585774057 0.28352941176470586 0.043933054393305436 0.04470588235294118
0 0.4131799163179916 0.2735294117647059 0.043933054393305436 0.04588235294117647
0 0.7196652719665272 0.21764705882352942 0.1589958158995816 0.042352941176470586
