0 0.7646443514644351 0.8141176470588235 0.03556485355648536 0.13411764705882354
0 0.5564853556485355 0.7 0.3723849372384937 0.03058823529411765
0 0.5167364016736402 0.6911764705882353 0.2803347280334728 0.02235294117647059
0 0.3723849372384937 0.46058823529411763 0.02092050209205021 0.02
0 0.3075313807531381 0.43117647058823527 0.02092050209205021 0.02
0 0.3922594142259414 0.43 0.02301255230125523 0.02
0 0.3577405857740586 0.43058823529411766 0.02092050209205021 0.021176470588235293
0 0.5679916317991632 0.39647058823529413 0.02301255230125523 0.021176470588235293
0 0.5146443514644351 0.39647058823529413 0.02092050209205021 0.021176470588235293
0 0.696652719665272 0.3952941176470588 0.02092050209205021 0.021176470588235293
0 0.47280334728033474 0.2958823529411765 0.5606694560669456 0.13529411764705881
0 0.5732217573221757 0.10058823529411764 0.0502092050209205 0.04588235294117647
0 0.6464435146443515 0.12529411764705883 0.2301255230125523 0.10941176470588235
0 0.9058577405857741 0.09058823529411765 0.02092050209205021 0.13176470588235295
