0 0.16736401673640167 0.9123529411764706 0.24686192468619247 0.029411764705882353
0 0.3054393305439331 0.9464705882352941 0.13807531380753138 0.10705882352941176
0 0.7269874476987448 0.8141176470588235 0.056485355648535567 0.01647058823529412
0 0.7384937238493724 0.77 0.03347280334728033 0.024705882352941175
0 0.8462343096234309 0.7658823529411765 0.03556485355648536 0.02588235294117647
0 0.7740585774058577 0.7664705882352941 0.03347280334728033 0.027058823529411764
0 0.8075313807531381 0.7629411764705882 0.03347280334728033 0.027058823529411764
0 0.7332635983263598 0.5635294117647058 0.1903765690376569 0.11058823529411765
0 0.8765690376569037 0.5535294117647059 0.13807531380753138 0.09294117647058824
0 0.6213389121338913 0.5035294117647059 0.17154811715481172 0.05176470588235294
0 0.1997907949790795 0.4811764705882353 0.043933054393305436 0.05647058823529412
0 0.3043933054393305 0.4747058823529412 0.07740585774058577 0.052941176470588235
0 0.38284518828451886 0.4676470588235294 0.07112970711297072 0.052941176470588235
0 0.45188284518828453 0.4623529411764706 0.07531380753138076 0.05176470588235294
0 0.36715481171548114 0.4188235294117647 0.13598326359832635 0.03058823529411765
0 0.7018828451882845 0.05647058823529412 0.0397489539748954 0.11294117647058824
