0 0.3002092050209205 0.8652941176470588 0.25313807531380755 0.010588235294117647
0 0.27405857740585776 0.8423529411764706 0.04602510460251046 0.01411764705882353
0 0.4445606694560669 0.83 0.23640167364016737 0.03176470588235294
0 0.7416317991631799 0.78 0.13179916317991633 0.06823529411764706
0 0.7112970711297071 0.7447058823529412 0.17573221757322174 0.04941176470588235
0 0.08577405857740586 0.7170588235294117 0.17154811715481172 0.29058823529411765
0 0.8713389121338913 0.5076470588235295 0.25732217573221755 0.05529411764705883
0 0.6391213389121339 0.37941176470588234 0.09832635983263599 0.03882352941176471
0 0.604602510460251 0.29411764705882354 0.17573221757322174 0.03058823529411765
0 0.4571129707112971 0.19411764705882353 0.04811715481171548 0.03058823529411765
0 0.9048117154811716 0.19 0.07740585774058577 0.14705882352941177
0 0.4351464435146444 0.07470588235294118 0.058577405857740586 0.03176470588235294
0 0.2217573221757322 0.10176470588235294 0.17154811715481172 0.15176470588235294
