0 0.1307531380753138 0.7458823529411764 0.0397489539748954 0.1388235294117647
0 0.797071129707113 0.6364705882352941 0.05439330543933055 0.021176470588235293
0 0.09728033472803348 0.5735294117647058 0.05230125523012552 0.09294117647058824
0 0.9341004184100419 0.3558823529411765 0.13179916317991633 0.06941176470588235
0 0.6663179916317992 0.27294117647058824 0.16527196652719664 0.03529411764705882
0 0.07845188284518828 0.13176470588235295 0.15690376569037656 0.08235294117647059
0 0.4006276150627615 0.07 0.03556485355648536 0.02235294117647059
0 0.2824267782426778 0.11647058823529412 0.18410041841004185 0.12
0 0.47594142259414224 0.060588235294117644 0.09832635983263599 0.03176470588235294
0 0.700836820083682 0.0688235294117647 0.100418410041841 0.05529411764705883
0 0.5460251046025104 0.08647058823529412 0.07531380753138076 0.12823529411764706
0 0.6715481171548117 0.02588235294117647 0.14644351464435146 0.05176470588235294
