0 0.9382845188284519 0.9776470588235294 0.12343096234309624 0.04470588235294118
0 0.9581589958158996 0.7694117647058824 0.07531380753138076 0.02588235294117647
0 0.5805439330543933 0.8270588235294117 0.14435146443514643 0.14352941176470588
0 0.8096234309623431 0.75 0.03765690376569038 0.015294117647058824
0 0.7050209205020921 0.8382352941176471 0.03765690376569038 0.2223529411764706
0 0.6464435146443515 0.7288235294117648 0.03347280334728033 0.02
0 0.301255230125523 0.7329411764705882 0.1087866108786611 0.07764705882352942
0 0.20292887029288703 0.5952941176470589 0.016736401673640166 0.10823529411764705
0 0.7635983263598326 0.5941176470588235 0.07112970711297072 0.13411764705882354
0 0.17573221757322174 0.4588235294117647 0.03347280334728033 0.03058823529411765
0 0.27510460251046026 0.3205882352941177 0.027196652719665274 0.04352941176470588
0 0.02092050209205021 0.30823529411764705 0.04184100418410042 0.03058823529411765
0 0.8755230125523012 0.2958823529411765 0.1192468619246862 0.04588235294117647
0 0.9320083682008368 0.2723529411764706 0.08158995815899582 0.010588235294117647
0 0.29811715481171547 0.2876470588235294 0.06485355648535565 0.0976470588235294
0 0.7887029288702929 0.24 0.07112970711297072 0.02823529411764706
0 0.05753138075313807 0.2411764705882353 0.11506276150627615 0.1011764705882353
0 0.34309623430962344 0.2647058823529412 0.008368200836820083 0.16705882352941176
0 0.29916317991631797 0.2023529411764706 0.07112970711297072 0.06588235294117648
0 0.7604602510460251 0.17352941176470588 0.03556485355648536 0.07647058823529412
0 0.3002092050209205 0.1476470588235294 0.06903765690376569 0.03411764705882353
0 0.9728033472803347 0.13294117647058823 0.05439330543933055 0.021176470588235293
0 0.47175732217573224 0.12588235294117647 0.10669456066945607 0.011764705882352941
0 0.24476987447698745 0.09647058823529411 0.05439330543933055 0.01647058823529412
0 0.9539748953974896 0.0711764705882353 0.09205020920502092 0.036470588235294116
0 0.1307531380753138 0.061764705882352944 0.043933054393305436 0.03411764705882353
0 0.34414225941422594 0.07941176470588235 0.04811715481171548 0.07411764705882352
0 0.9654811715481172 0.05176470588235294 0.06903765690376569 0.03764705882352941
0 0.8242677824267782 0.026470588235294117 0.2175732217573222 0.052941176470588235
