0 0.5941422594142259 0.8523529411764705 0.11297071129707113 0.027058823529411764
0 0.41631799163179917 0.7041176470588235 0.06276150627615062 0.05764705882352941
0 0.401673640167364 0.6458823529411765 0.4393305439330544 0.04941176470588235
0 0.4194560669456067 0.4752941176470588 0.16108786610878661 0.06352941176470588
0 0.7604602510460251 0.39294117647058824 0.027196652719665274 0.03058823529411765
0 0.7280334728033473 0.39294117647058824 0.03347280334728033 0.03058823529411765
0 0.5669456066945606 0.39235294117647057 0.06276150627615062 0.029411764705882353
0 0.44037656903765693 0.39176470588235296 0.03556485355648536 0.02823529411764706
0 0.27405857740585776 0.3911764705882353 0.029288702928870293 0.027058823529411764
0 0.49372384937238495 0.44176470588235295 0.6359832635983264 0.15411764705882353
0 0.8085774058577406 0.3164705882352941 0.10669456066945607 0.09647058823529411
0 0.9832635983263598 0.22176470588235295 0.03347280334728033 0.06941176470588235
0 0.9152719665271967 0.15764705882352942 0.1694560669456067 0.04941176470588235
0 0.8127615062761506 0.17705882352941177 0.27824267782426776 0.08823529411764706
0 0.5387029288702929 0.12823529411764706 0.06485355648535565 0.04941176470588235
0 0.9173640167364017 0.11588235294117646 0.16527196652719664 0.04588235294117647
0 0.3294979079497908 0.05647058823529412 0.11506276150627615 0.018823529411764704
0 0.12343096234309624 0.04941176470588235 0.24686192468619247 0.009411764705882352
