0 0.45292887029288703 0.6858823529411765 0.17364016736401675 0.02588235294117647
0 0.6610878661087866 0.6694117647058824 0.16317991631799164 0.01647058823529412
0 0.6569037656903766 0.6264705882352941 0.10460251046025104 0.03176470588235294
0 0.3817991631799163 0.6123529411764705 0.07740585774058577 0.041176470588235294
0 0.8430962343096234 0.5735294117647058 0.03347280334728033 0.02235294117647059
0 0.26464435146443516 0.5623529411764706 0.06903765690376569 0.04
0 0.05753138075313807 0.5547058823529412 0.11506276150627615 0.027058823529411764
0 0.5334728033472803 0.5347058823529411 0.04184100418410042 0.03176470588235294
0 0.35564853556485354 0.5317647058823529 0.07112970711297072 0.05411764705882353
0 0.4299163179916318 0.5111764705882353 0.0397489539748954 0.027058823529411764
0 0.9006276150627615 0.21470588235294116 0.19874476987447698 0.05529411764705883
0 0.948744769874477 0.16 0.03138075313807531 0.01411764705882353
0 0.6799163179916318 0.13058823529411764 0.07531380753138076 0.04470588235294118
0 0.13179916317991633 0.02588235294117647 0.04602510460251046 0.042352941176470586
