0 0.17154811715481172 0.9664705882352941 0.1506276150627615 0.06705882352941177
0 0.5617154811715481 0.9329411764705883 0.043933054393305436 0.018823529411764704
0 0.6663179916317992 0.6794117647058824 0.1108786610878661 0.06235294117647059
0 0.6914225941422594 0.5623529411764706 0.18200836820083682 0.05176470588235294
0 0.04602510460251046 0.49117647058823527 0.029288702928870293 0.027058823529411764
0 0.5899581589958159 0.35823529411764704 0.26359832635983266 0.02
0 0.27824267782426776 0.36176470588235293 0.09205020920502092 0.06470588235294118
0 0.3619246861924686 0.34705882352941175 0.0794979079497908 0.05647058823529412
0 0.4330543933054393 0.34 0.0502092050209205 0.04470588235294118
0 0.6317991631799164 0.31941176470588234 0.0502092050209205 0.03411764705882353
0 0.7018828451882845 0.3129411764705882 0.06903765690376569 0.05176470588235294
0 0.48430962343096234 0.25058823529411767 0.16527196652719664 0.03764705882352941
0 0.6579497907949791 0.24588235294117647 0.1694560669456067 0.03764705882352941
0 0.009414225941422594 0.22470588235294117 0.01882845188284519 0.12
