0 0.19339622641509435 0.9267782426778243 0.054245283018867926 0.0794979079497908
0 0.3720518867924528 0.9121338912133892 0.05306603773584906 0.06276150627615062
0 0.7004716981132075 0.899581589958159 0.1179245283018868 0.05439330543933055
0 0.08136792452830188 0.8807531380753139 0.09198113207547169 0.11715481171548117
0 0.2936320754716981 0.8357740585774058 0.0589622641509434 0.03138075313807531
0 0.47877358490566035 0.8158995815899581 0.0660377358490566 0.08368200836820083
0 0.7158018867924528 0.8064853556485355 0.04716981132075472 0.06903765690376569
0 0.6108490566037735 0.8315899581589958 0.08490566037735849 0.13179916317991633
0 0.6444575471698113 0.698744769874477 0.045990566037735846 0.05439330543933055
0 0.7317216981132075 0.6956066945606695 0.055424528301886794 0.07322175732217573
0 0.8620283018867925 0.49267782426778245 0.030660377358490566 0.03556485355648536
0 0.9929245283018868 0.3619246861924686 0.014150943396226415 0.05439330543933055
0 0.7323113207547169 0.3514644351464435 0.09433962264150944 0.06694560669456066
0 0.7358490566037735 0.28556485355648537 0.09433962264150944 0.06485355648535565
0 0.9262971698113207 0.07740585774058577 0.04834905660377359 0.04184100418410042
0 0.8089622641509434 0.08158995815899582 0.04245283018867924 0.10460251046025104
0 0.2918632075471698 0.049163179916317995 0.06721698113207547 0.043933054393305436
0 0.5035377358490566 0.058577405857740586 0.03537735849056604 0.06694560669456066
0 0.6597877358490566 0.04497907949790795 0.09080188679245282 0.0899581589958159
0 0.4498820754716981 0.05230125523012552 0.06721698113207547 0.10460251046025104
0 0.40035377358490565 0.04602510460251046 0.041273584905660375 0.09205020920502092
0 0.3720518867924528 0.03138075313807531 0.03891509433962264 0.06276150627615062
