0 0.6244769874476988 0.9835294117647059 0.22384937238493724 0.03294117647058824
0 0.1506276150627615 0.9764705882352941 0.19246861924686193 0.047058823529411764
0 0.26778242677824265 0.8588235294117647 0.04184100418410042 0.05411764705882353
0 0.5564853556485355 0.75 0.029288702928870293 0.01764705882352941
0 0.6182008368200836 0.72 0.03138075313807531 0.01647058823529412
0 0.5596234309623431 0.7176470588235294 0.03138075313807531 0.01647058823529412
0 0.5271966527196653 0.6735294117647059 0.2594142259414226 0.052941176470588235
0 0.7834728033472803 0.6464705882352941 0.03556485355648536 0.024705882352941175
0 0.7782426778242678 0.6376470588235295 0.11715481171548117 0.058823529411764705
0 0.5271966527196653 0.6 0.24686192468619247 0.023529411764705882
0 0.1903765690376569 0.5923529411764706 0.3807531380753138 0.012941176470588235
0 0.8043933054393305 0.5941176470588235 0.05230125523012552 0.023529411764705882
0 0.7489539748953975 0.5929411764705882 0.0502092050209205 0.023529411764705882
0 0.895397489539749 0.27058823529411763 0.16317991631799164 0.05411764705882353
0 0.6464435146443515 0.2747058823529412 0.14644351464435146 0.09294117647058824
0 0.3514644351464435 0.23705882352941177 0.14644351464435146 0.041176470588235294
0 0.2594142259414226 0.2323529411764706 0.04602510460251046 0.04823529411764706
0 0.20606694560669456 0.15 0.17782426778242677 0.04352941176470588
0 0.2102510460251046 0.10764705882352942 0.17782426778242677 0.04352941176470588
0 0.8389121338912134 0.10941176470588235 0.03347280334728033 0.07058823529411765
0 0.14853556485355648 0.0611764705882353 0.0502092050209205 0.03764705882352941
0 0.4602510460251046 0.021176470588235293 0.2384937238493724 0.042352941176470586
