0 0.42629716981132076 0.8629707112970711 0.12382075471698113 0.05230125523012552
0 0.6939858490566038 0.6809623430962343 0.02240566037735849 0.060669456066945605
0 0.7163915094339622 0.6757322175732218 0.020047169811320754 0.058577405857740586
0 0.9150943396226415 0.5198744769874477 0.03537735849056604 0.043933054393305436
0 0.17747641509433962 0.28661087866108786 0.027122641509433963 0.06694560669456066
0 0.32016509433962265 0.27824267782426776 0.09787735849056604 0.06694560669456066
0 0.4180424528301887 0.2730125523012552 0.09080188679245282 0.06485355648535565
0 0.47523584905660377 0.18828451882845187 0.0589622641509434 0.02510460251046025
0 0.9504716981132075 0.19874476987447698 0.04245283018867924 0.09205020920502092
0 0.7647405660377359 0.15585774058577406 0.03891509433962264 0.0397489539748954
0 0.14504716981132076 0.14853556485355648 0.20047169811320756 0.11297071129707113
0 0.6373820754716981 0.12866108786610878 0.1615566037735849 0.10251046025104603
0 0.9829009433962265 0.01778242677824268 0.03419811320754717 0.03556485355648536
