0 0.5135983263598326 0.8594117647058823 0.1694560669456067 0.03411764705882353
0 0.06171548117154812 0.6858823529411765 0.06485355648535565 0.03294117647058824
0 0.32217573221757323 0.5647058823529412 0.03765690376569038 0.03058823529411765
0 0.4497907949790795 0.5605882352941176 0.1087866108786611 0.06235294117647059
0 0.6924686192468619 0.2311764705882353 0.11297071129707113 0.029411764705882353
0 0.4372384937238494 0.20352941176470588 0.02510460251046025 0.021176470588235293
0 0.3797071129707113 0.20352941176470588 0.027196652719665274 0.021176470588235293
0 0.3472803347280335 0.20294117647058824 0.02510460251046025 0.02
0 0.27405857740585776 0.20352941176470588 0.100418410041841 0.021176470588235293
0 0.20920502092050208 0.20352941176470588 0.029288702928870293 0.021176470588235293
0 0.40481171548117156 0.17058823529411765 0.060669456066945605 0.021176470588235293
0 0.08891213389121339 0.11705882352941177 0.15271966527196654 0.05058823529411765
0 0.551255230125523 0.08647058823529412 0.18200836820083682 0.024705882352941175
0 0.07740585774058577 0.07764705882352942 0.15481171548117154 0.023529411764705882
0 0.07740585774058577 0.06 0.15481171548117154 0.018823529411764704
