0 0.49372384937238495 0.8194117647058824 0.2594142259414226 0.12117647058823529
0 0.16108786610878661 0.6976470588235294 0.07531380753138076 0.03058823529411765
0 0.9895397489539749 0.5964705882352941 0.02092050209205021 0.04470588235294118
0 0.19769874476987448 0.5594117647058824 0.0899581589958159 0.052941176470588235
0 0.36401673640167365 0.5488235294117647 0.08786610878661087 0.04823529411764706
0 0.28556485355648537 0.5505882352941176 0.08577405857740586 0.05176470588235294
0 0.10564853556485355 0.5588235294117647 0.09832635983263599 0.07058823529411765
0 0.4560669456066946 0.5435294117647059 0.09623430962343096 0.06588235294117648
0 0.5805439330543933 0.5429411764705883 0.18619246861924685 0.06705882352941177
0 0.4445606694560669 0.5152941176470588 0.03138075313807531 0.01647058823529412
0 0.29707112970711297 0.5035294117647059 0.058577405857740586 0.023529411764705882
0 0.9497907949790795 0.5023529411764706 0.100418410041841 0.1223529411764706
0 0.4592050209205021 0.27294117647058824 0.0397489539748954 0.021176470588235293
0 0.7092050209205021 0.27294117647058824 0.18828451882845187 0.04470588235294118
0 0.3023012552301255 0.15941176470588236 0.1192468619246862 0.024705882352941175
0 0.48221757322175735 0.15176470588235294 0.2615062761506276 0.08235294117647059
0 0.9089958158995816 0.09647058823529411 0.03138075313807531 0.01647058823529412
0 0.8023012552301255 0.11411764705882353 0.16108786610878661 0.07058823529411765
0 0.29497907949790797 0.0811764705882353 0.08368200836820083 0.06823529411764706
0 0.8650627615062761 0.028823529411764706 0.1401673640167364 0.03176470588235294
0 0.4351464435146444 0.04588235294117647 0.12133891213389121 0.08
0 0.25627615062761505 0.02235294117647059 0.07322175732217573 0.03764705882352941
0 0.7426778242677824 0.012352941176470587 0.04184100418410042 0.024705882352941175
