0 0.7646443514644351 0.9505882352941176 0.4707112970711297 0.06352941176470588
0 0.7039748953974896 0.9105882352941177 0.07740585774058577 0.011764705882352941
0 0.7154811715481172 0.8941176470588236 0.06694560669456066 0.01411764705882353
0 0.4194560669456067 0.8694117647058823 0.027196652719665274 0.02823529411764706
0 0.7196652719665272 0.7852941176470588 0.04602510460251046 0.02
0 0.7824267782426778 0.7476470588235294 0.13807531380753138 0.02
0 0.9633891213389121 0.7435294117647059 0.07322175732217573 0.04470588235294118
0 0.9696652719665272 0.7305882352941176 0.0397489539748954 0.021176470588235293
0 0.8284518828451883 0.7011764705882353 0.19246861924686193 0.1011764705882353
0 0.8786610878661087 0.5129411764705882 0.13389121338912133 0.01411764705882353
0 0.9121338912133892 0.49 0.11297071129707113 0.015294117647058824
0 0.9393305439330544 0.30176470588235293 0.12133891213389121 0.041176470588235294
0 0.6443514644351465 0.2917647058823529 0.06694560669456066 0.03764705882352941
0 0.7353556485355649 0.29470588235294115 0.1108786610878661 0.04588235294117647
0 0.6422594142259415 0.24352941176470588 0.058577405857740586 0.04470588235294118
0 0.9550209205020921 0.20470588235294118 0.0899581589958159 0.05411764705882353
0 0.8943514644351465 0.008823529411764706 0.2112970711297071 0.01764705882352941
0 0.4236401673640167 0.004705882352941176 0.2405857740585774 0.009411764705882352
