0 0.8598326359832636 0.8358823529411765 0.0794979079497908 0.07411764705882352
0 0.9184100418410042 0.8170588235294117 0.09205020920502092 0.07882352941176471
0 0.6725941422594143 0.5341176470588235 0.13598326359832635 0.03294117647058824
0 0.7332635983263598 0.5141176470588236 0.2405857740585774 0.08470588235294117
0 0.5648535564853556 0.4958823529411765 0.06694560669456066 0.06941176470588235
0 0.948744769874477 0.36705882352941177 0.10251046025104603 0.03529411764705882
0 0.14435146443514643 0.32588235294117646 0.28870292887029286 0.04470588235294118
0 0.01882845188284519 0.18588235294117647 0.02510460251046025 0.021176470588235293
0 0.19456066945606695 0.24058823529411766 0.14225941422594143 0.15411764705882353
0 0.23430962343096234 0.16588235294117648 0.058577405857740586 0.01411764705882353
0 0.9864016736401674 0.11823529411764706 0.027196652719665274 0.024705882352941175
