0 0.00589622641509434 0.6202928870292888 0.01179245283018868 0.1401673640167364
0 0.5235849056603774 0.5439330543933054 0.03773584905660377 0.100418410041841
0 0.4805424528301887 0.46129707112970714 0.02240566037735849 0.03138075313807531
0 0.01179245283018868 0.48326359832635984 0.02358490566037736 0.13389121338912133
0 0.030070754716981132 0.3577405857740586 0.012971698113207548 0.11297071129707113
0 0.13266509433962265 0.3807531380753138 0.041273584905660375 0.20920502092050208
0 0.15919811320754718 0.4341004184100418 0.007075471698113208 0.3284518828451883
0 0.9864386792452831 0.23640167364016737 0.027122641509433963 0.17573221757322174
0 0.47110849056603776 0.058577405857740586 0.09316037735849056 0.11715481171548117
0 0.47110849056603776 0.02405857740585774 0.012971698113207548 0.04811715481171548
0 0.04834905660377359 0.14435146443514643 0.0330188679245283 0.28870292887029286
0 0.003537735849056604 0.05230125523012552 0.007075471698113208 0.10460251046025104
