0 0.35259433962264153 0.7039748953974896 0.06132075471698113 0.07740585774058577
0 0.9086084905660378 0.6631799163179917 0.04834905660377359 0.0794979079497908
0 0.7334905660377359 0.6108786610878661 0.02358490566037736 0.058577405857740586
0 0.7505896226415094 0.6119246861924686 0.027122641509433963 0.06903765690376569
0 0.13797169811320756 0.5700836820083682 0.02830188679245283 0.13179916317991633
0 0.12558962264150944 0.45397489539748953 0.012971698113207548 0.058577405857740586
0 0.8879716981132075 0.4916317991631799 0.049528301886792456 0.2175732217573222
0 0.45990566037735847 0.4456066945606695 0.030660377358490566 0.12552301255230125
0 0.2045990566037736 0.38702928870292885 0.01768867924528302 0.0794979079497908
0 0.6727594339622641 0.47489539748953974 0.08608490566037735 0.35564853556485354
0 0.14622641509433962 0.29811715481171547 0.030660377358490566 0.02301255230125523
0 0.9215801886792453 0.3190376569037657 0.024764150943396228 0.08158995815899582
0 0.37264150943396224 0.3169456066945607 0.05188679245283019 0.12343096234309624
0 0.8637971698113207 0.25313807531380755 0.045990566037735846 0.22594142259414227
0 0.1650943396226415 0.151673640167364 0.018867924528301886 0.08577405857740586
0 0.045990566037735846 0.08158995815899582 0.04245283018867924 0.1087866108786611
0 0.7995283018867925 0.11610878661087866 0.04009433962264151 0.20292887029288703
0 0.9722877358490566 0.22384937238493724 0.055424528301886794 0.4476987447698745
0 0.9386792452830188 0.08577405857740586 0.02358490566037736 0.17154811715481172
0 0.8431603773584906 0.06276150627615062 0.03773584905660377 0.12552301255230125
0 0.11261792452830188 0.029288702928870293 0.06485849056603774 0.058577405857740586
