0 0.11820083682008369 0.9447058823529412 0.23640167364016737 0.11058823529411765
0 0.42782426778242677 0.65 0.19874476987447698 0.03882352941176471
0 0.6820083682008368 0.6064705882352941 0.02092050209205021 0.027058823529411764
0 0.6757322175732218 0.4470588235294118 0.07531380753138076 0.02823529411764706
0 0.9236401673640168 0.4647058823529412 0.15271966527196654 0.06588235294117648
0 0.18410041841004185 0.46588235294117647 0.0502092050209205 0.1623529411764706
0 0.7907949790794979 0.2747058823529412 0.07531380753138076 0.01764705882352941
0 0.9142259414225942 0.19058823529411764 0.09623430962343096 0.07764705882352942
0 0.07112970711297072 0.16588235294117648 0.058577405857740586 0.07058823529411765
0 0.2688284518828452 0.14 0.0397489539748954 0.042352941176470586
0 0.6830543933054394 0.09941176470588235 0.04811715481171548 0.03882352941176471
0 0.9382845188284519 0.058823529411764705 0.12343096234309624 0.11764705882352941
0 0.8472803347280334 0.011764705882352941 0.1087866108786611 0.023529411764705882
0 0.6569037656903766 0.03235294117647059 0.18828451882845187 0.06470588235294118
