0 0.05230125523012552 0.9764705882352941 0.10460251046025104 0.047058823529411764
0 0.7573221757322176 0.8435294117647059 0.04602510460251046 0.09411764705882353
0 0.895397489539749 0.798235294117647 0.16317991631799164 0.041176470588235294
0 0.8985355648535565 0.6752941176470588 0.14435146443514643 0.07058823529411765
0 0.9152719665271967 0.5823529411764706 0.08158995815899582 0.023529411764705882
0 0.8472803347280334 0.5194117647058824 0.029288702928870293 0.036470588235294116
0 0.9864016736401674 0.3311764705882353 0.027196652719665274 0.04352941176470588
0 0.04184100418410042 0.3417647058823529 0.012552301255230125 0.09294117647058824
0 0.9194560669456067 0.2023529411764706 0.07740585774058577 0.04
0 0.5407949790794979 0.20647058823529413 0.20711297071129708 0.06705882352941177
0 0.9864016736401674 0.1888235294117647 0.027196652719665274 0.03882352941176471
0 0.6349372384937239 0.19588235294117648 0.14853556485355648 0.05529411764705883
0 0.9069037656903766 0.13411764705882354 0.06485355648535565 0.018823529411764704
0 0.4696652719665272 0.1423529411764706 0.06903765690376569 0.06352941176470588
0 0.5679916317991632 0.1564705882352941 0.3158995815899582 0.12470588235294118
0 0.9372384937238494 0.0611764705882353 0.12552301255230125 0.03294117647058824
0 0.9372384937238494 0.021176470588235293 0.12552301255230125 0.042352941176470586
