0 0.08372641509433962 0.8263598326359832 0.0589622641509434 0.04184100418410042
0 0.15919811320754718 0.8221757322175732 0.0330188679245283 0.03765690376569038
0 0.9498820754716981 0.7907949790794979 0.045990566037735846 0.04184100418410042
0 0.8785377358490566 0.8305439330543933 0.2429245283018868 0.15481171548117154
0 0.8985849056603774 0.7635983263598326 0.06132075471698113 0.03765690376569038
0 0.629127358490566 0.6548117154811716 0.027122641509433963 0.12133891213389121
0 0.9935141509433962 0.5878661087866108 0.012971698113207548 0.029288702928870293
0 0.04363207547169811 0.6820083682008368 0.04245283018867924 0.26778242677824265
0 0.7995283018867925 0.5230125523012552 0.04716981132075472 0.03347280334728033
0 0.9463443396226415 0.47384937238493724 0.045990566037735846 0.04811715481171548
0 0.9899764150943396 0.5052301255230126 0.020047169811320754 0.13179916317991633
0 0.5825471698113207 0.3389121338912134 0.08962264150943396 0.04602510460251046
0 0.7989386792452831 0.29916317991631797 0.07900943396226415 0.058577405857740586
0 0.47877358490566035 0.32322175732217573 0.04009433962264151 0.10669456066945607
0 0.9522405660377359 0.3169456066945607 0.09551886792452831 0.10669456066945607
0 0.7965801886792453 0.2405857740585774 0.07900943396226415 0.058577405857740586
0 0.7329009433962265 0.26569037656903766 0.1945754716981132 0.16736401673640167
0 0.11969339622641509 0.19665271966527198 0.024764150943396228 0.029288702928870293
0 0.23997641509433962 0.1600418410041841 0.08136792452830188 0.043933054393305436
0 0.7936320754716981 0.10564853556485355 0.07075471698113207 0.0397489539748954
0 0.7334905660377359 0.06276150627615062 0.0660377358490566 0.0502092050209205
0 0.05601415094339623 0.07217573221757322 0.11202830188679246 0.08577405857740586
0 0.5672169811320755 0.09309623430962342 0.14386792452830188 0.13179916317991633
0 0.7688679245283019 0.04602510460251046 0.018867924528301886 0.04184100418410042
0 0.41922169811320753 0.07322175732217573 0.10495283018867925 0.14644351464435146
