0 0.49267782426778245 0.9952941176470588 0.18619246861924685 0.009411764705882352
0 0.39644351464435146 0.8729411764705882 0.11506276150627615 0.03529411764705882
0 0.6956066945606695 0.87 0.33263598326359833 0.05764705882352941
0 0.22280334728033474 0.82 0.10251046025104603 0.02588235294117647
0 0.47384937238493724 0.7711764705882352 0.17364016736401675 0.03882352941176471
0 0.2928870292887029 0.6670588235294118 0.2175732217573222 0.03058823529411765
0 0.9246861924686193 0.6988235294117647 0.1506276150627615 0.14352941176470588
0 0.18410041841004185 0.5741176470588235 0.03347280334728033 0.04470588235294118
0 0.1192468619246862 0.5782352941176471 0.0794979079497908 0.06
0 0.37447698744769875 0.5458823529411765 0.06694560669456066 0.04470588235294118
0 0.4309623430962343 0.5376470588235294 0.029288702928870293 0.042352941176470586
0 0.5282426778242678 0.528235294117647 0.043933054393305436 0.03294117647058824
0 0.47594142259414224 0.5276470588235294 0.04811715481171548 0.05058823529411765
0 0.551255230125523 0.5147058823529411 0.043933054393305436 0.03176470588235294
0 0.6098326359832636 0.5117647058823529 0.056485355648535567 0.047058823529411764
0 0.18619246861924685 0.48411764705882354 0.07531380753138076 0.02235294117647059
0 0.2897489539748954 0.48058823529411765 0.11506276150627615 0.027058823529411764
0 0.698744769874477 0.4935294117647059 0.05439330543933055 0.05764705882352941
0 0.8880753138075314 0.47352941176470587 0.04811715481171548 0.04352941176470588
0 0.9476987447698745 0.4641176470588235 0.05439330543933055 0.04588235294117647
0 0.4372384937238494 0.011764705882352941 0.0794979079497908 0.023529411764705882
