0 0.8755230125523012 0.6264705882352941 0.2489539748953975 0.03411764705882353
0 0.9843096234309623 0.47352941176470587 0.03138075313807531 0.03411764705882353
0 0.14539748953974896 0.668235294117647 0.060669456066945605 0.4258823529411765
0 0.3043933054393305 0.4082352941176471 0.06485355648535565 0.02588235294117647
0 0.4236401673640167 0.3064705882352941 0.03556485355648536 0.03176470588235294
0 0.6171548117154811 0.30470588235294116 0.13389121338912133 0.03058823529411765
0 0.14225941422594143 0.33 0.02092050209205021 0.09294117647058824
0 0.27719665271966526 0.20470588235294118 0.12343096234309624 0.05411764705882353
0 0.25523012552301255 0.03 0.06694560669456066 0.029411764705882353
0 0.7552301255230126 0.02823529411764706 0.05439330543933055 0.02823529411764706
0 0.6161087866108786 0.13058823529411764 0.07322175732217573 0.2611764705882353
0 0.14435146443514643 0.13058823529411764 0.05439330543933055 0.2611764705882353
