0 0.8253138075313807 0.8194117647058824 0.1401673640167364 0.036470588235294116
0 0.8190376569037657 0.7470588235294118 0.15271966527196654 0.03294117647058824
0 0.9424686192468619 0.7247058823529412 0.11506276150627615 0.03529411764705882
0 0.03347280334728033 0.7541176470588236 0.06694560669456066 0.10588235294117647
0 0.26569037656903766 0.6988235294117647 0.07112970711297072 0.0611764705882353
0 0.4194560669456067 0.6747058823529412 0.13179916317991633 0.04352941176470588
0 0.5355648535564853 0.6470588235294118 0.12133891213389121 0.02588235294117647
0 0.6161087866108786 0.64 0.04811715481171548 0.01647058823529412
0 0.6558577405857741 0.6288235294117647 0.07740585774058577 0.015294117647058824
0 0.7792887029288703 0.6158823529411764 0.060669456066945605 0.02
0 0.7175732217573222 0.6170588235294118 0.07112970711297072 0.024705882352941175
0 0.4194560669456067 0.6005882352941176 0.08577405857740586 0.015294117647058824
0 0.5366108786610879 0.5894117647058823 0.2196652719665272 0.03294117647058824
0 0.6223849372384938 0.5723529411764706 0.06903765690376569 0.012941176470588235
0 0.75418410041841 0.5364705882352941 0.08577405857740586 0.05647058823529412
0 0.401673640167364 0.5011764705882353 0.16736401673640167 0.0611764705882353
0 0.3127615062761506 0.4858823529411765 0.05230125523012552 0.042352941176470586
0 0.8451882845188284 0.4676470588235294 0.11297071129707113 0.052941176470588235
0 0.04811715481171548 0.45529411764705885 0.09623430962343096 0.03058823529411765
0 0.7792887029288703 0.45 0.08158995815899582 0.04588235294117647
0 0.3389121338912134 0.4411764705882353 0.06276150627615062 0.03529411764705882
0 0.4435146443514644 0.46647058823529414 0.2594142259414226 0.14941176470588236
0 0.2907949790794979 0.45176470588235296 0.08786610878661087 0.18823529411764706
0 0.2384937238493724 0.3076470588235294 0.13389121338912133 0.05529411764705883
0 0.3284518828451883 0.2852941176470588 0.03347280334728033 0.05058823529411765
