0 0.9372384937238494 0.9764705882352941 0.12552301255230125 0.047058823529411764
0 0.9351464435146444 0.7970588235294118 0.06694560669456066 0.029411764705882353
0 0.5658995815899581 0.83 0.0899581589958159 0.12117647058823529
0 0.6976987447698745 0.8341176470588235 0.03556485355648536 0.2188235294117647
0 0.6401673640167364 0.7258823529411764 0.03347280334728033 0.018823529411764704
0 0.29602510460251047 0.7276470588235294 0.11506276150627615 0.07882352941176471
0 0.6129707112970711 0.7188235294117648 0.11297071129707113 0.14352941176470588
0 0.20292887029288703 0.6035294117647059 0.016736401673640166 0.13176470588235295
0 0.7562761506276151 0.5958823529411764 0.07322175732217573 0.14
0 0.17782426778242677 0.4576470588235294 0.03347280334728033 0.03294117647058824
0 0.0198744769874477 0.3064705882352941 0.0397489539748954 0.03176470588235294
0 0.25418410041841005 0.33647058823529413 0.010460251046025104 0.12705882352941175
0 0.8901673640167364 0.28941176470588237 0.15271966527196654 0.05176470588235294
0 0.303347280334728 0.29294117647058826 0.06694560669456066 0.1011764705882353
0 0.7845188284518828 0.23823529411764705 0.07112970711297072 0.036470588235294116
0 0.05753138075313807 0.23941176470588235 0.11506276150627615 0.10235294117647059
0 0.34623430962343094 0.2817647058823529 0.014644351464435146 0.2011764705882353
0 0.3043933054393305 0.20588235294117646 0.06903765690376569 0.06588235294117648
0 0.7552301255230126 0.17823529411764705 0.03765690376569038 0.06470588235294118
0 0.3075313807531381 0.15235294117647058 0.06694560669456066 0.03176470588235294
0 0.4790794979079498 0.13176470588235295 0.13389121338912133 0.01411764705882353
0 0.9707112970711297 0.13 0.058577405857740586 0.02235294117647059
0 0.2625523012552301 0.10529411764705883 0.06903765690376569 0.01764705882352941
0 0.9518828451882845 0.06764705882352941 0.09623430962343096 0.036470588235294116
0 0.12761506276150628 0.06 0.04602510460251046 0.03529411764705882
0 0.34205020920502094 0.0811764705882353 0.05230125523012552 0.08470588235294117
0 0.9623430962343096 0.04823529411764706 0.07531380753138076 0.03764705882352941
0 0.8682008368200836 0.021176470588235293 0.11715481171548117 0.042352941176470586
