0 0.33158995815899583 0.9194117647058824 0.02301255230125523 0.01764705882352941
0 0.6652719665271967 0.21058823529411766 0.2217573221757322 0.04
0 0.48640167364016734 0.1988235294117647 0.14435146443514643 0.04
0 0.4309623430962343 0.1923529411764706 0.0502092050209205 0.03176470588235294
0 0.34414225941422594 0.19058823529411764 0.07740585774058577 0.03764705882352941
0 0.21234309623430964 0.18352941176470589 0.16527196652719664 0.042352941176470586
0 0.6359832635983264 0.15 0.029288702928870293 0.04352941176470588
0 0.5794979079497908 0.14647058823529413 0.058577405857740586 0.04823529411764706
0 0.3901673640167364 0.13647058823529412 0.060669456066945605 0.042352941176470586
0 0.2939330543933054 0.1288235294117647 0.04811715481171548 0.04352941176470588
0 0.22384937238493724 0.1288235294117647 0.06276150627615062 0.04588235294117647
0 0.16317991631799164 0.1223529411764706 0.04184100418410042 0.04470588235294118
