0 0.5 0.9518828451882845 1.0 0.09623430962343096
0 0.2045990566037736 0.9215481171548117 0.03891509433962264 0.0397489539748954
0 0.19929245283018868 0.8368200836820083 0.07547169811320754 0.11715481171548117
0 0.25943396226415094 0.7876569037656904 0.13443396226415094 0.1192468619246862
0 0.3142688679245283 0.6516736401673641 0.08372641509433962 0.12761506276150628
0 0.35495283018867924 0.3692468619246862 0.14386792452830188 0.043933054393305436
0 0.0047169811320754715 0.3723849372384937 0.009433962264150943 0.09205020920502092
0 0.7346698113207547 0.2102510460251046 0.05660377358490566 0.05230125523012552
0 0.6875 0.1589958158995816 0.01650943396226415 0.029288702928870293
0 0.7222877358490566 0.043933054393305436 0.09316037735849056 0.08786610878661087
0 0.6367924528301887 0.04811715481171548 0.07311320754716981 0.09623430962343096
0 0.4339622641509434 0.03765690376569038 0.03773584905660377 0.07531380753138076
0 0.39740566037735847 0.01882845188284519 0.030660377358490566 0.03765690376569038
0 0.298938679245283 0.08368200836820083 0.036556603773584904 0.16736401673640167
