0 0.348326359832636 0.6305882352941177 0.06903765690376569 0.03764705882352941
0 0.3190376569037657 0.5894117647058823 0.399581589958159 0.04
0 0.3577405857740586 0.40647058823529414 0.100418410041841 0.027058823529411764
0 0.3294979079497908 0.41411764705882353 0.14435146443514643 0.06823529411764706
0 0.2719665271966527 0.36411764705882355 0.3514644351464435 0.02
0 0.18619246861924685 0.34411764705882353 0.02510460251046025 0.024705882352941175
0 0.34205020920502094 0.3341176470588235 0.03138075313807531 0.02588235294117647
0 0.46129707112970714 0.3288235294117647 0.060669456066945605 0.027058823529411764
0 0.6077405857740585 0.31529411764705884 0.03138075313807531 0.02823529411764706
0 0.7625523012552301 0.16647058823529412 0.1192468619246862 0.05764705882352941
0 0.9864016736401674 0.1423529411764706 0.027196652719665274 0.0611764705882353
0 0.04184100418410042 0.12352941176470589 0.08368200836820083 0.04
0 0.18828451882845187 0.12588235294117647 0.1087866108786611 0.04941176470588235
0 0.41422594142259417 0.08941176470588236 0.03347280334728033 0.018823529411764704
0 0.7625523012552301 0.09529411764705882 0.17782426778242677 0.04941176470588235
0 0.7667364016736402 0.05352941176470588 0.18619246861924685 0.041176470588235294
