0 0.3720518867924528 0.9142259414225942 0.05306603773584906 0.06276150627615062
0 0.7075471698113207 0.899581589958159 0.1320754716981132 0.05439330543933055
0 0.08136792452830188 0.8849372384937239 0.08726415094339622 0.11715481171548117
0 0.7163915094339622 0.8075313807531381 0.045990566037735846 0.06694560669456066
0 0.6114386792452831 0.8305439330543933 0.08372641509433962 0.1297071129707113
0 0.6456367924528302 0.700836820083682 0.045990566037735846 0.05439330543933055
0 0.7293632075471698 0.6997907949790795 0.055424528301886794 0.07322175732217573
0 0.8626179245283019 0.49267782426778245 0.031839622641509434 0.03556485355648536
0 0.7329009433962265 0.35564853556485354 0.09316037735849056 0.06694560669456066
0 0.7358490566037735 0.28870292887029286 0.09433962264150944 0.06276150627615062
0 0.9262971698113207 0.07845188284518828 0.04834905660377359 0.0397489539748954
0 0.40153301886792453 0.06589958158995816 0.041273584905660375 0.06485355648535565
0 0.8095518867924528 0.08263598326359832 0.041273584905660375 0.10251046025104603
0 0.28832547169811323 0.05230125523012552 0.0625 0.0502092050209205
0 0.660377358490566 0.04497907949790795 0.09198113207547169 0.0899581589958159
0 0.451061320754717 0.05543933054393305 0.06485849056603774 0.1108786610878661
0 0.37264150943396224 0.03138075313807531 0.03773584905660377 0.06276150627615062
