0 0.5 0.9864016736401674 1.0 0.027196652719665274
0 0.972877358490566 0.5951882845188284 0.054245283018867926 0.043933054393305436
0 0.9038915094339622 0.5951882845188284 0.09316037735849056 0.060669456066945605
0 0.015330188679245283 0.6705020920502092 0.030660377358490566 0.38284518828451886
0 0.8808962264150944 0.44142259414225943 0.025943396226415096 0.058577405857740586
0 0.8490566037735849 0.4435146443514644 0.02830188679245283 0.06276150627615062
0 0.9428066037735849 0.4382845188284519 0.024764150943396228 0.060669456066945605
0 0.9740566037735849 0.4361924686192469 0.02358490566037736 0.060669456066945605
0 0.9268867924528302 0.3158995815899582 0.09669811320754718 0.016736401673640166
0 0.5053066037735849 0.23326359832635984 0.024764150943396228 0.06485355648535565
0 0.6350235849056604 0.2290794979079498 0.09080188679245282 0.06485355648535565
0 0.7293632075471698 0.22384937238493724 0.09080188679245282 0.06276150627615062
0 0.46108490566037735 0.11715481171548117 0.030660377358490566 0.03347280334728033
0 0.7193396226415094 0.08158995815899582 0.07075471698113207 0.016736401673640166
0 0.5518867924528302 0.12447698744769875 0.08962264150943396 0.1108786610878661
0 0.13620283018867924 0.07531380753138076 0.031839622641509434 0.02092050209205021
