0 0.6192468619246861 0.27 0.0502092050209205 0.027058823529411764
0 0.5376569037656904 0.2752941176470588 0.06694560669456066 0.047058823529411764
0 0.4602510460251046 0.27294117647058824 0.06694560669456066 0.04941176470588235
0 0.348326359832636 0.26705882352941174 0.0397489539748954 0.047058823529411764
0 0.2824267782426778 0.2641176470588235 0.07112970711297072 0.04823529411764706
0 0.20188284518828453 0.25941176470588234 0.04811715481171548 0.04588235294117647
0 0.13912133891213388 0.2570588235294118 0.060669456066945605 0.04823529411764706
0 0.06694560669456066 0.2529411764705882 0.06694560669456066 0.047058823529411764
0 0.34623430962343094 0.2288235294117647 0.6338912133891214 0.03176470588235294
0 0.698744769874477 0.12 0.1087866108786611 0.021176470588235293
0 0.6694560669456067 0.05529411764705883 0.05439330543933055 0.05176470588235294
0 0.4089958158995816 0.051176470588235295 0.043933054393305436 0.052941176470588235
0 0.7039748953974896 0.007058823529411765 0.1108786610878661 0.01411764705882353
