0 0.4435146443514644 0.9858823529411764 0.22594142259414227 0.02823529411764706
0 0.9623430962343096 0.7976470588235294 0.07531380753138076 0.02823529411764706
0 0.75 0.7605882352941177 0.06485355648535565 0.07882352941176471
0 0.9518828451882845 0.7205882352941176 0.09623430962343096 0.02
0 0.8838912133891214 0.6605882352941177 0.19456066945606695 0.029411764705882353
0 0.9361924686192469 0.6182352941176471 0.12761506276150628 0.03176470588235294
0 0.9131799163179917 0.48705882352941177 0.17364016736401675 0.07529411764705882
0 0.0794979079497908 0.43470588235294116 0.10460251046025104 0.012941176470588235
0 0.9633891213389121 0.36705882352941177 0.07322175732217573 0.009411764705882352
0 0.9717573221757322 0.34294117647058825 0.056485355648535567 0.015294117647058824
0 0.25418410041841005 0.31470588235294117 0.09414225941422594 0.03411764705882353
0 0.9748953974895398 0.24176470588235294 0.0502092050209205 0.03176470588235294
0 0.13702928870292888 0.16411764705882353 0.1401673640167364 0.02
0 0.9215481171548117 0.21941176470588236 0.15690376569037656 0.16588235294117648
0 0.5836820083682008 0.1388235294117647 0.12552301255230125 0.021176470588235293
0 0.21443514644351463 0.12764705882352942 0.32426778242677823 0.010588235294117647
