0 0.5483490566037735 0.8661087866108786 0.06132075471698113 0.09205020920502092
0 0.7364386792452831 0.8922594142259415 0.13089622641509435 0.15690376569037656
0 0.7045990566037735 0.8650627615062761 0.1875 0.1694560669456067
0 0.125 0.7855648535564853 0.018867924528301886 0.2112970711297071
0 0.008254716981132075 0.7175732217573222 0.01650943396226415 0.1087866108786611
0 0.9870283018867925 0.6851464435146444 0.025943396226415096 0.06485355648535565
0 0.21462264150943397 0.502092050209205 0.09669811320754718 0.07112970711297072
0 0.9799528301886793 0.48640167364016734 0.04009433962264151 0.10251046025104603
0 0.2116745283018868 0.4341004184100418 0.09551886792452831 0.06903765690376569
0 0.17452830188679244 0.3692468619246862 0.02358490566037736 0.060669456066945605
0 0.6609669811320755 0.23326359832635984 0.07193396226415094 0.02301255230125523
0 0.9587264150943396 0.2186192468619247 0.03537735849056604 0.0397489539748954
0 0.17747641509433962 0.13389121338912133 0.024764150943396228 0.04602510460251046
0 0.96875 0.1087866108786611 0.0625 0.09623430962343096
0 0.36674528301886794 0.03556485355648536 0.014150943396226415 0.07112970711297072
0 0.3107311320754717 0.02510460251046025 0.036556603773584904 0.0502092050209205
