0 0.13561320754716982 0.856694560669456 0.0660377358490566 0.03556485355648536
0 0.4044811320754717 0.7792887029288703 0.12971698113207547 0.13179916317991633
0 0.17393867924528303 0.7552301255230126 0.1403301886792453 0.08786610878661087
0 0.6179245283018868 0.7060669456066946 0.2028301886792453 0.05230125523012552
0 0.18337264150943397 0.7144351464435147 0.14976415094339623 0.0899581589958159
0 0.8225235849056604 0.7112970711297071 0.07193396226415094 0.13807531380753138
0 0.6285377358490566 0.6631799163179917 0.20754716981132076 0.058577405857740586
0 0.6827830188679245 0.6401673640167364 0.12028301886792453 0.03347280334728033
0 0.8867924528301887 0.7269874476987448 0.04716981132075472 0.2280334728033473
0 0.15212264150943397 0.649581589958159 0.02358490566037736 0.08577405857740586
0 0.16981132075471697 0.6380753138075314 0.01179245283018868 0.07531380753138076
0 0.18278301886792453 0.6297071129707112 0.014150943396226415 0.07531380753138076
0 0.19516509433962265 0.6202928870292888 0.01768867924528302 0.07740585774058577
0 0.20813679245283018 0.6119246861924686 0.02240566037735849 0.07740585774058577
0 0.05660377358490566 0.7238493723849372 0.030660377358490566 0.3054393305439331
0 0.23172169811320756 0.5951882845188284 0.041273584905660375 0.08577405857740586
0 0.3543632075471698 0.6297071129707112 0.07429245283018868 0.16317991631799164
0 0.25471698113207547 0.5815899581589958 0.04009433962264151 0.07531380753138076
0 0.4492924528301887 0.5815899581589958 0.04009433962264151 0.09623430962343096
0 0.26827830188679247 0.5669456066945606 0.036556603773584904 0.07112970711297072
0 0.33962264150943394 0.5993723849372385 0.07783018867924528 0.16527196652719664
0 0.39327830188679247 0.5146443514644351 0.024764150943396228 0.03347280334728033
0 0.33962264150943394 0.5627615062761506 0.08018867924528301 0.16317991631799164
0 0.46285377358490565 0.5073221757322176 0.09551886792452831 0.10669456066945607
0 0.23702830188679244 0.5941422594142259 0.2665094339622642 0.28451882845188287
0 0.49410377358490565 0.46338912133891214 0.08726415094339622 0.09832635983263599
0 0.5630896226415094 0.4006276150627615 0.18514150943396226 0.014644351464435146
0 0.5713443396226415 0.37447698744769875 0.18514150943396226 0.016736401673640166
0 0.12323113207547169 0.38493723849372385 0.015330188679245283 0.05439330543933055
0 0.0625 0.4592050209205021 0.01179245283018868 0.2112970711297071
0 0.5807783018867925 0.350418410041841 0.1875 0.02301255230125523
0 0.19398584905660377 0.3598326359832636 0.01768867924528302 0.06276150627615062
0 0.2429245283018868 0.34309623430962344 0.018867924528301886 0.06276150627615062
0 0.2617924528301887 0.33577405857740583 0.018867924528301886 0.060669456066945605
0 0.1733490566037736 0.34205020920502094 0.1391509433962264 0.14853556485355648
0 0.1945754716981132 0.3587866108786611 0.18160377358490565 0.2112970711297071
0 0.7747641509433962 0.200836820083682 0.08962264150943396 0.09205020920502092
0 0.7706367924528302 0.12866108786610878 0.08608490566037735 0.08158995815899582
0 0.8490566037735849 0.17677824267782427 0.018867924528301886 0.25732217573221755
0 0.038325471698113206 0.07531380753138076 0.027122641509433963 0.0794979079497908
0 0.7411556603773585 0.05439330543933055 0.027122641509433963 0.06694560669456066
0 0.4669811320754717 0.030334728033472803 0.08254716981132075 0.060669456066945605
0 0.07841981132075472 0.03347280334728033 0.01768867924528302 0.06694560669456066
