0 0.09623430962343096 0.8829411764705882 0.19246861924686193 0.03176470588235294
0 0.3127615062761506 0.8817647058823529 0.060669456066945605 0.05529411764705883
0 0.5878661087866108 0.8664705882352941 0.29707112970711297 0.04823529411764706
0 0.9811715481171548 0.8464705882352941 0.03765690376569038 0.02235294117647059
0 0.5794979079497908 0.8423529411764706 0.21338912133891214 0.04
0 0.06589958158995816 0.5735294117647058 0.13179916317991633 0.052941176470588235
0 0.39435146443514646 0.5694117647058824 0.17782426778242677 0.05647058823529412
0 0.649581589958159 0.5347058823529411 0.17782426778242677 0.07882352941176471
0 0.5941422594142259 0.4447058823529412 0.100418410041841 0.06352941176470588
0 0.4780334728033473 0.4411764705882353 0.0899581589958159 0.3035294117647059
0 0.7311715481171548 0.23 0.05230125523012552 0.05058823529411765
0 0.12133891213389121 0.02411764705882353 0.04602510460251046 0.04823529411764706
0 0.08054393305439331 0.02588235294117647 0.04811715481171548 0.05176470588235294
0 0.0198744769874477 0.028823529411764706 0.0397489539748954 0.05764705882352941
