0 0.12656903765690378 0.9764705882352941 0.25313807531380755 0.04
0 0.8221757322175732 0.9535294117647058 0.14225941422594143 0.03411764705882353
0 0.350418410041841 0.8788235294117647 0.027196652719665274 0.03058823529411765
0 0.9592050209205021 0.8847058823529412 0.08158995815899582 0.047058823529411764
0 0.8723849372384938 0.8611764705882353 0.07112970711297072 0.011764705882352941
0 0.2907949790794979 0.8623529411764705 0.0794979079497908 0.03764705882352941
0 0.3702928870292887 0.8411764705882353 0.058577405857740586 0.03764705882352941
0 0.28661087866108786 0.8241176470588235 0.09205020920502092 0.041176470588235294
0 0.45188284518828453 0.7976470588235294 0.04184100418410042 0.021176470588235293
0 0.18619246861924685 0.7611764705882353 0.04184100418410042 0.021176470588235293
0 0.1788702928870293 0.7388235294117647 0.07322175732217573 0.021176470588235293
0 0.5167364016736402 0.7411764705882353 0.24686192468619247 0.03764705882352941
0 0.3608786610878661 0.72 0.05230125523012552 0.02588235294117647
0 0.5638075313807531 0.7123529411764706 0.08158995815899582 0.03176470588235294
0 0.20920502092050208 0.6994117647058824 0.24267782426778242 0.03411764705882353
0 0.9769874476987448 0.69 0.04602510460251046 0.02235294117647059
0 0.9309623430962343 0.6870588235294117 0.07112970711297072 0.03058823529411765
0 0.33368200836820083 0.6770588235294117 0.38702928870292885 0.07647058823529412
0 0.6725941422594143 0.6188235294117647 0.17364016736401675 0.09411764705882353
0 0.5083682008368201 0.5876470588235294 0.08786610878661087 0.0811764705882353
0 0.348326359832636 0.5770588235294117 0.14853556485355648 0.10941176470588235
0 0.1893305439330544 0.5535294117647059 0.16527196652719664 0.10235294117647059
0 0.9403765690376569 0.5347058823529411 0.1192468619246862 0.09529411764705882
0 0.9424686192468619 0.48294117647058826 0.11506276150627615 0.02235294117647059
0 0.9393305439330544 0.46705882352941175 0.12133891213389121 0.02823529411764706
0 0.0596234309623431 0.38294117647058823 0.1192468619246862 0.07647058823529412
0 0.07112970711297072 0.3417647058823529 0.14225941422594143 0.03176470588235294
0 0.25418410041841005 0.13588235294117648 0.060669456066945605 0.02
0 0.4341004184100418 0.10764705882352942 0.17364016736401675 0.03176470588235294
0 0.043933054393305436 0.09411764705882353 0.08786610878661087 0.03294117647058824
0 0.8158995815899581 0.05647058823529412 0.301255230125523 0.05411764705882353
0 0.41631799163179917 0.036470588235294116 0.28451882845188287 0.047058823529411764
0 0.6935146443514645 0.012941176470588235 0.23221757322175732 0.02588235294117647
