0 0.2647405660377358 0.6359832635983264 0.045990566037735846 0.08786610878661087
0 0.2830188679245283 0.5648535564853556 0.0660377358490566 0.03347280334728033
0 0.7134433962264151 0.36401673640167365 0.07547169811320754 0.06276150627615062
0 0.7158018867924528 0.3002092050209205 0.07783018867924528 0.060669456066945605
0 0.010023584905660377 0.2280334728033473 0.020047169811320754 0.058577405857740586
0 0.04245283018867924 0.2290794979079498 0.03773584905660377 0.06485355648535565
0 0.08254716981132075 0.22698744769874477 0.03773584905660377 0.06485355648535565
0 0.38325471698113206 0.22384937238493724 0.0330188679245283 0.06276150627615062
0 0.33903301886792453 0.22384937238493724 0.020047169811320754 0.06276150627615062
0 0.2865566037735849 0.22384937238493724 0.04481132075471698 0.06276150627615062
0 0.2446933962264151 0.22384937238493724 0.03419811320754717 0.06276150627615062
0 0.2169811320754717 0.22384937238493724 0.02122641509433962 0.06276150627615062
0 0.16922169811320756 0.22594142259414227 0.03891509433962264 0.06694560669456066
0 0.1267688679245283 0.22594142259414227 0.036556603773584904 0.06694560669456066
0 0.3579009433962264 0.22280334728033474 0.008254716981132075 0.06485355648535565
0 0.3178066037735849 0.22280334728033474 0.01061320754716981 0.06485355648535565
0 0.125 0.032426778242677826 0.0589622641509434 0.06485355648535565
