0 0.9097877358490566 0.9058577405857741 0.055424528301886794 0.100418410041841
0 0.49115566037735847 0.7562761506276151 0.11674528301886793 0.027196652719665274
0 0.9829009433962265 0.7709205020920502 0.03419811320754717 0.08158995815899582
0 0.9811320754716981 0.7165271966527197 0.03773584905660377 0.06903765690376569
0 0.10495283018867925 0.6527196652719666 0.04009433962264151 0.058577405857740586
0 0.9770047169811321 0.6255230125523012 0.03891509433962264 0.09205020920502092
0 0.8844339622641509 0.7144351464435147 0.07075471698113207 0.27824267782426776
0 0.3915094339622642 0.5135983263598326 0.16037735849056603 0.12761506276150628
0 0.5512971698113207 0.18514644351464435 0.02240566037735849 0.060669456066945605
0 0.6727594339622641 0.18200836820083682 0.08372641509433962 0.06276150627615062
0 0.7564858490566038 0.1788702928870293 0.07665094339622641 0.060669456066945605
0 0.9551886792452831 0.09414225941422594 0.06132075471698113 0.18828451882845187
0 0.7564858490566038 0.029288702928870293 0.015330188679245283 0.058577405857740586
