0 0.4225941422594142 0.8176470588235294 0.06694560669456066 0.02823529411764706
0 0.5690376569037657 0.8211764705882353 0.11715481171548117 0.05647058823529412
0 0.4372384937238494 0.8029411764705883 0.04602510460251046 0.02
0 0.6276150627615062 0.7658823529411765 0.07531380753138076 0.023529411764705882
0 0.46234309623430964 0.7688235294117647 0.04602510460251046 0.04352941176470588
0 0.6705020920502092 0.7011764705882353 0.08577405857740586 0.08941176470588236
0 0.6234309623430963 0.6635294117647059 0.03347280334728033 0.04470588235294118
0 0.6882845188284519 0.5594117647058824 0.1297071129707113 0.18235294117647058
0 0.30857740585774057 0.22764705882352942 0.043933054393305436 0.036470588235294116
0 0.5585774058577406 0.22 0.1799163179916318 0.04
0 0.9320083682008368 0.19294117647058823 0.06485355648535565 0.05647058823529412
0 0.16108786610878661 0.1676470588235294 0.03347280334728033 0.02235294117647059
0 0.9560669456066946 0.12470588235294118 0.029288702928870293 0.042352941176470586
0 0.13179916317991633 0.11294117647058824 0.07531380753138076 0.0611764705882353
0 0.5941422594142259 0.09470588235294118 0.08368200836820083 0.14941176470588236
0 0.06276150627615062 0.006470588235294118 0.04602510460251046 0.012941176470588235
