0 0.38148584905660377 0.9267782426778243 0.05070754716981132 0.03765690376569038
0 0.7429245283018868 0.891213389121339 0.09198113207547169 0.0794979079497908
0 0.6462264150943396 0.852510460251046 0.07075471698113207 0.11506276150627615
0 0.7317216981132075 0.8232217573221757 0.04363207547169811 0.060669456066945605
0 0.6591981132075472 0.7248953974895398 0.049528301886792456 0.05230125523012552
0 0.7470518867924528 0.7081589958158996 0.03419811320754717 0.043933054393305436
0 0.7470518867924528 0.38389121338912136 0.09551886792452831 0.06485355648535565
0 0.75 0.3158995815899582 0.09669811320754718 0.06276150627615062
0 0.9846698113207547 0.2918410041841004 0.030660377358490566 0.08158995815899582
0 0.8172169811320755 0.08577405857740586 0.03773584905660377 0.100418410041841
0 0.6733490566037735 0.04497907949790795 0.08490566037735849 0.0899581589958159
0 0.4693396226415094 0.027196652719665274 0.04245283018867924 0.05439330543933055
0 0.3897405660377358 0.016736401673640166 0.031839622641509434 0.03347280334728033
