0 0.6767782426778243 0.7905882352941176 0.06903765690376569 0.018823529411764704
0 0.5627615062761506 0.7529411764705882 0.13389121338912133 0.021176470588235293
0 0.9675732217573222 0.7623529411764706 0.06485355648535565 0.06823529411764706
0 0.8776150627615062 0.6794117647058824 0.13179916317991633 0.05764705882352941
0 0.952928870292887 0.58 0.09414225941422594 0.07294117647058823
0 0.1589958158995816 0.5870588235294117 0.19246861924686193 0.3411764705882353
0 0.17573221757322174 0.30058823529411766 0.03765690376569038 0.041176470588235294
0 0.27719665271966526 0.2817647058823529 0.09832635983263599 0.04588235294117647
0 0.06694560669456066 0.24529411764705883 0.1087866108786611 0.05058823529411765
0 0.6997907949790795 0.17529411764705882 0.16527196652719664 0.02823529411764706
0 0.3064853556485356 0.1535294117647059 0.043933054393305436 0.01764705882352941
0 0.20606694560669456 0.1476470588235294 0.08577405857740586 0.02235294117647059
0 0.04811715481171548 0.14470588235294118 0.09623430962343096 0.04
