0 0.9048117154811716 0.6876470588235294 0.0397489539748954 0.04352941176470588
0 0.9843096234309623 0.648235294117647 0.03138075313807531 0.04
0 0.9623430962343096 0.6123529411764705 0.04184100418410042 0.041176470588235294
0 0.7092050209205021 0.5858823529411765 0.0794979079497908 0.07058823529411765
0 0.9435146443514645 0.5423529411764706 0.11297071129707113 0.07529411764705882
0 0.18619246861924685 0.42058823529411765 0.3514644351464435 0.024705882352941175
0 0.2175732217573222 0.22058823529411764 0.058577405857740586 0.05764705882352941
0 0.46443514644351463 0.1988235294117647 0.058577405857740586 0.058823529411764705
0 0.7018828451882845 0.12941176470588237 0.09414225941422594 0.03529411764705882
0 0.8169456066945606 0.13117647058823528 0.08158995815899582 0.05058823529411765
