0 0.12866108786610878 0.9029411764705882 0.06485355648535565 0.06235294117647059
0 0.41841004184100417 0.8823529411764706 0.3138075313807531 0.05411764705882353
0 0.41527196652719667 0.8576470588235294 0.22384937238493724 0.042352941176470586
0 0.9006276150627615 0.8476470588235294 0.19874476987447698 0.04588235294117647
0 0.8765690376569037 0.8058823529411765 0.06276150627615062 0.011764705882352941
0 0.9100418410041841 0.8188235294117647 0.1799163179916318 0.04470588235294118
0 0.944560669456067 0.7988235294117647 0.07322175732217573 0.01411764705882353
0 0.9351464435146444 0.6247058823529412 0.1297071129707113 0.018823529411764704
0 0.200836820083682 0.5652941176470588 0.2217573221757322 0.07411764705882352
0 0.4811715481171548 0.5317647058823529 0.19246861924686193 0.08941176470588236
0 0.07531380753138076 0.49411764705882355 0.07112970711297072 0.07529411764705882
0 0.4299163179916318 0.4429411764705882 0.1108786610878661 0.07647058823529412
0 0.29811715481171547 0.39941176470588236 0.1108786610878661 0.41058823529411764
0 0.5711297071129707 0.21 0.05439330543933055 0.052941176470588235
0 0.6600418410041841 0.2570588235294118 0.28661087866108786 0.19411764705882353
