0 0.3732311320754717 0.9142259414225942 0.05306603773584906 0.058577405857740586
0 0.7494103773584906 0.9006276150627615 0.055424528301886794 0.05230125523012552
0 0.08195754716981132 0.8880753138075314 0.07193396226415094 0.10669456066945607
0 0.7211084905660378 0.8106694560669456 0.045990566037735846 0.06485355648535565
0 0.620872641509434 0.8399581589958159 0.0695754716981132 0.12343096234309624
0 0.7352594339622641 0.6935146443514645 0.04834905660377359 0.05230125523012552
0 0.8643867924528302 0.49686192468619245 0.025943396226415096 0.03138075313807531
0 0.7370283018867925 0.36297071129707115 0.09198113207547169 0.06485355648535565
0 0.7564858490566038 0.29707112970711297 0.0625 0.06276150627615062
0 0.7293632075471698 0.29497907949790797 0.0695754716981132 0.06276150627615062
0 0.9864386792452831 0.09728033472803348 0.027122641509433963 0.04811715481171548
0 0.4699292452830189 0.08891213389121339 0.031839622641509434 0.043933054393305436
0 0.9286556603773585 0.08054393305439331 0.04363207547169811 0.03556485355648536
0 0.8101415094339622 0.08472803347280335 0.03773584905660377 0.10251046025104603
0 0.6627358490566038 0.04288702928870293 0.08726415094339622 0.08577405857740586
0 0.4534198113207547 0.0596234309623431 0.060141509433962265 0.1192468619246862
0 0.37735849056603776 0.016736401673640166 0.02830188679245283 0.03347280334728033
