0 0.9476987447698745 0.9764705882352941 0.10460251046025104 0.047058823529411764
0 0.34309623430962344 0.8223529411764706 0.03347280334728033 0.03764705882352941
0 0.4445606694560669 0.8241176470588235 0.05230125523012552 0.05529411764705883
0 0.5303347280334728 0.8211764705882353 0.09414225941422594 0.10823529411764705
0 0.9435146443514645 0.7947058823529412 0.1087866108786611 0.06235294117647059
0 0.9728033472803347 0.7652941176470588 0.05439330543933055 0.029411764705882353
0 0.8514644351464435 0.7494117647058823 0.07531380753138076 0.03058823529411765
0 0.6140167364016736 0.7282352941176471 0.03138075313807531 0.018823529411764704
0 0.6642259414225942 0.8276470588235294 0.04811715481171548 0.23411764705882354
0 0.7594142259414226 0.7164705882352941 0.10460251046025104 0.042352941176470586
0 0.27405857740585776 0.7294117647058823 0.10460251046025104 0.08
0 0.7604602510460251 0.6064705882352941 0.1192468619246862 0.17294117647058824
0 0.038702928870292884 0.2994117647058824 0.07740585774058577 0.05529411764705883
0 0.9131799163179917 0.28647058823529414 0.1192468619246862 0.04588235294117647
0 0.9654811715481172 0.2635294117647059 0.06903765690376569 0.011764705882352941
0 0.301255230125523 0.2923529411764706 0.07112970711297072 0.10235294117647059
0 0.803347280334728 0.24764705882352941 0.12552301255230125 0.06941176470588235
0 0.30857740585774057 0.20176470588235293 0.07322175732217573 0.07411764705882352
0 0.3138075313807531 0.14352941176470588 0.06694560669456066 0.011764705882352941
0 0.301255230125523 0.29352941176470587 0.12133891213389121 0.3235294117647059
0 0.4790794979079498 0.13529411764705881 0.100418410041841 0.01647058823529412
0 0.752092050209205 0.15588235294117647 0.13598326359832635 0.07647058823529412
0 0.4707112970711297 0.12 0.06276150627615062 0.011764705882352941
0 0.2594142259414226 0.10294117647058823 0.0502092050209205 0.015294117647058824
0 0.16527196652719664 0.04941176470588235 0.04602510460251046 0.03529411764705882
0 0.3807531380753138 0.07764705882352942 0.0502092050209205 0.1011764705882353
0 0.4121338912133891 0.010588235294117647 0.07531380753138076 0.021176470588235293
