0 0.9696652719665272 0.6070588235294118 0.043933054393305436 0.02823529411764706
0 0.7238493723849372 0.6052941176470589 0.1506276150627615 0.07176470588235294
0 0.9769874476987448 0.5705882352941176 0.04602510460251046 0.018823529411764704
0 0.7123430962343096 0.5711764705882353 0.1192468619246862 0.03176470588235294
0 0.9278242677824268 0.5652941176470588 0.014644351464435146 0.04588235294117647
0 0.29916317991631797 0.41823529411764704 0.06276150627615062 0.012941176470588235
0 0.9832635983263598 0.4047058823529412 0.03347280334728033 0.06588235294117648
0 0.9016736401673641 0.2 0.05439330543933055 0.047058823529411764
0 0.8211297071129707 0.19176470588235295 0.09832635983263599 0.04470588235294118
0 0.5910041841004184 0.18529411764705883 0.04811715481171548 0.03411764705882353
0 0.7740585774058577 0.08588235294117647 0.02092050209205021 0.07294117647058823
0 0.7981171548117155 0.02 0.09414225941422594 0.021176470588235293
0 0.08577405857740586 0.02411764705882353 0.03765690376569038 0.04823529411764706
