0 0.25523012552301255 0.9635294117647059 0.5104602510460251 0.07294117647058823
0 0.2217573221757322 0.9276470588235294 0.10460251046025104 0.05529411764705883
0 0.6192468619246861 0.9241176470588235 0.2510460251046025 0.11647058823529412
0 0.5648535564853556 0.9152941176470588 0.2594142259414226 0.1223529411764706
0 0.8985355648535565 0.3411764705882353 0.20292887029288703 0.10352941176470588
0 0.5920502092050209 0.27294117647058824 0.058577405857740586 0.03529411764705882
0 0.8640167364016736 0.21588235294117647 0.02510460251046025 0.029411764705882353
0 0.9037656903765691 0.21176470588235294 0.03347280334728033 0.04
0 0.946652719665272 0.20058823529411765 0.027196652719665274 0.036470588235294116
0 0.9079497907949791 0.17411764705882352 0.14644351464435146 0.058823529411764705
0 0.801255230125523 0.17058823529411765 0.03765690376569038 0.14588235294117646
0 0.6223849372384938 0.09941176470588235 0.25313807531380755 0.036470588235294116
0 0.9811715481171548 0.10941176470588235 0.03765690376569038 0.0611764705882353
0 0.7238493723849372 0.07 0.11715481171548117 0.03882352941176471
0 0.8430962343096234 0.06823529411764706 0.07112970711297072 0.058823529411764705
0 0.03765690376569038 0.02823529411764706 0.07531380753138076 0.05647058823529412
