0 0.7144351464435147 0.941764705882353 0.08577405857740586 0.11647058823529412
0 0.8127615062761506 0.7676470588235295 0.11506276150627615 0.07176470588235294
0 0.9560669456066946 0.7558823529411764 0.08786610878661087 0.07647058823529412
0 0.9769874476987448 0.6364705882352941 0.04602510460251046 0.042352941176470586
0 0.3692468619246862 0.6135294117647059 0.21548117154811716 0.05529411764705883
0 0.5711297071129707 0.5805882352941176 0.07112970711297072 0.02235294117647059
0 0.9811715481171548 0.4758823529411765 0.03765690376569038 0.03411764705882353
0 0.5711297071129707 0.4194117647058824 0.08786610878661087 0.010588235294117647
0 0.5 0.4188235294117647 0.0502092050209205 0.009411764705882352
0 0.4089958158995816 0.41823529411764704 0.16527196652719664 0.02235294117647059
0 0.6642259414225942 0.39176470588235296 0.03138075313807531 0.02588235294117647
0 0.9236401673640168 0.38823529411764707 0.15271966527196654 0.02588235294117647
0 0.6182008368200836 0.38176470588235295 0.0397489539748954 0.04352941176470588
0 0.5732217573221757 0.3811764705882353 0.03765690376569038 0.042352941176470586
0 0.5177824267782427 0.38058823529411767 0.04811715481171548 0.04352941176470588
0 0.401673640167364 0.38 0.016736401673640166 0.042352941176470586
0 0.35355648535564854 0.38 0.058577405857740586 0.042352941176470586
0 0.2834728033472803 0.38058823529411767 0.060669456066945605 0.04352941176470588
0 0.45292887029288703 0.38 0.06485355648535565 0.04470588235294118
0 0.5261506276150628 0.33705882352941174 0.1192468619246862 0.027058823529411764
0 0.028242677824267783 0.2611764705882353 0.056485355648535567 0.01647058823529412
0 0.9330543933054394 0.2676470588235294 0.13389121338912133 0.03411764705882353
0 0.5062761506276151 0.25941176470588234 0.02092050209205021 0.041176470588235294
0 0.6056485355648535 0.2676470588235294 0.07322175732217573 0.06
0 0.3389121338912134 0.2635294117647059 0.09205020920502092 0.0611764705882353
0 0.555439330543933 0.25823529411764706 0.03556485355648536 0.052941176470588235
0 0.41422594142259417 0.2535294117647059 0.06694560669456066 0.05764705882352941
0 0.4707112970711297 0.2511764705882353 0.02510460251046025 0.05529411764705883
0 0.9393305439330544 0.22588235294117648 0.12133891213389121 0.05647058823529412
0 0.060669456066945605 0.09705882352941177 0.12133891213389121 0.06705882352941177
0 0.6297071129707112 0.051176470588235295 0.39330543933054396 0.08588235294117647
0 0.08682008368200837 0.023529411764705882 0.027196652719665274 0.03058823529411765
0 0.051255230125523014 0.01647058823529412 0.02301255230125523 0.021176470588235293
