0 0.0294811320754717 0.9497907949790795 0.0589622641509434 0.09205020920502092
0 0.11379716981132075 0.9372384937238494 0.09080188679245282 0.09205020920502092
0 0.27358490566037735 0.6108786610878661 0.04481132075471698 0.08368200836820083
0 0.28714622641509435 0.5397489539748954 0.060141509433962265 0.03347280334728033
0 0.6969339622641509 0.3253138075313807 0.07075471698113207 0.060669456066945605
0 0.6975235849056604 0.2625523012552301 0.07429245283018868 0.060669456066945605
0 0.018867924528301886 0.22594142259414227 0.03773584905660377 0.058577405857740586
0 0.05778301886792453 0.22280334728033474 0.03537735849056604 0.060669456066945605
0 0.09551886792452831 0.22071129707112971 0.03537735849056604 0.060669456066945605
0 0.13738207547169812 0.2186192468619247 0.03419811320754717 0.060669456066945605
0 0.25 0.21443514644351463 0.0330188679245283 0.060669456066945605
0 0.22346698113207547 0.21443514644351463 0.020047169811320754 0.060669456066945605
0 0.17806603773584906 0.21548117154811716 0.03773584905660377 0.06276150627615062
0 0.28891509433962265 0.2112970711297071 0.04245283018867924 0.06276150627615062
0 0.38089622641509435 0.20711297071129708 0.030660377358490566 0.058577405857740586
0 0.3384433962264151 0.20815899581589958 0.018867924528301886 0.060669456066945605
0 0.31839622641509435 0.20815899581589958 0.009433962264150943 0.060669456066945605
0 0.12794811320754718 0.029288702928870293 0.04834905660377359 0.058577405857740586
0 0.012971698113207548 0.0198744769874477 0.025943396226415096 0.0397489539748954
