0 0.9822175732217573 0.6505882352941177 0.03556485355648536 0.04
0 0.6150627615062761 0.6405882352941177 0.17154811715481172 0.05529411764705883
0 0.893305439330544 0.5705882352941176 0.05439330543933055 0.03058823529411765
0 0.15585774058577406 0.5223529411764706 0.03138075313807531 0.08
0 0.9131799163179917 0.49823529411764705 0.07322175732217573 0.04588235294117647
0 0.7416317991631799 0.46176470588235297 0.04811715481171548 0.03176470588235294
0 0.09309623430962342 0.4505882352941176 0.056485355648535567 0.14823529411764705
0 0.7416317991631799 0.37411764705882355 0.16108786610878661 0.04
0 0.6830543933054394 0.33705882352941174 0.043933054393305436 0.036470588235294116
0 0.7186192468619247 0.3552941176470588 0.14435146443514643 0.09176470588235294
0 0.3117154811715481 0.29470588235294115 0.08786610878661087 0.027058823529411764
0 0.41422594142259417 0.29294117647058826 0.06276150627615062 0.02588235294117647
0 0.23221757322175732 0.2917647058823529 0.06694560669456066 0.04
0 0.5052301255230126 0.2858823529411765 0.08577405857740586 0.03529411764705882
0 0.604602510460251 0.2847058823529412 0.0794979079497908 0.047058823529411764
0 0.9717573221757322 0.27 0.05230125523012552 0.02235294117647059
0 0.9612970711297071 0.14882352941176472 0.07740585774058577 0.027058823529411764
0 0.8629707112970711 0.18176470588235294 0.07322175732217573 0.19411764705882353
0 0.32217573221757323 0.02176470588235294 0.029288702928870293 0.04352941176470588
