0 0.7317216981132075 0.9518828451882845 0.0294811320754717 0.0794979079497908
0 0.6409198113207547 0.8472803347280334 0.07900943396226415 0.08786610878661087
0 0.482311320754717 0.8096234309623431 0.06132075471698113 0.08786610878661087
0 0.9882075471698113 0.7855648535564853 0.02358490566037736 0.10251046025104603
0 0.25766509433962265 0.7384937238493724 0.08372641509433962 0.02510460251046025
0 0.40860849056603776 0.7092050209205021 0.041273584905660375 0.02092050209205021
0 0.4563679245283019 0.6976987447698745 0.05188679245283019 0.02301255230125523
0 0.6515330188679245 0.6391213389121339 0.0625 0.027196652719665274
0 0.7216981132075472 0.6255230125523012 0.05660377358490566 0.012552301255230125
0 0.7865566037735849 0.606694560669456 0.07547169811320754 0.0502092050209205
0 0.3714622641509434 0.5449790794979079 0.025943396226415096 0.07322175732217573
0 0.02535377358490566 0.5073221757322176 0.01768867924528302 0.07322175732217573
0 0.4858490566037736 0.49476987447698745 0.03537735849056604 0.11506276150627615
0 0.33549528301886794 0.47594142259414224 0.015330188679245283 0.08158995815899582
0 0.6768867924528302 0.46443514644351463 0.018867924528301886 0.07112970711297072
0 0.7523584905660378 0.4309623430962343 0.0660377358490566 0.14225941422594143
0 0.7494103773584906 0.36401673640167365 0.045990566037735846 0.04602510460251046
0 0.6945754716981132 0.41736401673640167 0.04481132075471698 0.16527196652719664
0 0.8266509433962265 0.45292887029288703 0.01650943396226415 0.2489539748953975
0 0.12853773584905662 0.3075313807531381 0.19811320754716982 0.04184100418410042
0 0.036556603773584904 0.2698744769874477 0.02830188679245283 0.07531380753138076
0 0.7659198113207547 0.21234309623430964 0.11674528301886793 0.02301255230125523
0 0.20931603773584906 0.2395397489539749 0.12617924528301888 0.10251046025104603
0 0.14386792452830188 0.21338912133891214 0.27122641509433965 0.08368200836820083
0 0.4994103773584906 0.014644351464435146 0.14268867924528303 0.029288702928870293
0 0.2841981132075472 0.02405857740585774 0.02830188679245283 0.04811715481171548
