0 0.11401673640167365 0.7588235294117647 0.04811715481171548 0.14352941176470588
0 0.7887029288702929 0.6347058823529412 0.06276150627615062 0.02235294117647059
0 0.06485355648535565 0.571764705882353 0.05439330543933055 0.10823529411764705
0 0.9320083682008368 0.3558823529411765 0.13598326359832635 0.07411764705882352
0 0.6443514644351465 0.2752941176470588 0.16736401673640167 0.03764705882352941
0 0.5826359832635983 0.23470588235294118 0.043933054393305436 0.036470588235294116
0 0.07740585774058577 0.13470588235294118 0.15481171548117154 0.09294117647058824
0 0.39539748953974896 0.06705882352941177 0.03765690376569038 0.021176470588235293
0 0.4686192468619247 0.05823529411764706 0.100418410041841 0.03176470588235294
0 0.696652719665272 0.06705882352941177 0.100418410041841 0.05647058823529412
0 0.5397489539748954 0.07941176470588235 0.07531380753138076 0.1188235294117647
0 0.6652719665271967 0.024705882352941175 0.14644351464435146 0.04941176470588235
