0 0.7866108786610879 0.9229411764705883 0.0794979079497908 0.12588235294117647
0 0.41736401673640167 0.5835294117647059 0.23640167364016737 0.05176470588235294
0 0.9633891213389121 0.56 0.06903765690376569 0.02588235294117647
0 0.6119246861924686 0.5435294117647059 0.07322175732217573 0.023529411764705882
0 0.9351464435146444 0.4888235294117647 0.1297071129707113 0.12823529411764706
0 0.5219665271966527 0.38 0.27405857740585776 0.02588235294117647
0 0.3064853556485356 0.3458823529411765 0.060669456066945605 0.04470588235294118
0 0.42573221757322177 0.3417647058823529 0.01882845188284519 0.04352941176470588
0 0.3797071129707113 0.3423529411764706 0.060669456066945605 0.04470588235294118
0 0.696652719665272 0.34 0.03765690376569038 0.042352941176470586
0 0.4790794979079498 0.3411764705882353 0.06694560669456066 0.04470588235294118
0 0.6506276150627615 0.33941176470588236 0.04184100418410042 0.04352941176470588
0 0.602510460251046 0.33941176470588236 0.04184100418410042 0.04352941176470588
0 0.5460251046025104 0.33941176470588236 0.05439330543933055 0.04352941176470588
0 0.37447698744769875 0.29764705882352943 0.03347280334728033 0.02588235294117647
0 0.551255230125523 0.29470588235294115 0.12343096234309624 0.027058823529411764
0 0.9476987447698745 0.2876470588235294 0.10460251046025104 0.0811764705882353
0 0.9550209205020921 0.2288235294117647 0.0899581589958159 0.01764705882352941
0 0.6307531380753139 0.22294117647058823 0.07740585774058577 0.06
0 0.35669456066945604 0.22470588235294117 0.09414225941422594 0.06352941176470588
0 0.5282426778242678 0.21470588235294116 0.02301255230125523 0.04588235294117647
