0 0.7228033472803347 0.8564705882352941 0.14853556485355648 0.10352941176470588
0 0.14330543933054393 0.79 0.11506276150627615 0.07882352941176471
0 0.0397489539748954 0.7717647058823529 0.0794979079497908 0.042352941176470586
0 0.7887029288702929 0.7929411764705883 0.03765690376569038 0.09176470588235294
0 0.6746861924686193 0.7841176470588235 0.14853556485355648 0.10941176470588235
0 0.5366108786610879 0.5605882352941176 0.043933054393305436 0.04588235294117647
0 0.35669456066945604 0.5664705882352942 0.1401673640167364 0.06
0 0.46548117154811713 0.56 0.10251046025104603 0.05647058823529412
0 0.6297071129707112 0.5505882352941176 0.13389121338912133 0.047058823529411764
0 0.6548117154811716 0.5305882352941177 0.029288702928870293 0.023529411764705882
0 0.14435146443514643 0.5241176470588236 0.13807531380753138 0.03176470588235294
0 0.5638075313807531 0.4823529411764706 0.3493723849372385 0.007058823529411765
0 0.3587866108786611 0.33588235294117647 0.7175732217573222 0.036470588235294116
