0 0.7629716981132075 0.9016736401673641 0.02358490566037736 0.06694560669456066
0 0.31957547169811323 0.856694560669456 0.07311320754716981 0.027196652719665274
0 0.11202830188679246 0.8640167364016736 0.02122641509433962 0.04602510460251046
0 0.4705188679245283 0.4665271966527197 0.025943396226415096 0.06694560669456066
0 0.8850235849056604 0.36401673640167365 0.024764150943396228 0.02510460251046025
0 0.9274764150943396 0.3598326359832636 0.02240566037735849 0.03347280334728033
0 0.11910377358490566 0.26673640167364016 0.03537735849056604 0.027196652719665274
0 0.011202830188679245 0.25418410041841005 0.02240566037735849 0.06903765690376569
0 0.9787735849056604 0.22594142259414227 0.04245283018867924 0.02510460251046025
0 0.9410377358490566 0.1401673640167364 0.08018867924528301 0.06276150627615062
