0 0.9748953974895398 0.65 0.0502092050209205 0.04823529411764706
0 0.5753138075313807 0.5323529411764706 0.12133891213389121 0.010588235294117647
0 0.5774058577405857 0.40294117647058825 0.1297071129707113 0.015294117647058824
0 0.4686192468619247 0.3735294117647059 0.04184100418410042 0.029411764705882353
0 0.5826359832635983 0.3729411764705882 0.03556485355648536 0.03058823529411765
0 0.549163179916318 0.3735294117647059 0.03138075313807531 0.03176470588235294
0 0.5135983263598326 0.3729411764705882 0.03556485355648536 0.03058823529411765
0 0.6569037656903766 0.37176470588235294 0.03347280334728033 0.03058823529411765
0 0.6150627615062761 0.3723529411764706 0.04184100418410042 0.03176470588235294
0 0.49581589958158995 0.3323529411764706 0.03765690376569038 0.041176470588235294
0 0.4435146443514644 0.3323529411764706 0.0502092050209205 0.041176470588235294
0 0.5794979079497908 0.3311764705882353 0.03765690376569038 0.041176470588235294
0 0.5376569037656904 0.3311764705882353 0.03765690376569038 0.041176470588235294
0 0.702928870292887 0.33 0.08786610878661087 0.041176470588235294
0 0.6276150627615062 0.3305882352941176 0.06276150627615062 0.042352941176470586
0 0.4393305439330544 0.28 0.03765690376569038 0.03294117647058824
0 0.6558577405857741 0.27705882352941175 0.15690376569037656 0.03411764705882353
0 0.4382845188284519 0.20176470588235293 0.09414225941422594 0.06941176470588235
0 0.7280334728033473 0.1976470588235294 0.08368200836820083 0.06588235294117648
0 0.1506276150627615 0.39235294117647057 0.100418410041841 0.46941176470588236
0 0.5167364016736402 0.18823529411764706 0.07112970711297072 0.06352941176470588
0 0.6485355648535565 0.1864705882352941 0.08368200836820083 0.06470588235294118
0 0.5774058577405857 0.18411764705882352 0.02510460251046025 0.06
