0 0.39748953974895396 0.9776470588235294 0.03347280334728033 0.018823529411764704
0 0.17573221757322174 0.9164705882352941 0.0502092050209205 0.018823529411764704
0 0.06171548117154812 0.9217647058823529 0.12343096234309624 0.07411764705882352
0 0.551255230125523 0.9235294117647059 0.060669456066945605 0.09176470588235294
0 0.7301255230125523 0.8358823529411765 0.1297071129707113 0.0976470588235294
0 0.9780334728033473 0.6488235294117647 0.043933054393305436 0.015294117647058824
0 0.9278242677824268 0.6347058823529412 0.07322175732217573 0.09058823529411765
0 0.02510460251046025 0.57 0.0502092050209205 0.029411764705882353
0 0.9884937238493724 0.558235294117647 0.02301255230125523 0.041176470588235294
0 0.07531380753138076 0.4788235294117647 0.1506276150627615 0.047058823529411764
0 0.10460251046025104 0.41294117647058826 0.18410041841004185 0.04470588235294118
0 0.8870292887029289 0.35705882352941176 0.03765690376569038 0.02
0 0.056485355648535567 0.32823529411764707 0.11297071129707113 0.018823529411764704
0 0.700836820083682 0.3211764705882353 0.08786610878661087 0.023529411764705882
0 0.9173640167364017 0.23058823529411765 0.09832635983263599 0.06823529411764706
0 0.9571129707112971 0.25529411764705884 0.08577405857740586 0.17882352941176471
