0 0.5 0.9163179916317992 1.0 0.16736401673640167
0 0.08726415094339622 0.8744769874476988 0.12971698113207547 0.11715481171548117
0 0.9764150943396226 0.7248953974895398 0.04716981132075472 0.08158995815899582
0 0.9752358490566038 0.6725941422594143 0.049528301886792456 0.06485355648535565
0 0.2134433962264151 0.7175732217573222 0.125 0.19665271966527198
0 0.9658018867924528 0.5826359832635983 0.04009433962264151 0.0899581589958159
0 0.36851415094339623 0.5481171548117155 0.1474056603773585 0.09205020920502092
0 0.5819575471698113 0.5355648535564853 0.11910377358490566 0.10460251046025104
0 0.6025943396226415 0.3169456066945607 0.049528301886792456 0.060669456066945605
0 0.9917452830188679 0.23640167364016737 0.01650943396226415 0.0502092050209205
0 0.6267688679245284 0.21548117154811716 0.03891509433962264 0.058577405857740586
0 0.6627358490566038 0.2112970711297071 0.05660377358490566 0.05439330543933055
0 0.7329009433962265 0.20920502092050208 0.07665094339622641 0.058577405857740586
0 0.7482311320754716 0.09414225941422594 0.04363207547169811 0.07531380753138076
0 0.9893867924528302 0.04184100418410042 0.02122641509433962 0.08368200836820083
0 0.9487028301886793 0.07426778242677824 0.05070754716981132 0.14853556485355648
