0 0.6798349056603774 0.9225941422594143 0.060141509433962265 0.0502092050209205
0 0.5 0.9414225941422594 1.0 0.11715481171548117
0 0.6137971698113207 0.8838912133891214 0.05778301886792453 0.04811715481171548
0 0.5518867924528302 0.8640167364016736 0.05660377358490566 0.0502092050209205
0 0.388561320754717 0.858786610878661 0.03419811320754717 0.043933054393305436
0 0.4321933962264151 0.8535564853556485 0.04363207547169811 0.04184100418410042
0 0.7417452830188679 0.8232217573221757 0.054245283018867926 0.04811715481171548
0 0.4858490566037736 0.8064853556485355 0.04716981132075472 0.03556485355648536
0 0.03891509433962264 0.5972803347280334 0.07783018867924528 0.056485355648535567
0 0.06132075471698113 0.5292887029288703 0.07547169811320754 0.08368200836820083
0 0.9563679245283019 0.48430962343096234 0.03537735849056604 0.03556485355648536
0 0.847877358490566 0.41422594142259417 0.01650943396226415 0.03765690376569038
0 0.018278301886792452 0.35251046025104604 0.015330188679245283 0.03556485355648536
0 0.7028301886792453 0.33158995815899583 0.09198113207547169 0.07322175732217573
0 0.43514150943396224 0.38389121338912136 0.01179245283018868 0.17782426778242677
0 0.4893867924528302 0.39539748953974896 0.01179245283018868 0.20920502092050208
0 0.4027122641509434 0.3713389121338912 0.0294811320754717 0.2907949790794979
0 0.5607311320754716 0.2625523012552301 0.01061320754716981 0.08158995815899582
0 0.5925707547169812 0.3148535564853556 0.03419811320754717 0.20292887029288703
0 0.7016509433962265 0.2489539748953975 0.09198113207547169 0.07531380753138076
0 0.7016509433962265 0.027196652719665274 0.1179245283018868 0.05439330543933055
