0 0.8723849372384938 0.8235294117647058 0.029288702928870293 0.2023529411764706
0 0.6328451882845189 0.7347058823529412 0.18619246861924685 0.03882352941176471
0 0.8880753138075314 0.8458823529411764 0.09832635983263599 0.30823529411764705
0 0.950836820083682 0.6829411764705883 0.027196652719665274 0.04823529411764706
0 0.50418410041841 0.67 0.03347280334728033 0.029411764705882353
0 0.6631799163179917 0.6741176470588235 0.07531380753138076 0.04
0 0.602510460251046 0.6741176470588235 0.058577405857740586 0.04
0 0.4225941422594142 0.6735294117647059 0.1087866108786611 0.06470588235294118
0 0.7604602510460251 0.5188235294117647 0.13598326359832635 0.03294117647058824
0 0.027196652719665274 0.48823529411764705 0.05439330543933055 0.02823529411764706
0 0.7646443514644351 0.48764705882352943 0.13598326359832635 0.03176470588235294
0 0.8702928870292888 0.4958823529411765 0.058577405857740586 0.10941176470588235
0 0.7133891213389121 0.52 0.26359832635983266 0.16941176470588235
0 0.5209205020920502 0.31588235294117645 0.10460251046025104 0.07411764705882352
0 0.9811715481171548 0.26529411764705885 0.03765690376569038 0.02
0 0.9246861924686193 0.23529411764705882 0.06276150627615062 0.05647058823529412
0 0.5962343096234309 0.21588235294117647 0.08786610878661087 0.03411764705882353
