0 0.649581589958159 0.9882352941176471 0.06903765690376569 0.023529411764705882
0 0.48640167364016734 0.9876470588235294 0.04811715481171548 0.024705882352941175
0 0.18410041841004185 0.9847058823529412 0.029288702928870293 0.021176470588235293
0 0.38598326359832635 0.9829411764705882 0.06485355648535565 0.03411764705882353
0 0.5658995815899581 0.98 0.07322175732217573 0.04
0 0.7656903765690377 0.9782352941176471 0.18410041841004185 0.04352941176470588
0 0.6328451882845189 0.8970588235294118 0.22384937238493724 0.06
0 0.797071129707113 0.8694117647058823 0.13807531380753138 0.04470588235294118
0 0.45292887029288703 0.8341176470588235 0.2907949790794979 0.15058823529411763
0 0.9550209205020921 0.5794117647058824 0.0899581589958159 0.06235294117647059
0 0.47594142259414224 0.4364705882352941 0.1903765690376569 0.04470588235294118
0 0.9476987447698745 0.43941176470588234 0.10460251046025104 0.09058823529411765
0 0.6631799163179917 0.35 0.4686192468619247 0.01764705882352941
0 0.8085774058577406 0.31470588235294117 0.08158995815899582 0.02235294117647059
0 0.3985355648535565 0.2923529411764706 0.060669456066945605 0.02
0 0.03347280334728033 0.25176470588235295 0.06694560669456066 0.021176470588235293
0 0.9016736401673641 0.26235294117647057 0.19665271966527198 0.10352941176470588
0 0.4560669456066946 0.10588235294117647 0.03765690376569038 0.047058823529411764
0 0.9194560669456067 0.04941176470588235 0.08158995815899582 0.0988235294117647
0 0.34205020920502094 0.04 0.056485355648535567 0.08
