0 0.5 0.9822175732217573 1.0 0.03556485355648536
0 0.04009433962264151 0.8085774058577406 0.04009433962264151 0.2907949790794979
0 0.6479952830188679 0.5910041841004184 0.036556603773584904 0.056485355648535567
0 0.6827830188679245 0.5857740585774058 0.02358490566037736 0.0502092050209205
0 0.9404481132075472 0.5805439330543933 0.02240566037735849 0.043933054393305436
0 0.7016509433962265 0.5826359832635983 0.018867924528301886 0.05230125523012552
0 0.7234669811320755 0.5774058577405857 0.02240566037735849 0.0502092050209205
0 0.7452830188679245 0.5742677824267782 0.025943396226415096 0.05230125523012552
0 0.9575471698113207 0.5167364016736402 0.02358490566037736 0.04602510460251046
0 0.9781839622641509 0.5115062761506276 0.020047169811320754 0.043933054393305436
0 0.4481132075471698 0.3399581589958159 0.04245283018867924 0.043933054393305436
0 0.9363207547169812 0.012552301255230125 0.12735849056603774 0.02510460251046025
0 0.8408018867924528 0.013598326359832637 0.05660377358490566 0.027196652719665274
0 0.7706367924528302 0.016736401673640166 0.055424528301886794 0.03347280334728033
0 0.5495283018867925 0.027196652719665274 0.25235849056603776 0.05439330543933055
0 0.41332547169811323 0.04184100418410042 0.07900943396226415 0.08368200836820083
0 0.2800707547169811 0.029288702928870293 0.05070754716981132 0.058577405857740586
0 0.19870283018867924 0.015690376569037656 0.0695754716981132 0.03138075313807531
