0 0.6338912133891214 0.9535294117647058 0.058577405857740586 0.027058823529411764
0 0.698744769874477 0.9541176470588235 0.029288702928870293 0.03764705882352941
0 0.6778242677824268 0.9052941176470588 0.20502092050209206 0.06941176470588235
0 0.5240585774058577 0.7941176470588235 0.05230125523012552 0.03529411764705882
0 0.7112970711297071 0.7835294117647059 0.029288702928870293 0.018823529411764704
0 0.5899581589958159 0.7941176470588235 0.029288702928870293 0.04470588235294118
0 0.46234309623430964 0.7811764705882352 0.04602510460251046 0.042352941176470586
0 0.41422594142259417 0.7741176470588236 0.04602510460251046 0.042352941176470586
0 0.37343096234309625 0.7694117647058824 0.027196652719665274 0.042352941176470586
0 0.8420502092050209 0.73 0.02301255230125523 0.1188235294117647
0 0.75418410041841 0.6588235294117647 0.027196652719665274 0.018823529411764704
0 0.9382845188284519 0.6147058823529412 0.06485355648535565 0.024705882352941175
0 0.3117154811715481 0.558235294117647 0.09623430962343096 0.03882352941176471
0 0.33263598326359833 0.5370588235294118 0.12133891213389121 0.03882352941176471
0 0.8002092050209205 0.5229411764705882 0.027196652719665274 0.01764705882352941
0 0.9131799163179917 0.5411764705882353 0.0397489539748954 0.09647058823529411
0 0.5240585774058577 0.5017647058823529 0.043933054393305436 0.036470588235294116
0 0.7269874476987448 0.6635294117647059 0.12761506276150628 0.36941176470588233
0 0.9581589958158996 0.4717647058823529 0.08368200836820083 0.04
0 0.47489539748953974 0.46647058823529414 0.07112970711297072 0.03176470588235294
0 0.36297071129707115 0.48470588235294115 0.14853556485355648 0.08470588235294117
0 0.5993723849372385 0.42411764705882354 0.0899581589958159 0.05529411764705883
0 0.39644351464435146 0.4041176470588235 0.18200836820083682 0.052941176470588235
0 0.5083682008368201 0.4041176470588235 0.04602510460251046 0.06
0 0.8389121338912134 0.2823529411764706 0.16736401673640167 0.06823529411764706
0 0.897489539748954 0.34941176470588237 0.20502092050209206 0.20705882352941177
0 0.3106694560669456 0.21176470588235294 0.10251046025104603 0.08470588235294117
0 0.9759414225941423 0.17176470588235293 0.04811715481171548 0.03058823529411765
0 0.5303347280334728 0.08705882352941176 0.2280334728033473 0.09411764705882353
0 0.5261506276150628 0.018235294117647058 0.06903765690376569 0.036470588235294116
0 0.3368200836820084 0.010588235294117647 0.06276150627615062 0.021176470588235293
0 0.0397489539748954 0.029411764705882353 0.0794979079497908 0.058823529411764705
