0 0.5607311320754716 0.7981171548117155 0.1332547169811321 0.0899581589958159
0 0.2954009433962264 0.8253138075313807 0.060141509433962265 0.16527196652719664
0 0.9380896226415094 0.752092050209205 0.03419811320754717 0.09414225941422594
0 0.47582547169811323 0.6684100418410042 0.027122641509433963 0.07740585774058577
0 0.5058962264150944 0.6642259414225942 0.025943396226415096 0.09832635983263599
0 0.39799528301886794 0.6558577405857741 0.18985849056603774 0.23640167364016737
0 0.5778301886792453 0.4571129707112971 0.06367924528301887 0.03556485355648536
0 0.5135613207547169 0.45083682008368203 0.05306603773584906 0.027196652719665274
0 0.6356132075471698 0.4665271966527197 0.07547169811320754 0.06276150627615062
0 0.5135613207547169 0.4236401673640167 0.05306603773584906 0.027196652719665274
