0 0.151673640167364 0.9470588235294117 0.0397489539748954 0.10588235294117647
0 0.07112970711297072 0.9117647058823529 0.14225941422594143 0.0611764705882353
0 0.03347280334728033 0.46176470588235297 0.06694560669456066 0.06941176470588235
0 0.1997907949790795 0.45235294117647057 0.027196652719665274 0.13294117647058823
0 0.05439330543933055 0.4117647058823529 0.1087866108786611 0.06823529411764706
0 0.7845188284518828 0.37058823529411766 0.07112970711297072 0.03529411764705882
0 0.3179916317991632 0.3517647058823529 0.20920502092050208 0.04
0 0.6861924686192469 0.3564705882352941 0.07112970711297072 0.0611764705882353
0 0.643305439330544 0.19411764705882353 0.043933054393305436 0.023529411764705882
0 0.5669456066945606 0.1411764705882353 0.18410041841004185 0.03058823529411765
