0 0.6792452830188679 0.9058577405857741 0.09433962264150944 0.058577405857740586
0 0.7423349056603774 0.8347280334728033 0.06485849056603774 0.029288702928870293
0 0.5288915094339622 0.8294979079497908 0.07900943396226415 0.2112970711297071
0 0.9575471698113207 0.8085774058577406 0.08490566037735849 0.17364016736401675
0 0.03537735849056604 0.7102510460251046 0.07075471698113207 0.08577405857740586
0 0.6928066037735849 0.6799163179916318 0.2346698113207547 0.04602510460251046
0 0.8649764150943396 0.497907949790795 0.055424528301886794 0.10460251046025104
0 0.9433962264150944 0.5010460251046025 0.07311320754716981 0.14853556485355648
0 0.9941037735849056 0.36297071129707115 0.01179245283018868 0.0397489539748954
0 0.9339622641509434 0.25732217573221755 0.04481132075471698 0.04184100418410042
0 0.9758254716981132 0.3138075313807531 0.04834905660377359 0.18828451882845187
0 0.9180424528301887 0.2186192468619247 0.041273584905660375 0.043933054393305436
0 0.6556603773584906 0.20188284518828453 0.33962264150943394 0.03138075313807531
0 0.8596698113207547 0.19560669456066945 0.02358490566037736 0.060669456066945605
0 0.6067216981132075 0.17677824267782427 0.036556603773584904 0.03556485355648536
0 0.6114386792452831 0.14748953974895398 0.045990566037735846 0.01882845188284519
0 0.6462264150943396 0.16736401673640167 0.10613207547169812 0.06276150627615062
0 0.7606132075471698 0.16422594142259414 0.11320754716981132 0.06485355648535565
0 0.27712264150943394 0.1307531380753138 0.1650943396226415 0.006276150627615063
0 0.07547169811320754 0.12343096234309624 0.08726415094339622 0.02092050209205021
0 0.4681603773584906 0.09623430962343096 0.02358490566037736 0.0502092050209205
0 0.5913915094339622 0.07740585774058577 0.08844339622641509 0.08368200836820083
0 0.4693396226415094 0.06694560669456066 0.08254716981132075 0.09205020920502092
0 0.6533018867924528 0.03556485355648536 0.02122641509433962 0.07112970711297072
0 0.43337264150943394 0.02301255230125523 0.027122641509433963 0.04602510460251046
0 0.28537735849056606 0.021966527196652718 0.02358490566037736 0.043933054393305436
