0 0.5908018867924528 0.8002092050209205 0.1721698113207547 0.06485355648535565
0 0.9935141509433962 0.7907949790794979 0.012971698113207548 0.058577405857740586
0 0.28891509433962265 0.797071129707113 0.049528301886792456 0.13389121338912133
0 0.9251179245283019 0.75418410041841 0.04363207547169811 0.12343096234309624
0 0.5053066037735849 0.6705020920502092 0.027122641509433963 0.09832635983263599
0 0.47582547169811323 0.6642259414225942 0.027122641509433963 0.09832635983263599
0 0.39681603773584906 0.6527196652719666 0.18985849056603774 0.22594142259414227
0 0.7659198113207547 0.5188284518828452 0.02240566037735849 0.06694560669456066
0 0.6338443396226415 0.49267782426778245 0.07429245283018868 0.07322175732217573
0 0.5117924528301887 0.45188284518828453 0.054245283018867926 0.029288702928870293
0 0.3732311320754717 0.40376569037656906 0.045990566037735846 0.058577405857740586
0 0.7405660377358491 0.4707112970711297 0.03537735849056604 0.20920502092050208
0 0.29009433962264153 0.39644351464435146 0.009433962264150943 0.12761506276150628
