0 0.7353556485355649 0.7717647058823529 0.17782426778242677 0.17176470588235293
0 0.8797071129707112 0.6835294117647058 0.10251046025104603 0.07764705882352942
0 0.9874476987447699 0.6252941176470588 0.02510460251046025 0.036470588235294116
0 0.9654811715481172 0.591764705882353 0.03556485355648536 0.04
0 0.6872384937238494 0.5623529411764706 0.07740585774058577 0.08235294117647059
0 0.22698744769874477 0.4252941176470588 0.45397489539748953 0.03411764705882353
0 0.028242677824267783 0.4158823529411765 0.056485355648535567 0.03882352941176471
0 0.899581589958159 0.41058823529411764 0.058577405857740586 0.03058823529411765
0 0.6725941422594143 0.3952941176470588 0.16108786610878661 0.009411764705882352
0 0.2280334728033473 0.3711764705882353 0.09205020920502092 0.052941176470588235
0 0.7395397489539749 0.17294117647058824 0.09414225941422594 0.04470588235294118
0 0.04497907949790795 0.07411764705882352 0.056485355648535567 0.01647058823529412
0 0.9623430962343096 0.05352941176470588 0.04184100418410042 0.03411764705882353
0 0.8608786610878661 0.00823529411764706 0.04811715481171548 0.01647058823529412
0 0.7583682008368201 0.02 0.0899581589958159 0.04
