0 0.6810141509433962 0.9079497907949791 0.09316037735849056 0.05439330543933055
0 0.7429245283018868 0.8357740585774058 0.06367924528301887 0.027196652719665274
0 0.9593160377358491 0.8075313807531381 0.08136792452830188 0.17154811715481172
0 0.7741745283018868 0.7102510460251046 0.07429245283018868 0.02301255230125523
0 0.6432783018867925 0.6600418410041841 0.10023584905660378 0.03556485355648536
0 0.06485849056603774 0.6861924686192469 0.12971698113207547 0.100418410041841
0 0.7617924528301887 0.6527196652719666 0.13679245283018868 0.04602510460251046
0 0.9457547169811321 0.5115062761506276 0.07311320754716981 0.1192468619246862
0 0.8785377358490566 0.48640167364016734 0.0330188679245283 0.08577405857740586
0 0.9351415094339622 0.25418410041841005 0.04481132075471698 0.0397489539748954
0 0.9770047169811321 0.3117154811715481 0.045990566037735846 0.1799163179916318
0 0.9192216981132075 0.21548117154811716 0.041273584905660375 0.04602510460251046
0 0.6615566037735849 0.17259414225941422 0.36556603773584906 0.03556485355648536
0 0.6609669811320755 0.13702928870292888 0.11438679245283019 0.06485355648535565
0 0.2553066037735849 0.10774058577405858 0.23702830188679244 0.014644351464435146
0 0.7788915094339622 0.1307531380753138 0.11438679245283019 0.06485355648535565
0 0.08608490566037735 0.10251046025104603 0.08726415094339622 0.016736401673640166
0 0.5925707547169812 0.06171548117154812 0.08608490566037735 0.056485355648535567
0 0.4705188679245283 0.053347280334728034 0.08018867924528301 0.06903765690376569
0 0.6538915094339622 0.03556485355648536 0.020047169811320754 0.07112970711297072
0 0.43278301886792453 0.02092050209205021 0.025943396226415096 0.04184100418410042
0 0.2847877358490566 0.02092050209205021 0.02240566037735849 0.04184100418410042
