0 0.7426778242677824 0.861764705882353 0.14225941422594143 0.09058823529411765
0 0.17782426778242677 0.7864705882352941 0.0794979079497908 0.07882352941176471
0 0.8127615062761506 0.7911764705882353 0.0397489539748954 0.09294117647058824
0 0.032426778242677826 0.7605882352941177 0.06485355648535565 0.05058823529411765
0 0.6997907949790795 0.7817647058823529 0.15271966527196654 0.10941176470588235
0 0.8138075313807531 0.7258823529411764 0.03347280334728033 0.03764705882352941
0 0.2698744769874477 0.5758823529411765 0.0502092050209205 0.052941176470588235
0 0.42573221757322177 0.5570588235294117 0.04811715481171548 0.03882352941176471
0 0.3577405857740586 0.5623529411764706 0.10460251046025104 0.058823529411764705
0 0.5564853556485355 0.5552941176470588 0.04184100418410042 0.047058823529411764
0 0.6380753138075314 0.5488235294117647 0.05439330543933055 0.041176470588235294
0 0.48640167364016734 0.5552941176470588 0.10251046025104603 0.05647058823529412
0 0.600418410041841 0.5435294117647059 0.029288702928870293 0.04
0 0.17468619246861924 0.571764705882353 0.13598326359832635 0.1011764705882353
0 0.6788702928870293 0.5247058823529411 0.03138075313807531 0.023529411764705882
0 0.16317991631799164 0.52 0.13807531380753138 0.03294117647058824
0 0.10251046025104603 0.49470588235294116 0.17154811715481172 0.01764705882352941
0 0.5857740585774058 0.4758823529411765 0.35564853556485354 0.0058823529411764705
0 0.37552301255230125 0.32823529411764707 0.7343096234309623 0.03764705882352941
0 0.2709205020920502 0.30941176470588233 0.056485355648535567 0.04941176470588235
0 0.1997907949790795 0.3088235294117647 0.060669456066945605 0.05058823529411765
0 0.13284518828451883 0.3058823529411765 0.05230125523012552 0.04941176470588235
0 0.45397489539748953 0.30176470588235293 0.058577405857740586 0.05058823529411765
0 0.8127615062761506 0.23941176470588235 0.16108786610878661 0.041176470588235294
0 0.8985355648535565 0.23411764705882354 0.07322175732217573 0.03764705882352941
0 0.5889121338912134 0.05588235294117647 0.09414225941422594 0.05058823529411765
0 0.4675732217573222 0.02411764705882353 0.10251046025104603 0.04823529411764706
