0 0.5 0.9748953974895398 1.0 0.0502092050209205
0 0.039504716981132074 0.7730125523012552 0.036556603773584904 0.23640167364016737
0 0.6326650943396226 0.5868200836820083 0.036556603773584904 0.056485355648535567
0 0.6662735849056604 0.5826359832635983 0.02358490566037736 0.05230125523012552
0 0.9162735849056604 0.5742677824267782 0.02122641509433962 0.043933054393305436
0 0.6845518867924528 0.5774058577405857 0.01768867924528302 0.0502092050209205
0 0.7051886792452831 0.5721757322175732 0.02122641509433962 0.04811715481171548
0 0.7264150943396226 0.5690376569037657 0.025943396226415096 0.0502092050209205
0 0.9705188679245284 0.555439330543933 0.030660377358490566 0.04811715481171548
0 0.9321933962264151 0.5135983263598326 0.02240566037735849 0.043933054393305436
0 0.9528301886792453 0.5062761506276151 0.018867924528301886 0.04184100418410042
0 0.37971698113207547 0.4393305439330544 0.04481132075471698 0.20502092050209206
0 0.43042452830188677 0.34309623430962344 0.05660377358490566 0.04602510460251046
0 0.8714622641509434 0.02092050209205021 0.25707547169811323 0.04184100418410042
0 0.27240566037735847 0.032426778242677826 0.06839622641509434 0.06485355648535565
0 0.2016509433962264 0.01778242677824268 0.07075471698113207 0.03556485355648536
