0 0.36506276150627615 0.9229411764705883 0.10251046025104603 0.036470588235294116
0 0.75418410041841 0.8464705882352941 0.0397489539748954 0.07647058823529412
0 0.9142259414225942 0.8047058823529412 0.17154811715481172 0.04941176470588235
0 0.8096234309623431 0.7423529411764705 0.06694560669456066 0.15529411764705883
0 0.9215481171548117 0.6870588235294117 0.15271966527196654 0.08941176470588236
0 0.9058577405857741 0.58 0.08786610878661087 0.04
0 0.9665271966527197 0.3623529411764706 0.06694560669456066 0.01647058823529412
0 0.7322175732217573 0.29764705882352943 0.058577405857740586 0.03529411764705882
0 0.8221757322175732 0.29 0.0502092050209205 0.024705882352941175
0 0.9665271966527197 0.20470588235294118 0.06694560669456066 0.058823529411764705
0 0.47280334728033474 0.11588235294117646 0.029288702928870293 0.03176470588235294
0 0.952928870292887 0.10705882352941176 0.09414225941422594 0.04470588235294118
0 0.9612970711297071 0.02235294117647059 0.07740585774058577 0.04470588235294118
