0 0.7876569037656904 0.9217647058823529 0.08158995815899582 0.12588235294117647
0 0.4246861924686193 0.581764705882353 0.24686192468619247 0.05058823529411765
0 0.9623430962343096 0.5576470588235294 0.07112970711297072 0.02588235294117647
0 0.6234309623430963 0.5423529411764706 0.06694560669456066 0.021176470588235293
0 0.9393305439330544 0.5164705882352941 0.12133891213389121 0.07058823529411765
0 0.6108786610878661 0.37823529411764706 0.09205020920502092 0.012941176470588235
0 0.5376569037656904 0.37823529411764706 0.0502092050209205 0.012941176470588235
0 0.4790794979079498 0.38058823529411767 0.16317991631799164 0.01764705882352941
0 0.5282426778242678 0.36823529411764705 0.25313807531380755 0.004705882352941176
0 0.3127615062761506 0.34058823529411764 0.060669456066945605 0.04588235294117647
0 0.38598326359832635 0.3382352941176471 0.060669456066945605 0.04352941176470588
0 0.4341004184100418 0.3376470588235294 0.01882845188284519 0.04470588235294118
0 0.6610878661087866 0.33705882352941174 0.04184100418410042 0.04588235294117647
0 0.6129707112970711 0.33647058823529413 0.04184100418410042 0.04470588235294118
0 0.555439330543933 0.33647058823529413 0.05230125523012552 0.04470588235294118
0 0.4874476987447699 0.33705882352941174 0.06694560669456066 0.04588235294117647
0 0.9560669456066946 0.31176470588235294 0.08786610878661087 0.03058823529411765
0 0.5627615062761506 0.2911764705882353 0.12552301255230125 0.027058823529411764
0 0.9592050209205021 0.26941176470588235 0.08158995815899582 0.04941176470588235
0 0.9654811715481172 0.22764705882352942 0.06903765690376569 0.015294117647058824
0 0.6338912133891214 0.22588235294117648 0.05439330543933055 0.04
0 0.36610878661087864 0.2188235294117647 0.09623430962343096 0.06352941176470588
0 0.5418410041841004 0.2076470588235294 0.02510460251046025 0.05058823529411765
0 0.4445606694560669 0.2076470588235294 0.06903765690376569 0.06
0 0.502092050209205 0.20411764705882354 0.02510460251046025 0.05764705882352941
0 0.27405857740585776 0.21411764705882352 0.05439330543933055 0.10588235294117647
0 0.038702928870292884 0.14176470588235293 0.07740585774058577 0.07411764705882352
0 0.8702928870292888 0.007058823529411765 0.0502092050209205 0.01411764705882353
