0 0.47759433962264153 0.9257322175732218 0.02122641509433962 0.06485355648535565
0 0.5 0.9393305439330544 1.0 0.12133891213389121
0 0.18691037735849056 0.8849372384937239 0.03891509433962264 0.04184100418410042
0 0.2659198113207547 0.7332635983263598 0.060141509433962265 0.06903765690376569
0 0.2647405660377358 0.7071129707112971 0.23702830188679244 0.2928870292887029
0 0.34787735849056606 0.33472803347280333 0.14622641509433962 0.04184100418410042
0 0.7287735849056604 0.030334728033472803 0.08962264150943396 0.060669456066945605
0 0.6668632075471698 0.02405857740585774 0.027122641509433963 0.04811715481171548
0 0.30365566037735847 0.05230125523012552 0.036556603773584904 0.10460251046025104
0 0.2535377358490566 0.07635983263598327 0.07075471698113207 0.15271966527196654
