0 0.9476987447698745 0.98 0.10460251046025104 0.04
0 0.3410041841004184 0.8229411764705883 0.02092050209205021 0.041176470588235294
0 0.4456066945606695 0.821764705882353 0.04602510460251046 0.05529411764705883
0 0.9738493723849372 0.7623529411764706 0.05230125523012552 0.02823529411764706
0 0.547071129707113 0.8188235294117647 0.10251046025104603 0.14588235294117646
0 0.6213389121338913 0.7247058823529412 0.03347280334728033 0.018823529411764704
0 0.850418410041841 0.7576470588235295 0.29497907949790797 0.13411764705882354
0 0.2813807531380753 0.7247058823529412 0.10251046025104603 0.08
0 0.7635983263598326 0.6047058823529412 0.12133891213389121 0.17647058823529413
0 0.04079497907949791 0.2988235294117647 0.08158995815899582 0.0611764705882353
0 0.9205020920502092 0.2823529411764706 0.11715481171548117 0.04470588235294118
0 0.9665271966527197 0.26 0.06694560669456066 0.01411764705882353
0 0.8148535564853556 0.26294117647058823 0.06485355648535565 0.03176470588235294
0 0.29602510460251047 0.2788235294117647 0.06903765690376569 0.10588235294117647
0 0.8085774058577406 0.22705882352941176 0.12343096234309624 0.05411764705882353
0 0.3002092050209205 0.18764705882352942 0.07322175732217573 0.07176470588235294
0 0.3389121338912134 0.2747058823529412 0.02510460251046025 0.2529411764705882
0 0.7625523012552301 0.15058823529411763 0.12343096234309624 0.07294117647058823
0 0.48430962343096234 0.11705882352941177 0.08577405857740586 0.012941176470588235
0 0.26359832635983266 0.08529411764705883 0.0794979079497908 0.02
0 0.17364016736401675 0.04764705882352941 0.04602510460251046 0.036470588235294116
0 0.38598326359832635 0.06823529411764706 0.04811715481171548 0.08470588235294117
0 0.4194560669456067 0.009411764705882352 0.07740585774058577 0.018823529411764704
