0 0.375 0.9696652719665272 0.07075471698113207 0.027196652719665274
0 0.43985849056603776 0.9623430962343096 0.054245283018867926 0.016736401673640166
0 0.24882075471698112 0.9403765690376569 0.125 0.02301255230125523
0 0.2134433962264151 0.8138075313807531 0.01650943396226415 0.05439330543933055
0 0.15625 0.8023012552301255 0.01768867924528302 0.05230125523012552
0 0.1733490566037736 0.801255230125523 0.01650943396226415 0.05439330543933055
0 0.2617924528301887 0.747907949790795 0.15566037735849056 0.16108786610878661
0 0.02653301886792453 0.7981171548117155 0.05306603773584906 0.3075313807531381
0 0.24233490566037735 0.6317991631799164 0.02240566037735849 0.06276150627615062
0 0.22169811320754718 0.6652719665271967 0.018867924528301886 0.15481171548117154
0 0.879127358490566 0.5575313807531381 0.08372641509433962 0.0397489539748954
0 0.30247641509433965 0.5104602510460251 0.12853773584905662 0.11297071129707113
0 0.3761792452830189 0.27824267782426776 0.07783018867924528 0.04602510460251046
0 0.29422169811320753 0.27824267782426776 0.07900943396226415 0.04602510460251046
0 0.38384433962264153 0.1893305439330544 0.03891509433962264 0.06485355648535565
0 0.3584905660377358 0.16108786610878661 0.03773584905660377 0.08786610878661087
0 0.2535377358490566 0.04497907949790795 0.0330188679245283 0.07322175732217573
