0 0.7228033472803347 0.8058823529411765 0.060669456066945605 0.023529411764705882
0 0.7949790794979079 0.8005882352941176 0.08368200836820083 0.03411764705882353
0 0.5073221757322176 0.7958823529411765 0.10669456066945607 0.03411764705882353
0 0.34518828451882844 0.7358823529411764 0.100418410041841 0.02235294117647059
0 0.5899581589958159 0.6941176470588235 0.1589958158995816 0.03764705882352941
0 0.9675732217573222 0.69 0.06485355648535565 0.03882352941176471
0 0.3378661087866109 0.4935294117647059 0.027196652719665274 0.041176470588235294
0 0.2792887029288703 0.4935294117647059 0.06903765690376569 0.05529411764705883
0 0.5146443514644351 0.4717647058823529 0.05439330543933055 0.03529411764705882
0 0.6506276150627615 0.46705882352941175 0.03765690376569038 0.02823529411764706
0 0.5648535564853556 0.47058823529411764 0.02510460251046025 0.04
0 0.6736401673640168 0.4535294117647059 0.03765690376569038 0.029411764705882353
0 0.604602510460251 0.46294117647058824 0.04184100418410042 0.04823529411764706
0 0.7269874476987448 0.4541176470588235 0.04811715481171548 0.042352941176470586
0 0.9780334728033473 0.42823529411764705 0.043933054393305436 0.04
0 0.44142259414225943 0.41058823529411764 0.10460251046025104 0.021176470588235293
