0 0.5617154811715481 0.9752941176470589 0.2698744769874477 0.04941176470588235
0 0.7604602510460251 0.9235294117647059 0.1108786610878661 0.058823529411764705
0 0.7562761506276151 0.8682352941176471 0.05230125523012552 0.04941176470588235
0 0.7228033472803347 0.7564705882352941 0.03556485355648536 0.023529411764705882
0 0.9874476987447699 0.7664705882352941 0.02510460251046025 0.06
0 0.7364016736401674 0.7194117647058823 0.07112970711297072 0.04352941176470588
0 0.3043933054393305 0.47352941176470587 0.608786610878661 0.04588235294117647
0 0.13912133891213388 0.4411764705882353 0.18619246861924685 0.07764705882352942
0 0.030334728033472803 0.4329411764705882 0.060669456066945605 0.10352941176470588
0 0.19351464435146443 0.3888235294117647 0.09832635983263599 0.0976470588235294
0 0.6830543933054394 0.37941176470588234 0.0899581589958159 0.12352941176470589
0 0.1893305439330544 0.3135294117647059 0.1903765690376569 0.012941176470588235
0 0.41527196652719667 0.31058823529411766 0.19874476987447698 0.018823529411764704
0 0.40481171548117156 0.30058823529411766 0.19874476987447698 0.01764705882352941
0 0.6213389121338913 0.2917647058823529 0.2217573221757322 0.04
0 0.2625523012552301 0.2752941176470588 0.04811715481171548 0.03764705882352941
0 0.14330543933054393 0.27176470588235296 0.060669456066945605 0.05647058823529412
0 0.34205020920502094 0.26294117647058823 0.056485355648535567 0.05058823529411765
0 0.20188284518828453 0.2664705882352941 0.056485355648535567 0.06
0 0.7845188284518828 0.22647058823529412 0.0502092050209205 0.04352941176470588
0 0.6914225941422594 0.22941176470588234 0.1903765690376569 0.04941176470588235
0 0.6370292887029289 0.031176470588235295 0.05230125523012552 0.027058823529411764
0 0.48535564853556484 0.007058823529411765 0.058577405857740586 0.01411764705882353
0 0.46234309623430964 0.03588235294117647 0.17154811715481172 0.07176470588235294
