0 0.13266509433962265 0.858786610878661 0.06485849056603774 0.0397489539748954
0 0.29952830188679247 0.8472803347280334 0.15566037735849056 0.03765690376569038
0 0.41273584905660377 0.7866108786610879 0.14150943396226415 0.13389121338912133
0 0.16922169811320756 0.7573221757322176 0.14976415094339623 0.08368200836820083
0 0.6214622641509434 0.7175732217573222 0.2028301886792453 0.058577405857740586
0 0.8242924528301887 0.7280334728033473 0.07311320754716981 0.13389121338912133
0 0.6350235849056604 0.6778242677824268 0.19929245283018868 0.05439330543933055
0 0.8873820754716981 0.74581589958159 0.045990566037735846 0.22384937238493724
0 0.6733490566037735 0.6506276150627615 0.14622641509433962 0.04184100418410042
0 0.18337264150943397 0.6809623430962343 0.15919811320754718 0.11506276150627615
0 0.15212264150943397 0.6506276150627615 0.02358490566037736 0.08786610878661087
0 0.16981132075471697 0.641213389121339 0.01179245283018868 0.07740585774058577
0 0.18278301886792453 0.6317991631799164 0.014150943396226415 0.07531380753138076
0 0.05306603773584906 0.7322175732217573 0.02830188679245283 0.28870292887029286
0 0.19516509433962265 0.6234309623430963 0.01768867924528302 0.07531380753138076
0 0.2104952830188679 0.6150627615062761 0.020047169811320754 0.07531380753138076
0 0.22346698113207547 0.5993723849372385 0.027122641509433963 0.08158995815899582
0 0.23879716981132076 0.5941422594142259 0.031839622641509434 0.07531380753138076
0 0.35377358490566035 0.6349372384937239 0.07075471698113207 0.16108786610878661
0 0.4528301886792453 0.5930962343096234 0.0330188679245283 0.0899581589958159
0 0.25412735849056606 0.5826359832635983 0.03419811320754717 0.07322175732217573
0 0.27004716981132076 0.5721757322175732 0.03773584905660377 0.07322175732217573
0 0.33608490566037735 0.6077405857740585 0.09198113207547169 0.1694560669456067
0 0.4634433962264151 0.5418410041841004 0.030660377358490566 0.05439330543933055
0 0.34139150943396224 0.5690376569037657 0.08136792452830188 0.16317991631799164
0 0.46226415094339623 0.5146443514644351 0.08726415094339622 0.09205020920502092
0 0.32075471698113206 0.5334728033472803 0.10613207547169812 0.1506276150627615
0 0.48702830188679247 0.46234309623430964 0.04481132075471698 0.06694560669456066
0 0.5672169811320755 0.4089958158995816 0.18632075471698112 0.01882845188284519
0 0.5760613207547169 0.38702928870292885 0.18514150943396226 0.02092050209205021
0 0.12382075471698113 0.38493723849372385 0.01650943396226415 0.05439330543933055
0 0.061910377358490566 0.4602510460251046 0.012971698113207548 0.21338912133891214
0 0.5854952830188679 0.3619246861924686 0.18514150943396226 0.029288702928870293
0 0.1957547169811321 0.3608786610878661 0.018867924528301886 0.060669456066945605
0 0.24528301886792453 0.34623430962343094 0.018867924528301886 0.060669456066945605
0 0.2653301886792453 0.3399581589958159 0.018867924528301886 0.060669456066945605
0 0.1963443396226415 0.3608786610878661 0.1875 0.20711297071129708
0 0.7788915094339622 0.2186192468619247 0.08844339622641509 0.0899581589958159
0 0.7753537735849056 0.1401673640167364 0.08608490566037735 0.09205020920502092
0 0.8531839622641509 0.19456066945606695 0.01768867924528302 0.26359832635983266
0 0.7464622641509434 0.07217573221757322 0.025943396226415096 0.06903765690376569
0 0.038325471698113206 0.07531380753138076 0.027122641509433963 0.0794979079497908
0 0.7718160377358491 0.14958158995815898 0.09787735849056604 0.25313807531380755
0 0.47464622641509435 0.03556485355648536 0.10023584905660378 0.07112970711297072
0 0.07783018867924528 0.03347280334728033 0.01650943396226415 0.06694560669456066
