0 0.6527196652719666 0.6670588235294118 0.07531380753138076 0.011764705882352941
0 0.9006276150627615 0.5052941176470588 0.06485355648535565 0.02235294117647059
0 0.5794979079497908 0.5323529411764706 0.08368200836820083 0.07647058823529412
0 0.45502092050209203 0.5111764705882353 0.08577405857740586 0.06235294117647059
0 0.9916317991631799 0.42823529411764705 0.016736401673640166 0.047058823529411764
0 0.015690376569037656 0.41294117647058826 0.03138075313807531 0.02823529411764706
0 0.9225941422594143 0.4147058823529412 0.12133891213389121 0.05058823529411765
0 0.0899581589958159 0.33294117647058824 0.1799163179916318 0.07529411764705882
0 0.05230125523012552 0.19470588235294117 0.10460251046025104 0.02235294117647059
0 0.27405857740585776 0.18764705882352942 0.05439330543933055 0.03176470588235294
0 0.07112970711297072 0.08235294117647059 0.14225941422594143 0.023529411764705882
0 0.2489539748953975 0.08 0.06694560669456066 0.021176470588235293
0 0.37343096234309625 0.07764705882352942 0.10669456066945607 0.018823529411764704
