0 0.053347280334728034 0.9741176470588235 0.10669456066945607 0.05176470588235294
0 0.3817991631799163 0.6435294117647059 0.09832635983263599 0.04
0 0.5073221757322176 0.6288235294117647 0.1192468619246862 0.036470588235294116
0 0.9560669456066946 0.6394117647058823 0.03765690376569038 0.06
0 0.37552301255230125 0.5952941176470589 0.09832635983263599 0.03529411764705882
0 0.4905857740585774 0.5276470588235294 0.11506276150627615 0.024705882352941175
0 0.39435146443514646 0.45 0.20292887029288703 0.012941176470588235
0 0.9686192468619247 0.38 0.06276150627615062 0.0611764705882353
0 0.0596234309623431 0.3382352941176471 0.1192468619246862 0.052941176470588235
0 0.19665271966527198 0.13941176470588235 0.0502092050209205 0.07882352941176471
