0 0.47175732217573224 0.9 0.06485355648535565 0.05176470588235294
0 0.44142259414225943 0.8435294117647059 0.04602510460251046 0.042352941176470586
0 0.6359832635983264 0.8141176470588235 0.07531380753138076 0.02823529411764706
0 0.5690376569037657 0.7988235294117647 0.029288702928870293 0.021176470588235293
0 0.6349372384937239 0.7629411764705882 0.04811715481171548 0.029411764705882353
0 0.3127615062761506 0.7517647058823529 0.06903765690376569 0.03764705882352941
0 0.6098326359832636 0.6788235294117647 0.07322175732217573 0.04941176470588235
0 0.10774058577405858 0.6911764705882353 0.21548117154811716 0.1376470588235294
0 0.6548117154811716 0.63 0.14225941422594143 0.06705882352941177
0 0.11610878661087866 0.5929411764705882 0.08158995815899582 0.03058823529411765
0 0.4602510460251046 0.6082352941176471 0.06694560669456066 0.07058823529411765
0 0.1098326359832636 0.5541176470588235 0.0397489539748954 0.02588235294117647
0 0.4675732217573222 0.34058823529411764 0.03556485355648536 0.05529411764705883
0 0.9790794979079498 0.31411764705882356 0.04184100418410042 0.01647058823529412
0 0.7667364016736402 0.23176470588235293 0.0397489539748954 0.02588235294117647
0 0.29811715481171547 0.23058823529411765 0.10669456066945607 0.03764705882352941
0 0.15690376569037656 0.18588235294117647 0.06276150627615062 0.02823529411764706
0 0.02510460251046025 0.11588235294117646 0.0502092050209205 0.024705882352941175
0 0.19351464435146443 0.11176470588235295 0.09414225941422594 0.02588235294117647
0 0.18200836820083682 0.09235294117647058 0.08368200836820083 0.010588235294117647
0 0.9225941422594143 0.07529411764705882 0.15481171548117154 0.15058823529411763
0 0.7740585774058577 0.005294117647058823 0.100418410041841 0.010588235294117647
0 0.6663179916317992 0.03882352941176471 0.014644351464435146 0.07764705882352942
0 0.5596234309623431 0.007058823529411765 0.11506276150627615 0.01411764705882353
