0 0.9321933962264151 0.9811715481171548 0.13561320754716982 0.02510460251046025
0 0.9386792452830188 0.9215481171548117 0.12264150943396226 0.056485355648535567
0 0.8909198113207547 0.8870292887029289 0.2016509433962264 0.04184100418410042
0 0.24705188679245282 0.9246861924686193 0.49410377358490565 0.1506276150627615
0 0.9115566037735849 0.8619246861924686 0.1391509433962264 0.03765690376569038
0 0.4528301886792453 0.8901673640167364 0.09433962264150944 0.09414225941422594
0 0.9398584905660378 0.7928870292887029 0.07547169811320754 0.02510460251046025
0 0.933372641509434 0.8221757322175732 0.1332547169811321 0.08786610878661087
0 0.8543632075471698 0.16317991631799164 0.045990566037735846 0.07112970711297072
0 0.8891509433962265 0.1600418410041841 0.09905660377358491 0.08158995815899582
0 0.8832547169811321 0.14435146443514643 0.1320754716981132 0.1506276150627615
0 0.9740566037735849 0.08054393305439331 0.04716981132075472 0.0899581589958159
0 0.8561320754716981 0.06276150627615062 0.05188679245283019 0.12552301255230125
