0 0.2112970711297071 0.9741176470588235 0.05439330543933055 0.023529411764705882
0 0.9225941422594143 0.9470588235294117 0.15481171548117154 0.01647058823529412
0 0.09518828451882845 0.9447058823529412 0.18200836820083682 0.04941176470588235
0 0.02092050209205021 0.78 0.04184100418410042 0.03764705882352941
0 0.21443514644351463 0.6529411764705882 0.16527196652719664 0.06588235294117648
0 0.9382845188284519 0.57 0.08577405857740586 0.02235294117647059
0 0.8671548117154811 0.528235294117647 0.15271966527196654 0.02588235294117647
0 0.22071129707112971 0.06294117647058824 0.10669456066945607 0.05058823529411765
0 0.645397489539749 0.05764705882352941 0.13598326359832635 0.04941176470588235
0 0.47384937238493724 0.047058823529411764 0.2405857740585774 0.05176470588235294
0 0.9539748953974896 0.01764705882352941 0.09205020920502092 0.03529411764705882
