0 0.5679916317991632 0.8258823529411765 0.2280334728033473 0.07294117647058823
0 0.9341004184100419 0.7976470588235294 0.13179916317991633 0.023529411764705882
0 0.6642259414225942 0.7564705882352941 0.03556485355648536 0.02588235294117647
0 0.7060669456066946 0.7623529411764706 0.08158995815899582 0.04941176470588235
0 0.2384937238493724 0.49529411764705883 0.17573221757322174 0.04470588235294118
0 0.47594142259414224 0.3135294117647059 0.027196652719665274 0.03176470588235294
0 0.7677824267782427 0.30117647058823527 0.029288702928870293 0.05647058823529412
0 0.6820083682008368 0.2876470588235294 0.06694560669456066 0.04823529411764706
0 0.6705020920502092 0.2782352941176471 0.027196652719665274 0.03411764705882353
0 0.6077405857740585 0.18058823529411766 0.01882845188284519 0.05529411764705883
0 0.7322175732217573 0.0976470588235294 0.1087866108786611 0.011764705882352941
0 0.9299163179916318 0.1188235294117647 0.09832635983263599 0.2376470588235294
0 0.6317991631799164 0.07058823529411765 0.04184100418410042 0.1411764705882353
0 0.34309623430962344 0.05588235294117647 0.03347280334728033 0.11176470588235295
0 0.06276150627615062 0.04294117647058823 0.04184100418410042 0.08588235294117647
