0 0.06839622641509434 0.7834728033472803 0.13679245283018868 0.09414225941422594
0 0.9846698113207547 0.74581589958159 0.030660377358490566 0.027196652719665274
0 0.8237028301886793 0.7018828451882845 0.03891509433962264 0.043933054393305436
0 0.9498820754716981 0.6422594142259415 0.10023584905660378 0.09205020920502092
0 0.6662735849056604 0.3294979079497908 0.08726415094339622 0.06485355648535565
0 0.6662735849056604 0.26359832635983266 0.08726415094339622 0.06276150627615062
0 0.6633254716981132 0.29497907949790797 0.09551886792452831 0.15481171548117154
0 0.012382075471698114 0.16631799163179917 0.024764150943396228 0.027196652719665274
0 0.38266509433962265 0.1202928870292887 0.036556603773584904 0.03138075313807531
0 0.13974056603773585 0.016736401673640166 0.03891509433962264 0.03347280334728033
0 0.06544811320754718 0.01778242677824268 0.02240566037735849 0.03556485355648536
