0 0.4115566037735849 0.8619246861924686 0.18632075471698112 0.0502092050209205
0 0.9711084905660378 0.8368200836820083 0.05778301886792453 0.02510460251046025
0 0.9811320754716981 0.8043933054393305 0.03773584905660377 0.01882845188284519
0 0.9257075471698113 0.399581589958159 0.14858490566037735 0.09205020920502092
0 0.15330188679245282 0.35564853556485354 0.02358490566037736 0.058577405857740586
0 0.28125 0.3514644351464435 0.08844339622641509 0.058577405857740586
0 0.3714622641509434 0.348326359832636 0.08490566037735849 0.056485355648535567
0 0.21108490566037735 0.28451882845188287 0.12735849056603774 0.02510460251046025
0 0.44221698113207547 0.20606694560669456 0.18632075471698112 0.05230125523012552
0 0.8319575471698113 0.20606694560669456 0.03891509433962264 0.07322175732217573
0 0.9593160377358491 0.19142259414225943 0.03891509433962264 0.05230125523012552
0 0.8903301886792453 0.13598326359832635 0.21933962264150944 0.06694560669456066
