0 0.6415094339622641 0.9539748953974896 0.02830188679245283 0.029288702928870293
0 0.07370283018867925 0.801255230125523 0.08136792452830188 0.07112970711297072
0 0.012971698113207548 0.7531380753138075 0.025943396226415096 0.100418410041841
0 0.14563679245283018 0.7238493723849372 0.07193396226415094 0.06276150627615062
0 0.7358490566037735 0.7092050209205021 0.018867924528301886 0.0794979079497908
0 0.0076650943396226415 0.6516736401673641 0.015330188679245283 0.056485355648535567
0 0.7387971698113207 0.6150627615062761 0.02240566037735849 0.06694560669456066
0 0.1267688679245283 0.5784518828451883 0.07900943396226415 0.10251046025104603
0 0.18396226415094338 0.5910041841004184 0.03537735849056604 0.21548117154811716
0 0.36202830188679247 0.3493723849372385 0.025943396226415096 0.08368200836820083
0 0.3944575471698113 0.3158995815899582 0.036556603773584904 0.15481171548117154
0 0.6226415094339622 0.2792887029288703 0.09905660377358491 0.09414225941422594
0 0.36674528301886794 0.2594142259414226 0.025943396226415096 0.05439330543933055
0 0.4716981132075472 0.17468619246861924 0.04245283018867924 0.0397489539748954
0 0.5966981132075472 0.16213389121338911 0.02830188679245283 0.027196652719665274
0 0.3331367924528302 0.15481171548117154 0.08844339622641509 0.06276150627615062
0 0.8531839622641509 0.2217573221757322 0.02240566037735849 0.22594142259414227
0 0.20577830188679244 0.13807531380753138 0.03419811320754717 0.058577405857740586
0 0.27535377358490565 0.10355648535564854 0.07665094339622641 0.056485355648535567
0 0.6090801886792453 0.09937238493723849 0.07900943396226415 0.05230125523012552
0 0.6751179245283019 0.12552301255230125 0.04834905660377359 0.1506276150627615
0 0.6025943396226415 0.04079497907949791 0.11556603773584906 0.056485355648535567
0 0.5648584905660378 0.02301255230125523 0.09198113207547169 0.04602510460251046
0 0.48172169811320753 0.021966527196652718 0.04834905660377359 0.043933054393305436
0 0.04540094339622641 0.02405857740585774 0.09080188679245282 0.04811715481171548
