0 0.32112970711297073 0.8052941176470588 0.06903765690376569 0.041176470588235294
0 0.7792887029288703 0.8370588235294117 0.08158995815899582 0.12117647058823529
0 0.7740585774058577 0.7111764705882353 0.0794979079497908 0.12352941176470589
0 0.11820083682008369 0.658235294117647 0.06485355648535565 0.10705882352941176
0 0.5805439330543933 0.5511764705882353 0.06903765690376569 0.01764705882352941
0 0.7688284518828452 0.5894117647058823 0.08158995815899582 0.11294117647058824
0 0.7845188284518828 0.5429411764705883 0.04184100418410042 0.027058823529411764
0 0.5 0.5417647058823529 0.08786610878661087 0.036470588235294116
0 0.6119246861924686 0.5294117647058824 0.1903765690376569 0.05647058823529412
0 0.4246861924686193 0.5470588235294118 0.14644351464435146 0.0988235294117647
0 0.25627615062761505 0.7035294117647058 0.29916317991631797 0.4164705882352941
0 0.9309623430962343 0.51 0.09205020920502092 0.04352941176470588
0 0.5366108786610879 0.508235294117647 0.1694560669456067 0.04941176470588235
0 0.4989539748953975 0.4711764705882353 0.05230125523012552 0.029411764705882353
0 0.4205020920502092 0.46352941176470586 0.0502092050209205 0.02823529411764706
0 0.5125523012552301 0.4423529411764706 0.05439330543933055 0.023529411764705882
0 0.4393305439330544 0.4229411764705882 0.05439330543933055 0.05058823529411765
0 0.950836820083682 0.40647058823529414 0.056485355648535567 0.03176470588235294
0 0.946652719665272 0.38 0.10669456066945607 0.06352941176470588
0 0.9142259414225942 0.29411764705882354 0.13807531380753138 0.08470588235294117
0 0.060669456066945605 0.2288235294117647 0.12133891213389121 0.1188235294117647
0 0.08263598326359832 0.1564705882352941 0.16527196652719664 0.12705882352941175
0 0.058577405857740586 0.03470588235294118 0.058577405857740586 0.03176470588235294
