0 0.16527196652719664 0.9847058823529412 0.02510460251046025 0.021176470588235293
0 0.32112970711297073 0.9852941176470589 0.06485355648535565 0.029411764705882353
0 0.12447698744769875 0.9782352941176471 0.027196652719665274 0.02235294117647059
0 0.5658995815899581 0.91 0.22384937238493724 0.06235294117647059
0 0.7374476987447699 0.8747058823529412 0.14435146443514643 0.027058823529411764
0 0.9246861924686193 0.5576470588235294 0.1506276150627615 0.05176470588235294
0 0.4299163179916318 0.4429411764705882 0.1903765690376569 0.041176470588235294
0 0.9225941422594143 0.38529411764705884 0.15481171548117154 0.03411764705882353
0 0.5188284518828452 0.3488235294117647 0.0502092050209205 0.024705882352941175
0 0.8420502092050209 0.28941176470588237 0.06903765690376569 0.011764705882352941
0 0.9278242677824268 0.23470588235294118 0.14435146443514643 0.08588235294117647
0 0.4780334728033473 0.08411764705882353 0.0397489539748954 0.036470588235294116
0 0.3713389121338912 0.03705882352941176 0.03556485355648536 0.04588235294117647
0 0.9393305439330544 0.03823529411764706 0.07531380753138076 0.07647058823529412
