0 0.8650627615062761 0.9664705882352941 0.2698744769874477 0.036470588235294116
0 0.8797071129707112 0.9329411764705883 0.04811715481171548 0.023529411764705882
0 0.9476987447698745 0.9164705882352941 0.06276150627615062 0.04470588235294118
0 0.8002092050209205 0.8658823529411764 0.11506276150627615 0.05647058823529412
0 0.5794979079497908 0.8464705882352941 0.029288702928870293 0.06705882352941177
0 0.9173640167364017 0.8494117647058823 0.16527196652719664 0.08705882352941176
0 0.8682008368200836 0.8111764705882353 0.12133891213389121 0.024705882352941175
0 0.7771966527196653 0.8111764705882353 0.04811715481171548 0.05058823529411765
0 0.8023012552301255 0.7535294117647059 0.056485355648535567 0.012941176470588235
0 0.9560669456066946 0.75 0.08786610878661087 0.036470588235294116
0 0.9780334728033473 0.6988235294117647 0.043933054393305436 0.03529411764705882
0 0.8451882845188284 0.7076470588235294 0.12133891213389121 0.09294117647058824
0 0.9895397489539749 0.6058823529411764 0.02092050209205021 0.042352941176470586
0 0.9612970711297071 0.5158823529411765 0.043933054393305436 0.012941176470588235
0 0.8786610878661087 0.5135294117647059 0.08368200836820083 0.015294117647058824
0 0.8964435146443515 0.49058823529411766 0.10669456066945607 0.01411764705882353
0 0.9769874476987448 0.36764705882352944 0.04602510460251046 0.05764705882352941
0 0.9361924686192469 0.3029411764705882 0.1108786610878661 0.036470588235294116
0 0.7625523012552301 0.25882352941176473 0.07740585774058577 0.04470588235294118
0 0.6652719665271967 0.25588235294117645 0.08786610878661087 0.03882352941176471
0 0.950836820083682 0.20176470588235293 0.09832635983263599 0.05058823529411765
0 0.8776150627615062 0.00823529411764706 0.24476987447698745 0.01647058823529412
0 0.3723849372384937 0.005294117647058823 0.2594142259414226 0.010588235294117647
