0 0.5 0.9769874476987448 1.0 0.04602510460251046
0 0.9133254716981132 0.9048117154811716 0.05306603773584906 0.0899581589958159
0 0.10023584905660378 0.8441422594142259 0.13443396226415094 0.16527196652719664
0 0.9840801886792453 0.7698744769874477 0.031839622641509434 0.0794979079497908
0 0.8862028301886793 0.7761506276150628 0.07193396226415094 0.1589958158995816
0 0.9823113207547169 0.7165271966527197 0.03537735849056604 0.06903765690376569
0 0.20872641509433962 0.6976987447698745 0.12971698113207547 0.21548117154811716
0 0.9787735849056604 0.6265690376569037 0.04245283018867924 0.09414225941422594
0 0.5931603773584906 0.5115062761506276 0.1320754716981132 0.0899581589958159
0 0.36851415094339623 0.5094142259414226 0.14504716981132076 0.09414225941422594
0 0.7099056603773585 0.4801255230125523 0.10141509433962265 0.16108786610878661
0 0.6969339622641509 0.4194560669456067 0.11556603773584906 0.13179916317991633
0 0.7841981132075472 0.3817991631799163 0.04716981132075472 0.10669456066945607
0 0.7393867924528302 0.26673640167364016 0.16273584905660377 0.19874476987447698
0 0.5265330188679245 0.16736401673640167 0.02240566037735849 0.06276150627615062
0 0.6533018867924528 0.15481171548117154 0.08962264150943396 0.06276150627615062
0 0.7441037735849056 0.14958158995815898 0.08254716981132075 0.06485355648535565
0 0.9587264150943396 0.09414225941422594 0.06367924528301887 0.18828451882845187
0 0.7582547169811321 0.029288702928870293 0.01650943396226415 0.058577405857740586
