0 0.4669811320754717 0.8410041841004184 0.09198113207547169 0.06694560669456066
0 0.9133254716981132 0.7384937238493724 0.055424528301886794 0.04184100418410042
0 0.5058962264150944 0.7018828451882845 0.09433962264150944 0.0397489539748954
0 0.8897405660377359 0.5617154811715481 0.055424528301886794 0.10669456066945607
0 0.8490566037735849 0.5240585774058577 0.025943396226415096 0.056485355648535567
0 0.27358490566037735 0.4602510460251046 0.09433962264150944 0.06276150627615062
0 0.9015330188679245 0.3587866108786611 0.020047169811320754 0.06903765690376569
0 0.9115566037735849 0.3368200836820084 0.17688679245283018 0.17154811715481172
0 0.75 0.22489539748953974 0.07547169811320754 0.06485355648535565
0 0.7623820754716981 0.1600418410041841 0.04834905660377359 0.060669456066945605
0 0.8726415094339622 0.04497907949790795 0.02358490566037736 0.04811715481171548
0 0.9304245283018868 0.043933054393305436 0.1391509433962264 0.06694560669456066
0 0.05955188679245283 0.010460251046025104 0.041273584905660375 0.02092050209205021
