0 0.39539748953974896 0.9723529411764706 0.1297071129707113 0.05529411764705883
0 0.8179916317991632 0.6352941176470588 0.06694560669456066 0.03764705882352941
0 0.5564853556485355 0.5570588235294117 0.04602510460251046 0.029411764705882353
0 0.6924686192468619 0.4411764705882353 0.03347280334728033 0.02588235294117647
0 0.948744769874477 0.4429411764705882 0.060669456066945605 0.03882352941176471
0 0.5397489539748954 0.2411764705882353 0.100418410041841 0.07058823529411765
0 0.4205020920502092 0.24058823529411766 0.04602510460251046 0.06941176470588235
0 0.4675732217573222 0.24 0.0397489539748954 0.07058823529411765
0 0.29811715481171547 0.23588235294117646 0.07322175732217573 0.06470588235294118
0 0.18200836820083682 0.12705882352941175 0.08786610878661087 0.11529411764705882
