0 0.8441422594142259 0.7294117647058823 0.027196652719665274 0.03058823529411765
0 0.9016736401673641 0.7023529411764706 0.19665271966527198 0.06352941176470588
0 0.03347280334728033 0.7458823529411764 0.06694560669456066 0.22588235294117648
0 0.9759414225941423 0.5870588235294117 0.04811715481171548 0.047058823529411764
0 0.7081589958158996 0.5564705882352942 0.07740585774058577 0.042352941176470586
0 0.6778242677824268 0.5376470588235294 0.09205020920502092 0.07058823529411765
0 0.15376569037656904 0.4652941176470588 0.06485355648535565 0.09529411764705882
0 0.7740585774058577 0.31823529411764706 0.0502092050209205 0.03411764705882353
0 0.6725941422594143 0.2988235294117647 0.04811715481171548 0.02823529411764706
0 0.8880753138075314 0.07823529411764706 0.02301255230125523 0.027058823529411764
0 0.854602510460251 0.07647058823529412 0.02301255230125523 0.02588235294117647
0 0.9048117154811716 0.03529411764705882 0.02301255230125523 0.03058823529411765
0 0.8671548117154811 0.03411764705882353 0.02301255230125523 0.03058823529411765
0 0.9717573221757322 0.009411764705882352 0.056485355648535567 0.018823529411764704
