0 0.6698113207547169 0.8619246861924686 0.054245283018867926 0.04602510460251046
0 0.5 0.9184100418410042 1.0 0.16317991631799164
0 0.3856132075471698 0.8315899581589958 0.03537735849056604 0.0397489539748954
0 0.6061320754716981 0.8253138075313807 0.054245283018867926 0.043933054393305436
0 0.42924528301886794 0.8211297071129707 0.04245283018867924 0.0397489539748954
0 0.5465801886792453 0.8158995815899581 0.05306603773584906 0.04602510460251046
0 0.48172169811320753 0.7656903765690377 0.045990566037735846 0.03347280334728033
0 0.03596698113207547 0.5951882845188284 0.07193396226415094 0.056485355648535567
0 0.9540094339622641 0.4811715481171548 0.030660377358490566 0.04184100418410042
0 0.8449292452830188 0.4131799163179916 0.01768867924528302 0.03556485355648536
0 0.5784198113207547 0.33158995815899583 0.027122641509433963 0.07322175732217573
0 0.6827830188679245 0.29497907949790797 0.08726415094339622 0.06694560669456066
0 0.3920990566037736 0.33472803347280333 0.01768867924528302 0.22594142259414227
0 0.6957547169811321 0.21652719665271966 0.05660377358490566 0.06485355648535565
0 0.6580188679245284 0.21443514644351463 0.04245283018867924 0.06485355648535565
0 0.3584905660377358 0.04811715481171548 0.04481132075471698 0.03765690376569038
