0 0.05230125523012552 0.9447058823529412 0.10460251046025104 0.10352941176470588
0 0.15271966527196654 0.9294117647058824 0.09623430962343096 0.08941176470588236
0 0.18828451882845187 0.8123529411764706 0.11297071129707113 0.09529411764705882
0 0.29497907949790797 0.7894117647058824 0.02092050209205021 0.06588235294117648
0 0.7416317991631799 0.7876470588235294 0.06485355648535565 0.09529411764705882
0 0.4131799163179916 0.7852941176470588 0.1192468619246862 0.11411764705882353
0 0.7301255230125523 0.69 0.06276150627615062 0.09294117647058824
0 0.5794979079497908 0.5535294117647059 0.16317991631799164 0.05058823529411765
0 0.6715481171548117 0.5705882352941176 0.11715481171548117 0.1011764705882353
0 0.5774058577405857 0.5376470588235294 0.16736401673640167 0.042352941176470586
0 0.7405857740585774 0.5405882352941176 0.02092050209205021 0.06235294117647059
0 0.5774058577405857 0.5211764705882352 0.1799163179916318 0.04
0 0.702928870292887 0.5170588235294118 0.058577405857740586 0.04588235294117647
0 0.3577405857740586 0.5076470588235295 0.08786610878661087 0.08352941176470588
0 0.2594142259414226 0.49470588235294116 0.029288702928870293 0.07882352941176471
0 0.2217573221757322 0.4388235294117647 0.03347280334728033 0.10823529411764705
0 0.2217573221757322 0.2570588235294118 0.016736401673640166 0.08823529411764706
0 0.0899581589958159 0.2311764705882353 0.07112970711297072 0.04352941176470588
0 0.9843096234309623 0.14647058823529413 0.03138075313807531 0.05058823529411765
0 0.10251046025104603 0.1223529411764706 0.04184100418410042 0.02823529411764706
0 0.032426778242677826 0.0976470588235294 0.06485355648535565 0.058823529411764705
0 0.22594142259414227 0.09352941176470589 0.08786610878661087 0.08588235294117647
0 0.03138075313807531 0.05058823529411765 0.06276150627615062 0.042352941176470586
0 0.11297071129707113 0.04764705882352941 0.02510460251046025 0.04352941176470588
0 0.08786610878661087 0.01 0.05439330543933055 0.02
