0 0.02615062761506276 0.9776470588235294 0.05230125523012552 0.04470588235294118
0 0.8891213389121339 0.668235294117647 0.0502092050209205 0.023529411764705882
0 0.42573221757322177 0.5947058823529412 0.34518828451882844 0.02235294117647059
0 0.38389121338912136 0.581764705882353 0.2615062761506276 0.01764705882352941
0 0.9435146443514645 0.5911764705882353 0.04184100418410042 0.05529411764705883
0 0.549163179916318 0.4864705882352941 0.0397489539748954 0.029411764705882353
0 0.19246861924686193 0.46647058823529414 0.08786610878661087 0.02235294117647059
0 0.4801255230125523 0.45941176470588235 0.17364016736401675 0.029411764705882353
0 0.643305439330544 0.4429411764705882 0.14435146443514643 0.029411764705882353
0 0.3253138075313807 0.4264705882352941 0.04811715481171548 0.027058823529411764
0 0.6255230125523012 0.41058823529411764 0.20502092050209206 0.06588235294117648
0 0.5188284518828452 0.36705882352941177 0.06276150627615062 0.02588235294117647
0 0.9665271966527197 0.37470588235294117 0.06694560669456066 0.05529411764705883
0 0.3106694560669456 0.35411764705882354 0.06903765690376569 0.02823529411764706
0 0.1401673640167364 0.36764705882352944 0.1506276150627615 0.11647058823529412
0 0.9163179916317992 0.29705882352941176 0.03347280334728033 0.01764705882352941
0 0.5073221757322176 0.2988235294117647 0.10669456066945607 0.047058823529411764
0 0.6527196652719666 0.29411764705882354 0.08368200836820083 0.047058823529411764
0 0.4341004184100418 0.24235294117647058 0.05230125523012552 0.04470588235294118
0 0.5125523012552301 0.22470588235294117 0.17573221757322174 0.06588235294117648
0 0.9686192468619247 0.025294117647058825 0.06276150627615062 0.015294117647058824
