0 0.26673640167364016 0.9770588235294118 0.07322175732217573 0.04588235294117647
0 0.1579497907949791 0.91 0.2489539748953975 0.03176470588235294
0 0.32322175732217573 0.9123529411764706 0.060669456066945605 0.04588235294117647
0 0.7384937238493724 0.81 0.05439330543933055 0.015294117647058824
0 0.8410041841004184 0.7629411764705882 0.03765690376569038 0.027058823529411764
0 0.747907949790795 0.7647058823529411 0.06903765690376569 0.03058823529411765
0 0.801255230125523 0.7594117647058823 0.03347280334728033 0.027058823529411764
0 0.7217573221757322 0.5576470588235294 0.19246861924686193 0.11058823529411765
0 0.602510460251046 0.4976470588235294 0.16317991631799164 0.04941176470588235
0 0.1997907949790795 0.48176470588235293 0.07740585774058577 0.04352941176470588
0 0.28661087866108786 0.4682352941176471 0.07531380753138076 0.05411764705882353
0 0.4351464435146444 0.4576470588235294 0.07531380753138076 0.04941176470588235
0 0.36506276150627615 0.46058823529411763 0.06903765690376569 0.05529411764705883
0 0.2405857740585774 0.4323529411764706 0.03347280334728033 0.01764705882352941
0 0.7426778242677824 0.4288235294117647 0.15481171548117154 0.04588235294117647
0 0.3922594142259414 0.4076470588235294 0.04811715481171548 0.02235294117647059
0 0.32322175732217573 0.4111764705882353 0.08577405857740586 0.03176470588235294
0 0.6820083682008368 0.39294117647058824 0.04184100418410042 0.03764705882352941
0 0.7384937238493724 0.40941176470588236 0.18410041841004185 0.0988235294117647
0 0.700836820083682 0.051176470588235295 0.03765690376569038 0.10235294117647059
