0 0.9654811715481172 0.9658823529411765 0.06903765690376569 0.021176470588235293
0 0.9351464435146444 0.9558823529411765 0.1297071129707113 0.06235294117647059
0 0.5303347280334728 0.9264705882352942 0.060669456066945605 0.02
0 0.7468619246861925 0.7111764705882353 0.07531380753138076 0.01764705882352941
0 0.04184100418410042 0.36176470588235293 0.08368200836820083 0.05764705882352941
0 0.4361924686192469 0.25058823529411767 0.11506276150627615 0.03764705882352941
0 0.35669456066945604 0.2464705882352941 0.08158995815899582 0.036470588235294116
0 0.7144351464435147 0.1264705882352941 0.13598326359832635 0.015294117647058824
0 0.4895397489539749 0.11 0.06694560669456066 0.05529411764705883
0 0.9602510460251046 0.09705882352941177 0.0794979079497908 0.07647058823529412
0 0.6014644351464435 0.03764705882352941 0.06903765690376569 0.018823529411764704
