0 0.35200471698113206 0.700836820083682 0.0625 0.0794979079497908
0 0.9086084905660378 0.6631799163179917 0.04834905660377359 0.0794979079497908
0 0.45990566037735847 0.6213389121338913 0.025943396226415096 0.03347280334728033
0 0.7334905660377359 0.606694560669456 0.02358490566037736 0.058577405857740586
0 0.7505896226415094 0.5910041841004184 0.027122641509433963 0.10251046025104603
0 0.13797169811320756 0.5700836820083682 0.02830188679245283 0.13179916317991633
0 0.12617924528301888 0.45397489539748953 0.014150943396226415 0.058577405857740586
0 0.8879716981132075 0.4905857740585774 0.049528301886792456 0.21548117154811716
0 0.46049528301886794 0.44037656903765693 0.0294811320754717 0.12343096234309624
0 0.2034198113207547 0.38389121338912136 0.015330188679245283 0.08158995815899582
0 0.691627358490566 0.4895397489539749 0.04834905660377359 0.3138075313807531
0 0.6485849056603774 0.3274058577405858 0.04009433962264151 0.06903765690376569
0 0.14563679245283018 0.29811715481171547 0.0294811320754717 0.02301255230125523
0 0.9215801886792453 0.3158995815899582 0.024764150943396228 0.08786610878661087
0 0.37264150943396224 0.3127615062761506 0.05188679245283019 0.12343096234309624
0 0.8637971698113207 0.252092050209205 0.045990566037735846 0.22384937238493724
0 0.1650943396226415 0.151673640167364 0.018867924528301886 0.08577405857740586
0 0.04540094339622641 0.08263598326359832 0.04363207547169811 0.1108786610878661
0 0.7959905660377359 0.11610878661087866 0.04716981132075472 0.20292887029288703
0 0.9722877358490566 0.22384937238493724 0.055424528301886794 0.4476987447698745
0 0.9386792452830188 0.08368200836820083 0.02358490566037736 0.16736401673640167
0 0.8431603773584906 0.06276150627615062 0.03773584905660377 0.12552301255230125
0 0.11320754716981132 0.030334728033472803 0.0660377358490566 0.060669456066945605
