0 0.6537656903765691 0.8594117647058823 0.07322175732217573 0.04352941176470588
0 0.10669456066945607 0.5729411764705883 0.21338912133891214 0.08941176470588236
0 0.27405857740585776 0.20823529411764705 0.029288702928870293 0.021176470588235293
0 0.41527196652719667 0.20705882352941177 0.027196652719665274 0.021176470588235293
0 0.3399581589958159 0.2076470588235294 0.10251046025104603 0.02235294117647059
0 0.5083682008368201 0.20588235294117646 0.029288702928870293 0.021176470588235293
0 0.448744769874477 0.20647058823529413 0.03138075313807531 0.02235294117647059
0 0.3002092050209205 0.17352941176470588 0.0397489539748954 0.02235294117647059
0 0.11820083682008369 0.08176470588235295 0.2112970711297071 0.04588235294117647
0 0.06171548117154812 0.00411764705882353 0.09414225941422594 0.00823529411764706
