0 0.23744769874476987 0.9570588235294117 0.12343096234309624 0.015294117647058824
0 0.27615062761506276 0.8105882352941176 0.04184100418410042 0.04
0 0.22698744769874477 0.8058823529411765 0.04811715481171548 0.04
0 0.6286610878661087 0.8088235294117647 0.06903765690376569 0.0976470588235294
0 0.9142259414225942 0.7035294117647058 0.17154811715481172 0.06823529411764706
0 0.6914225941422594 0.6576470588235294 0.07740585774058577 0.09411764705882353
0 0.016736401673640166 0.5564705882352942 0.03347280334728033 0.06352941176470588
0 0.944560669456067 0.4641176470588235 0.1108786610878661 0.10235294117647059
0 0.48535564853556484 0.4447058823529412 0.34309623430962344 0.08235294117647059
0 0.3284518828451883 0.4052941176470588 0.12552301255230125 0.06941176470588235
0 0.8776150627615062 0.37058823529411766 0.24476987447698745 0.12941176470588237
0 0.32322175732217573 0.18058823529411766 0.04811715481171548 0.024705882352941175
0 0.8399581589958159 0.21176470588235294 0.0397489539748954 0.1811764705882353
0 0.8838912133891214 0.07941176470588235 0.02301255230125523 0.027058823529411764
0 0.850418410041841 0.07823529411764706 0.02301255230125523 0.027058823529411764
0 0.8629707112970711 0.03705882352941176 0.02301255230125523 0.029411764705882353
0 0.9686192468619247 0.010588235294117647 0.06276150627615062 0.021176470588235293
