0 0.7123430962343096 0.9017647058823529 0.08158995815899582 0.09294117647058824
0 0.5700836820083682 0.7717647058823529 0.027196652719665274 0.02588235294117647
0 0.33158995815899583 0.7588235294117647 0.04811715481171548 0.02823529411764706
0 0.4592050209205021 0.7082352941176471 0.06485355648535565 0.058823529411764705
0 0.3179916317991632 0.6952941176470588 0.058577405857740586 0.047058823529411764
0 0.9131799163179917 0.6270588235294118 0.1192468619246862 0.02588235294117647
0 0.5439330543933054 0.6441176470588236 0.05439330543933055 0.06470588235294118
0 0.4884937238493724 0.6411764705882353 0.06485355648535565 0.06352941176470588
0 0.37552301255230125 0.6352941176470588 0.06485355648535565 0.06352941176470588
0 0.32426778242677823 0.6229411764705882 0.03765690376569038 0.04352941176470588
0 0.7751046025104602 0.5317647058823529 0.11506276150627615 0.17647058823529413
0 0.9225941422594143 0.4823529411764706 0.15481171548117154 0.12
0 0.6370292887029289 0.3517647058823529 0.18200836820083682 0.06588235294117648
0 0.5230125523012552 0.3523529411764706 0.4225941422594142 0.08352941176470588
0 0.35460251046025104 0.32941176470588235 0.060669456066945605 0.042352941176470586
0 0.011506276150627616 0.28823529411764703 0.02301255230125523 0.06352941176470588
