0 0.3493723849372385 0.9217647058823529 0.100418410041841 0.03882352941176471
0 0.7416317991631799 0.841764705882353 0.0397489539748954 0.09058823529411765
0 0.9100418410041841 0.8047058823529412 0.1799163179916318 0.04941176470588235
0 0.7928870292887029 0.7423529411764705 0.06694560669456066 0.15529411764705883
0 0.9121338912133892 0.6858823529411765 0.16736401673640167 0.08705882352941176
0 0.9027196652719666 0.5805882352941176 0.09414225941422594 0.03882352941176471
0 0.9654811715481172 0.3623529411764706 0.06903765690376569 0.01647058823529412
0 0.891213389121339 0.3788235294117647 0.0502092050209205 0.1388235294117647
0 0.698744769874477 0.2964705882352941 0.06276150627615062 0.03764705882352941
0 0.7792887029288703 0.2911764705882353 0.06903765690376569 0.029411764705882353
0 0.946652719665272 0.20470588235294118 0.10669456066945607 0.058823529411764705
0 0.4696652719665272 0.11529411764705882 0.027196652719665274 0.03058823529411765
0 0.9560669456066946 0.10588235294117647 0.08786610878661087 0.04470588235294118
0 0.9602510460251046 0.02235294117647059 0.0794979079497908 0.04470588235294118
