0 0.6698113207547169 0.8797071129707112 0.05660377358490566 0.04811715481171548
0 0.5 0.9257322175732218 1.0 0.14853556485355648
0 0.6061320754716981 0.8420502092050209 0.054245283018867926 0.043933054393305436
0 0.38502358490566035 0.8399581589958159 0.03419811320754717 0.0397489539748954
0 0.42924528301886794 0.8315899581589958 0.04245283018867924 0.0397489539748954
0 0.5459905660377359 0.8305439330543933 0.054245283018867926 0.04602510460251046
0 0.4811320754716981 0.7782426778242678 0.04481132075471698 0.03347280334728033
0 0.036556603773584904 0.5962343096234309 0.07311320754716981 0.058577405857740586
0 0.9545990566037735 0.48430962343096234 0.0294811320754717 0.03556485355648536
0 0.5984669811320755 0.47594142259414224 0.01061320754716981 0.11506276150627615
0 0.8455188679245284 0.4131799163179916 0.01650943396226415 0.03556485355648536
0 0.42983490566037735 0.3619246861924686 0.012971698113207548 0.18828451882845187
0 0.5819575471698113 0.3200836820083682 0.0294811320754717 0.1297071129707113
0 0.39327830188679247 0.3399581589958159 0.01768867924528302 0.23221757322175732
0 0.361438679245283 0.049163179916317995 0.045990566037735846 0.03556485355648536
