0 0.9225941422594143 0.7352941176470589 0.04602510460251046 0.05176470588235294
0 0.2594142259414226 0.7705882352941177 0.1297071129707113 0.13176470588235295
0 0.9435146443514645 0.6888235294117647 0.06276150627615062 0.09058823529411765
0 0.5271966527196653 0.5458823529411765 0.45188284518828453 0.08470588235294117
0 0.23744769874476987 0.48823529411764705 0.12761506276150628 0.03529411764705882
0 0.3158995815899582 0.47823529411764704 0.0502092050209205 0.024705882352941175
0 0.2615062761506276 0.4235294117647059 0.13807531380753138 0.009411764705882352
0 0.0397489539748954 0.4423529411764706 0.0794979079497908 0.07764705882352942
0 0.28870292887029286 0.3511764705882353 0.04184100418410042 0.09058823529411765
0 0.38702928870292885 0.31470588235294117 0.07112970711297072 0.0811764705882353
0 0.348326359832636 0.2964705882352941 0.0899581589958159 0.04470588235294118
0 0.27510460251046026 0.2911764705882353 0.1401673640167364 0.11647058823529412
0 0.6715481171548117 0.21941176470588236 0.29707112970711297 0.06941176470588235
0 0.9435146443514645 0.20058823529411765 0.11297071129707113 0.04823529411764706
0 0.08054393305439331 0.09058823529411765 0.07740585774058577 0.02823529411764706
0 0.22280334728033474 0.07352941176470588 0.10251046025104603 0.029411764705882353
0 0.5156903765690377 0.06764705882352941 0.2280334728033473 0.05058823529411765
0 0.9864016736401674 0.06235294117647059 0.027196652719665274 0.04470588235294118
0 0.9497907949790795 0.058823529411764705 0.04602510460251046 0.03764705882352941
0 0.9581589958158996 0.01588235294117647 0.08368200836820083 0.03176470588235294
0 0.8232217573221757 0.028823529411764706 0.14853556485355648 0.05764705882352941
0 0.7186192468619247 0.03470588235294118 0.04811715481171548 0.06941176470588235
0 0.34205020920502094 0.03588235294117647 0.10669456066945607 0.07176470588235294
0 0.01882845188284519 0.04058823529411765 0.03765690376569038 0.0811764705882353
