0 0.5910041841004184 0.8547058823529412 0.11506276150627615 0.027058823529411764
0 0.41422594142259417 0.7070588235294117 0.06276150627615062 0.05647058823529412
0 0.4131799163179916 0.6488235294117647 0.4707112970711297 0.04823529411764706
0 0.448744769874477 0.47352941176470587 0.09414225941422594 0.029411764705882353
0 0.6799163179916318 0.4723529411764706 0.26359832635983266 0.1
0 0.3587866108786611 0.4223529411764706 0.37447698744769875 0.007058823529411765
0 0.7583682008368201 0.39588235294117646 0.027196652719665274 0.029411764705882353
0 0.7248953974895398 0.39588235294117646 0.03556485355648536 0.029411764705882353
0 0.5627615062761506 0.3952941176470588 0.06276150627615062 0.02823529411764706
0 0.4361924686192469 0.3941176470588235 0.03556485355648536 0.02823529411764706
0 0.2698744769874477 0.3935294117647059 0.029288702928870293 0.027058823529411764
0 0.805439330543933 0.31941176470588234 0.1087866108786611 0.0976470588235294
0 0.9811715481171548 0.2252941176470588 0.03765690376569038 0.07882352941176471
0 0.8284518828451883 0.17882352941176471 0.24686192468619247 0.08941176470588236
0 0.9142259414225942 0.15823529411764706 0.17154811715481172 0.05058823529411765
0 0.2897489539748954 0.14588235294117646 0.15271966527196654 0.07529411764705882
0 0.5345188284518828 0.13058823529411764 0.06485355648535565 0.04941176470588235
0 0.9163179916317992 0.11588235294117646 0.16736401673640167 0.04588235294117647
0 0.1297071129707113 0.13294117647058823 0.17154811715481172 0.08941176470588236
0 0.3253138075313807 0.057058823529411766 0.11506276150627615 0.01764705882352941
0 0.11401673640167365 0.05176470588235294 0.2280334728033473 0.011764705882352941
