0 0.8148535564853556 0.5805882352941176 0.0397489539748954 0.029411764705882353
0 0.7719665271966527 0.5682352941176471 0.03765690376569038 0.03058823529411765
0 0.7332635983263598 0.5647058823529412 0.03556485355648536 0.03058823529411765
0 0.696652719665272 0.5611764705882353 0.029288702928870293 0.03058823529411765
0 0.33577405857740583 0.5358823529411765 0.09414225941422594 0.015294117647058824
0 0.303347280334728 0.4858823529411765 0.14644351464435146 0.07058823529411765
0 0.2583682008368201 0.12176470588235294 0.02301255230125523 0.02
0 0.5209205020920502 0.15235294117647058 0.891213389121339 0.1188235294117647
0 0.12761506276150628 0.1111764705882353 0.07112970711297072 0.05764705882352941
0 0.25 0.0811764705882353 0.3410041841004184 0.023529411764705882
0 0.3378661087866109 0.03294117647058824 0.13179916317991633 0.01411764705882353
0 0.1297071129707113 0.015294117647058824 0.2594142259414226 0.03058823529411765
