0 0.7855648535564853 0.9105882352941177 0.0899581589958159 0.09176470588235294
0 0.4372384937238494 0.5841176470588235 0.24686192468619247 0.05058823529411765
0 0.9612970711297071 0.5535294117647059 0.06903765690376569 0.027058823529411764
0 0.6317991631799164 0.5458823529411765 0.07531380753138076 0.021176470588235293
0 0.944560669456067 0.5170588235294118 0.1108786610878661 0.06
0 0.4811715481171548 0.3835294117647059 0.11297071129707113 0.01647058823529412
0 0.5345188284518828 0.3711764705882353 0.2698744769874477 0.0058823529411764705
0 0.6778242677824268 0.3411764705882353 0.04184100418410042 0.04470588235294118
0 0.6286610878661087 0.34058823529411764 0.0397489539748954 0.04352941176470588
0 0.45083682008368203 0.34058823529411764 0.01882845188284519 0.04352941176470588
0 0.4027196652719665 0.34058823529411764 0.060669456066945605 0.04352941176470588
0 0.33158995815899583 0.3417647058823529 0.060669456066945605 0.04588235294117647
0 0.5721757322175732 0.34 0.05230125523012552 0.04470588235294118
0 0.50418410041841 0.34 0.06694560669456066 0.04470588235294118
0 0.9654811715481172 0.3070588235294118 0.06903765690376569 0.021176470588235293
0 0.401673640167364 0.2952941176470588 0.03347280334728033 0.02588235294117647
0 0.5805439330543933 0.29470588235294115 0.12761506276150628 0.027058823529411764
0 0.9686192468619247 0.2635294117647059 0.06276150627615062 0.05176470588235294
0 0.6527196652719666 0.2288235294117647 0.05439330543933055 0.03882352941176471
0 0.38702928870292885 0.22176470588235295 0.09205020920502092 0.06470588235294118
0 0.5606694560669456 0.2111764705882353 0.02510460251046025 0.05058823529411765
0 0.46548117154811713 0.21 0.06903765690376569 0.06
0 0.5209205020920502 0.20705882352941177 0.02510460251046025 0.05647058823529412
0 0.3169456066945607 0.2111764705882353 0.09414225941422594 0.11647058823529412
0 0.0502092050209205 0.13705882352941176 0.100418410041841 0.07411764705882352
