0 0.02510460251046025 0.9882352941176471 0.0502092050209205 0.023529411764705882
0 0.8535564853556485 0.8241176470588235 0.12552301255230125 0.04823529411764706
0 0.8650627615062761 0.7823529411764706 0.16527196652719664 0.04
0 0.8598326359832636 0.7294117647058823 0.15481171548117154 0.04470588235294118
0 0.04497907949790795 0.5988235294117648 0.0899581589958159 0.09176470588235294
0 0.9811715481171548 0.5723529411764706 0.03765690376569038 0.041176470588235294
0 0.9435146443514645 0.4535294117647059 0.11297071129707113 0.015294117647058824
0 0.8943514644351465 0.49 0.2112970711297071 0.08823529411764706
0 0.2510460251046025 0.4623529411764706 0.04184100418410042 0.0611764705882353
0 0.32112970711297073 0.43823529411764706 0.060669456066945605 0.08823529411764706
0 0.39435146443514646 0.43529411764705883 0.056485355648535567 0.0988235294117647
0 0.4696652719665272 0.42411764705882354 0.0397489539748954 0.10941176470588235
0 0.6370292887029289 0.43529411764705883 0.1108786610878661 0.15058823529411763
0 0.20606694560669456 0.43117647058823527 0.06903765690376569 0.14941176470588236
0 0.07426778242677824 0.36 0.14853556485355648 0.03294117647058824
0 0.13389121338912133 0.28647058823529414 0.07531380753138076 0.02
0 0.6673640167364017 0.2647058823529412 0.15481171548117154 0.06352941176470588
