0 0.045990566037735846 0.9299163179916318 0.09198113207547169 0.03556485355648536
0 0.024174528301886794 0.8263598326359832 0.0294811320754717 0.02092050209205021
0 0.20400943396226415 0.6694560669456067 0.10141509433962265 0.1087866108786611
0 0.8225235849056604 0.5700836820083682 0.060141509433962265 0.0397489539748954
0 0.9038915094339622 0.5617154811715481 0.031839622641509434 0.043933054393305436
0 0.7128537735849056 0.5638075313807531 0.0695754716981132 0.10669456066945607
0 0.7676886792452831 0.41422594142259417 0.02830188679245283 0.06276150627615062
0 0.8590801886792453 0.4100418410041841 0.015330188679245283 0.058577405857740586
0 0.8001179245283019 0.4110878661087866 0.027122641509433963 0.060669456066945605
0 0.8313679245283019 0.4100418410041841 0.02830188679245283 0.06276150627615062
0 0.8950471698113207 0.39748953974895396 0.025943396226415096 0.04184100418410042
0 0.9239386792452831 0.40585774058577406 0.024764150943396228 0.06276150627615062
0 0.8107311320754716 0.3472803347280335 0.01768867924528302 0.04184100418410042
0 0.8909198113207547 0.34414225941422594 0.01768867924528302 0.043933054393305436
0 0.8496462264150944 0.27510460251046026 0.13561320754716982 0.0397489539748954
0 0.5571933962264151 0.19769874476987448 0.3007075471698113 0.07322175732217573
0 0.42452830188679247 0.19142259414225943 0.025943396226415096 0.06485355648535565
0 0.5589622641509434 0.1893305439330544 0.09433962264150944 0.06485355648535565
0 0.6556603773584906 0.18723849372384938 0.09198113207547169 0.06485355648535565
0 0.7759433962264151 0.09728033472803348 0.25943396226415094 0.060669456066945605
0 0.7370283018867925 0.07426778242677824 0.06367924528301887 0.014644351464435146
0 0.5760613207547169 0.09728033472803348 0.09787735849056604 0.06485355648535565
0 0.1633254716981132 0.07322175732217573 0.036556603773584904 0.02092050209205021
