0 0.9100418410041841 0.678235294117647 0.03347280334728033 0.02235294117647059
0 0.9633891213389121 0.6141176470588235 0.0397489539748954 0.04
0 0.7322175732217573 0.5682352941176471 0.06694560669456066 0.08235294117647059
0 0.9497907949790795 0.5458823529411765 0.100418410041841 0.07058823529411765
0 0.1893305439330544 0.4147058823529412 0.3786610878661088 0.03411764705882353
0 0.14958158995815898 0.3658823529411765 0.17782426778242677 0.04941176470588235
0 0.032426778242677826 0.3288235294117647 0.06485355648535565 0.07882352941176471
0 0.08158995815899582 0.2788235294117647 0.16317991631799164 0.01647058823529412
0 0.24790794979079497 0.2164705882352941 0.056485355648535567 0.05647058823529412
0 0.3002092050209205 0.21352941176470588 0.05230125523012552 0.05529411764705883
0 0.4874476987447699 0.19705882352941176 0.05439330543933055 0.05764705882352941
0 0.7646443514644351 0.14588235294117646 0.06903765690376569 0.03529411764705882
0 0.7207112970711297 0.13352941176470587 0.09414225941422594 0.03411764705882353
0 0.8315899581589958 0.13588235294117648 0.07740585774058577 0.04823529411764706
0 0.5345188284518828 0.004705882352941176 0.060669456066945605 0.009411764705882352
