0 0.4321933962264151 0.8682008368200836 0.11202830188679246 0.05439330543933055
0 0.6373820754716981 0.7112970711297071 0.020047169811320754 0.0502092050209205
0 0.6621462264150944 0.696652719665272 0.0294811320754717 0.06694560669456066
0 0.9091981132075472 0.5177824267782427 0.04716981132075472 0.043933054393305436
0 0.024764150943396228 0.40585774058577406 0.025943396226415096 0.04602510460251046
0 0.18455188679245282 0.2907949790794979 0.027122641509433963 0.07112970711297072
0 0.3272405660377358 0.28451882845188287 0.09787735849056604 0.06694560669456066
0 0.4251179245283019 0.2803347280334728 0.09080188679245282 0.06694560669456066
0 0.4634433962264151 0.19142259414225943 0.07783018867924528 0.03556485355648536
0 0.9923349056603774 0.19246861924686193 0.015330188679245283 0.07531380753138076
0 0.9498820754716981 0.19874476987447698 0.04363207547169811 0.09205020920502092
0 0.7635613207547169 0.15481171548117154 0.03891509433962264 0.03765690376569038
0 0.14445754716981132 0.14853556485355648 0.2016509433962264 0.11297071129707113
0 0.6373820754716981 0.12866108786610878 0.1615566037735849 0.10251046025104603
0 0.9823113207547169 0.02615062761506276 0.03537735849056604 0.05230125523012552
