0 0.6456367924528302 0.856694560669456 0.05778301886792453 0.04811715481171548
0 0.5459905660377359 0.7845188284518828 0.0589622641509434 0.09205020920502092
0 0.9882075471698113 0.7018828451882845 0.02358490566037736 0.06903765690376569
0 0.02535377358490566 0.6788702928870293 0.024764150943396228 0.10669456066945607
0 0.13738207547169812 0.6903765690376569 0.01768867924528302 0.20920502092050208
0 0.9799528301886793 0.5 0.04009433962264151 0.10460251046025104
0 0.21816037735849056 0.4131799163179916 0.09198113207547169 0.06485355648535565
0 0.21521226415094338 0.350418410041841 0.09080188679245282 0.06485355648535565
0 0.1792452830188679 0.2918410041841004 0.02122641509433962 0.056485355648535567
0 0.9516509433962265 0.23744769874476987 0.04481132075471698 0.03556485355648536
0 0.20931603773584906 0.11715481171548117 0.024764150943396228 0.04184100418410042
0 0.018278301886792452 0.10146443514644352 0.036556603773584904 0.12761506276150628
0 0.38502358490566035 0.027196652719665274 0.01061320754716981 0.05439330543933055
0 0.33431603773584906 0.016736401673640166 0.03419811320754717 0.03347280334728033
