0 0.3713389121338912 0.7129411764705882 0.05230125523012552 0.01647058823529412
0 0.8702928870292888 0.6111764705882353 0.22594142259414227 0.02235294117647059
0 0.17364016736401675 0.7158823529411765 0.07112970711297072 0.3517647058823529
0 0.1799163179916318 0.5347058823529411 0.04602510460251046 0.024705882352941175
0 0.944560669456067 0.4682352941176471 0.1108786610878661 0.042352941176470586
0 0.6746861924686193 0.32588235294117646 0.12761506276150628 0.03058823529411765
0 0.21443514644351463 0.3352941176470588 0.0397489539748954 0.10588235294117647
0 0.2175732217573222 0.1811764705882353 0.07112970711297072 0.03529411764705882
0 0.6715481171548117 0.021176470588235293 0.05439330543933055 0.02823529411764706
0 0.5324267782426778 0.13941176470588235 0.07322175732217573 0.2788235294117647
0 0.17364016736401675 0.01588235294117647 0.06694560669456066 0.03176470588235294
0 0.07635983263598327 0.17705882352941177 0.07740585774058577 0.35411764705882354
