0 0.03138075313807531 0.9111764705882353 0.06276150627615062 0.012941176470588235
0 0.47594142259414224 0.8205882352941176 0.3200836820083682 0.13058823529411764
0 0.1809623430962343 0.6705882352941176 0.08158995815899582 0.03058823529411765
0 0.20815899581589958 0.55 0.0899581589958159 0.052941176470588235
0 0.37343096234309625 0.5405882352941176 0.08577405857740586 0.04823529411764706
0 0.29602510460251047 0.5417647058823529 0.08577405857740586 0.05058823529411765
0 0.11610878661087866 0.5488235294117647 0.09832635983263599 0.06941176470588235
0 0.6171548117154811 0.5364705882352941 0.1297071129707113 0.05647058823529412
0 0.48430962343096234 0.5347058823529411 0.056485355648535567 0.06705882352941177
0 0.3075313807531381 0.49411764705882355 0.058577405857740586 0.023529411764705882
0 0.9612970711297071 0.48411764705882354 0.07740585774058577 0.07647058823529412
0 0.50418410041841 0.2647058823529412 0.1087866108786611 0.02588235294117647
0 0.7196652719665272 0.2635294117647059 0.18828451882845187 0.04470588235294118
0 0.30962343096234307 0.14352941176470588 0.12133891213389121 0.03529411764705882
0 0.4571129707112971 0.1411764705882353 0.20711297071129708 0.05647058823529412
0 0.9121338912133892 0.0988235294117647 0.029288702928870293 0.01647058823529412
0 0.8064853556485355 0.11058823529411765 0.15690376569037656 0.058823529411764705
0 0.3002092050209205 0.09411764705882353 0.07740585774058577 0.042352941176470586
0 0.8661087866108786 0.029411764705882353 0.14644351464435146 0.03529411764705882
0 0.2594142259414226 0.026470588235294117 0.07112970711297072 0.03176470588235294
0 0.4393305439330544 0.047058823529411764 0.12133891213389121 0.08235294117647059
0 0.74581589958159 0.01588235294117647 0.043933054393305436 0.03176470588235294
