0 0.5 0.9215481171548117 1.0 0.15690376569037656
0 0.3632075471698113 0.8378661087866108 0.08962264150943396 0.05230125523012552
0 0.39858490566037735 0.799163179916318 0.02358490566037736 0.03347280334728033
0 0.6362028301886793 0.6380753138075314 0.06721698113207547 0.12133891213389121
0 0.9705188679245284 0.7374476987447699 0.0589622641509434 0.5
0 0.7470518867924528 0.4382845188284519 0.0625 0.0899581589958159
0 0.6238207547169812 0.45292887029288703 0.030660377358490566 0.23640167364016737
0 0.6963443396226415 0.46338912133891214 0.045990566037735846 0.42887029288702927
0 0.018867924528301886 0.25523012552301255 0.03773584905660377 0.14225941422594143
0 0.9310141509433962 0.2907949790794979 0.020047169811320754 0.23430962343096234
0 0.6969339622641509 0.1412133891213389 0.04481132075471698 0.0899581589958159
0 0.7895047169811321 0.23535564853556484 0.03891509433962264 0.32426778242677823
0 0.972877358490566 0.14748953974895398 0.054245283018867926 0.29497907949790797
