0 0.0347877358490566 0.895397489539749 0.055424528301886794 0.09623430962343096
0 0.00589622641509434 0.555439330543933 0.01179245283018868 0.04811715481171548
0 0.5 0.4989539748953975 0.04716981132075472 0.08577405857740586
0 0.5672169811320755 0.4560669456066946 0.030660377358490566 0.058577405857740586
0 0.7423349056603774 0.5167364016736402 0.09551886792452831 0.21338912133891214
0 0.6597877358490566 0.4205020920502092 0.0294811320754717 0.04184100418410042
0 0.7081367924528302 0.401673640167364 0.0294811320754717 0.04184100418410042
0 0.9610849056603774 0.3587866108786611 0.07783018867924528 0.10251046025104603
0 0.017099056603773585 0.23640167364016737 0.03419811320754717 0.04602510460251046
0 0.8189858490566038 0.12552301255230125 0.041273584905660375 0.06276150627615062
0 0.8484669811320755 0.12552301255230125 0.09080188679245282 0.07112970711297072
0 0.96875 0.06799163179916318 0.03419811320754717 0.05230125523012552
0 0.17452830188679244 0.027196652719665274 0.018867924528301886 0.04602510460251046
0 0.6031839622641509 0.005230125523012552 0.08608490566037735 0.010460251046025104
0 0.298938679245283 0.02092050209205021 0.09787735849056604 0.04184100418410042
