0 0.06694560669456066 0.9135294117647059 0.04602510460251046 0.01764705882352941
0 0.5481171548117155 0.7388235294117647 0.0502092050209205 0.018823529411764704
0 0.8200836820083682 0.7835294117647059 0.02510460251046025 0.12705882352941175
0 0.8943514644351465 0.7352941176470589 0.01882845188284519 0.03529411764705882
0 0.5836820083682008 0.6752941176470588 0.029288702928870293 0.023529411764705882
0 0.49686192468619245 0.6635294117647059 0.03556485355648536 0.03058823529411765
0 0.6579497907949791 0.6664705882352941 0.07740585774058577 0.041176470588235294
0 0.41631799163179917 0.6670588235294118 0.1087866108786611 0.06588235294117648
0 0.7573221757322176 0.5094117647058823 0.13807531380753138 0.03294117647058824
0 0.7615062761506276 0.4776470588235294 0.13807531380753138 0.03294117647058824
0 0.7186192468619247 0.5035294117647059 0.23640167364016737 0.15764705882352942
0 0.600418410041841 0.26176470588235295 0.12133891213389121 0.07647058823529412
0 0.9267782426778243 0.2288235294117647 0.0502092050209205 0.04352941176470588
0 0.5794979079497908 0.2011764705882353 0.058577405857740586 0.04
