0 0.13620283018867924 0.8817991631799164 0.11674528301886793 0.03556485355648536
0 0.6326650943396226 0.803347280334728 0.07193396226415094 0.04602510460251046
0 0.39504716981132076 0.7928870292887029 0.02122641509433962 0.05439330543933055
0 0.4675707547169811 0.7845188284518828 0.13089622641509435 0.11297071129707113
0 0.23113207547169812 0.7468619246861925 0.10377358490566038 0.05439330543933055
0 0.21462264150943397 0.7217573221757322 0.08962264150943396 0.0502092050209205
0 0.6939858490566038 0.6914225941422594 0.2016509433962264 0.056485355648535567
0 0.13148584905660377 0.6914225941422594 0.0294811320754717 0.06485355648535565
0 0.7075471698113207 0.6600418410041841 0.1957547169811321 0.0397489539748954
0 0.19988207547169812 0.6903765690376569 0.21108490566037735 0.13807531380753138
0 0.1615566037735849 0.6600418410041841 0.030660377358490566 0.0899581589958159
0 0.1857311320754717 0.647489539748954 0.015330188679245283 0.08158995815899582
0 0.20224056603773585 0.6401673640167364 0.020047169811320754 0.07531380753138076
0 0.7181603773584906 0.6234309623430963 0.19339622641509435 0.0502092050209205
0 0.21816037735849056 0.6255230125523012 0.02358490566037736 0.0794979079497908
0 0.2358490566037736 0.6161087866108786 0.02830188679245283 0.07740585774058577
0 0.2535377358490566 0.6035564853556485 0.0330188679245283 0.07740585774058577
0 0.2706367924528302 0.5920502092050209 0.041273584905660375 0.0794979079497908
0 0.41096698113207547 0.6317991631799164 0.06485849056603774 0.16736401673640167
0 0.29127358490566035 0.5815899581589958 0.04481132075471698 0.07531380753138076
0 0.3089622641509434 0.5690376569037657 0.04716981132075472 0.07531380753138076
0 0.3891509433962264 0.5868200836820083 0.09905660377358491 0.2112970711297071
0 0.36556603773584906 0.5313807531380753 0.125 0.16317991631799164
0 0.9292452830188679 0.5983263598326359 0.03537735849056604 0.39330543933054396
0 0.6326650943396226 0.40376569037656906 0.18985849056603774 0.016736401673640166
0 0.6391509433962265 0.3797071129707113 0.19103773584905662 0.02301255230125523
0 0.6479952830188679 0.3577405857740586 0.18985849056603774 0.029288702928870293
0 0.10672169811320754 0.36506276150627615 0.024764150943396228 0.06485355648535565
0 0.13148584905660377 0.3608786610878661 0.02240566037735849 0.06485355648535565
0 0.15566037735849056 0.35460251046025104 0.02358490566037736 0.06485355648535565
0 0.1792452830188679 0.348326359832636 0.02122641509433962 0.06485355648535565
0 0.29245283018867924 0.32322175732217573 0.02358490566037736 0.06485355648535565
0 0.14622641509433962 0.3577405857740586 0.14150943396226415 0.19665271966527198
0 0.2830188679245283 0.32322175732217573 0.08018867924528301 0.17782426778242677
0 0.8295990566037735 0.2301255230125523 0.07900943396226415 0.0794979079497908
0 0.8431603773584906 0.1579497907949791 0.04481132075471698 0.043933054393305436
0 0.8254716981132075 0.1579497907949791 0.08018867924528301 0.07322175732217573
0 0.7971698113207547 0.08577405857740586 0.02358490566037736 0.06276150627615062
0 0.90625 0.11401673640167365 0.012971698113207548 0.2280334728033473
0 0.8867924528301887 0.13389121338912133 0.025943396226415096 0.26778242677824265
0 0.6226415094339622 0.015690376569037656 0.0589622641509434 0.03138075313807531
0 0.4357311320754717 0.027196652719665274 0.07665094339622641 0.05439330543933055
0 0.18396226415094338 0.056485355648535567 0.07547169811320754 0.11297071129707113
0 0.06132075471698113 0.06903765690376569 0.12264150943396226 0.13807531380753138
0 0.015330188679245283 0.028242677824267783 0.025943396226415096 0.056485355648535567
