0 0.47489539748953974 0.9635294117647059 0.23430962343096234 0.023529411764705882
0 0.33263598326359833 0.9594117647058824 0.07112970711297072 0.024705882352941175
0 0.17154811715481172 0.4541176470588235 0.11715481171548117 0.01647058823529412
0 0.3190376569037657 0.43176470588235294 0.060669456066945605 0.03058823529411765
0 0.39748953974895396 0.42705882352941177 0.10460251046025104 0.03058823529411765
0 0.14330543933054393 0.3711764705882353 0.09414225941422594 0.03411764705882353
0 0.6140167364016736 0.3135294117647059 0.10251046025104603 0.03882352941176471
0 0.42573221757322177 0.31529411764705884 0.2698744769874477 0.042352941176470586
0 0.10669456066945607 0.3035294117647059 0.09205020920502092 0.023529411764705882
0 0.6223849372384938 0.12058823529411765 0.027196652719665274 0.18
0 0.8117154811715481 0.03588235294117647 0.02092050209205021 0.07176470588235294
0 0.25732217573221755 0.033529411764705884 0.03765690376569038 0.06705882352941177
