0 0.401673640167364 0.9776470588235294 0.11297071129707113 0.01411764705882353
0 0.6610878661087866 0.94 0.14225941422594143 0.06352941176470588
0 0.5606694560669456 0.9070588235294118 0.22594142259414227 0.12941176470588237
0 0.7656903765690377 0.8376470588235294 0.11297071129707113 0.10352941176470588
0 0.3682008368200837 0.7729411764705882 0.058577405857740586 0.021176470588235293
0 0.8420502092050209 0.7341176470588235 0.02301255230125523 0.07529411764705882
0 0.8075313807531381 0.7158823529411765 0.0502092050209205 0.16117647058823528
0 0.2803347280334728 0.5 0.12552301255230125 0.04
0 0.9550209205020921 0.3658823529411765 0.0899581589958159 0.11058823529411765
0 0.6757322175732218 0.1935294117647059 0.1799163179916318 0.04823529411764706
0 0.9341004184100419 0.2011764705882353 0.1108786610878661 0.14823529411764705
0 0.6098326359832636 0.1476470588235294 0.04811715481171548 0.04352941176470588
0 0.8985355648535565 0.10411764705882352 0.056485355648535567 0.01764705882352941
0 0.9194560669456067 0.07823529411764706 0.10251046025104603 0.03176470588235294
0 0.9853556485355649 0.08058823529411764 0.029288702928870293 0.04823529411764706
0 0.4361924686192469 0.0058823529411764705 0.19456066945606695 0.011764705882352941
0 0.1412133891213389 0.017058823529411765 0.2824267782426778 0.03411764705882353
