0 0.14225941422594143 0.9311764705882353 0.04184100418410042 0.1376470588235294
0 0.13702928870292888 0.8541176470588235 0.014644351464435146 0.05176470588235294
0 0.034518828451882845 0.46294117647058824 0.06903765690376569 0.02235294117647059
0 0.9299163179916318 0.46941176470588236 0.1401673640167364 0.05411764705882353
0 0.5679916317991632 0.4258823529411765 0.043933054393305436 0.03058823529411765
0 0.5209205020920502 0.4252941176470588 0.03765690376569038 0.029411764705882353
0 0.3692468619246862 0.42176470588235293 0.0397489539748954 0.029411764705882353
0 0.26359832635983266 0.0888235294117647 0.16317991631799164 0.041176470588235294
0 0.6527196652719666 0.06235294117647059 0.19246861924686193 0.04941176470588235
0 0.20397489539748953 0.045294117647058825 0.043933054393305436 0.03411764705882353
0 0.9675732217573222 0.007647058823529412 0.06485355648535565 0.015294117647058824
