0 0.5165094339622641 0.897489539748954 0.02358490566037736 0.100418410041841
0 0.7818396226415094 0.7353556485355649 0.03537735849056604 0.04811715481171548
0 0.8189858490566038 0.6872384937238494 0.024764150943396228 0.05230125523012552
0 0.42983490566037735 0.6903765690376569 0.0294811320754717 0.06276150627615062
0 0.7959905660377359 0.6516736401673641 0.025943396226415096 0.09832635983263599
0 0.9669811320754716 0.6140167364016736 0.025943396226415096 0.056485355648535567
0 0.5984669811320755 0.6035564853556485 0.01768867924528302 0.04811715481171548
0 0.7116745283018868 0.6715481171548117 0.04363207547169811 0.30962343096234307
0 0.9911556603773585 0.5355648535564853 0.01768867924528302 0.07112970711297072
0 0.7783018867924528 0.5 0.05660377358490566 0.0502092050209205
0 0.8673349056603774 0.5638075313807531 0.07429245283018868 0.303347280334728
0 0.5831367924528302 0.4445606694560669 0.09316037735849056 0.06903765690376569
0 0.5884433962264151 0.37656903765690375 0.08726415094339622 0.06694560669456066
0 0.5536556603773585 0.3682008368200837 0.027122641509433963 0.058577405857740586
0 0.29245283018867924 0.3368200836820084 0.02122641509433962 0.09623430962343096
0 0.07193396226415094 0.19769874476987448 0.054245283018867926 0.05230125523012552
0 0.6308962264150944 0.11506276150627615 0.0660377358490566 0.03765690376569038
0 0.6804245283018868 0.09518828451882845 0.018867924528301886 0.09832635983263599
