0 0.7511792452830188 0.9424686192468619 0.030660377358490566 0.09832635983263599
0 0.6621462264150944 0.8242677824267782 0.0695754716981132 0.08786610878661087
0 0.5011792452830188 0.7907949790794979 0.06132075471698113 0.0794979079497908
0 0.27535377358490565 0.7154811715481172 0.08608490566037735 0.02510460251046025
0 0.7382075471698113 0.602510460251046 0.05660377358490566 0.012552301255230125
0 0.8048349056603774 0.5826359832635983 0.07665094339622641 0.05230125523012552
0 0.388561320754717 0.5177824267782427 0.027122641509433963 0.07322175732217573
0 0.04304245283018868 0.5135983263598326 0.01768867924528302 0.0899581589958159
0 0.5035377358490566 0.4780334728033473 0.04481132075471698 0.10251046025104603
0 0.6957547169811321 0.44142259414225943 0.018867924528301886 0.07112970711297072
0 0.3696933962264151 0.4330543933054393 0.015330188679245283 0.08368200836820083
0 0.7729952830188679 0.39748953974895396 0.06485849056603774 0.16317991631799164
0 0.7128537735849056 0.3922594142259414 0.045990566037735846 0.16527196652719664
0 0.8466981132075472 0.42887029288702927 0.01650943396226415 0.2510460251046025
0 0.1721698113207547 0.27615062761506276 0.14150943396226415 0.029288702928870293
0 0.18278301886792453 0.24267782426778242 0.04009433962264151 0.04602510460251046
0 0.05129716981132076 0.24581589958158995 0.0294811320754717 0.07740585774058577
0 0.7824292452830188 0.21338912133891214 0.14976415094339623 0.0794979079497908
0 0.09846698113207547 0.19769874476987448 0.19693396226415094 0.06485355648535565
0 0.2258254716981132 0.2102510460251046 0.12853773584905662 0.09832635983263599
0 0.3018867924528302 0.010460251046025104 0.0330188679245283 0.02092050209205021
