0 0.3253138075313807 0.9217647058823529 0.50418410041841 0.07176470588235294
0 0.6391213389121339 0.8770588235294118 0.12343096234309624 0.04352941176470588
0 0.6129707112970711 0.8694117647058823 0.09623430962343096 0.02823529411764706
0 0.03556485355648536 0.888235294117647 0.07112970711297072 0.12470588235294118
0 0.8127615062761506 0.7611764705882353 0.11506276150627615 0.12
0 0.9089958158995816 0.6564705882352941 0.18200836820083682 0.03058823529411765
0 0.8619246861924686 0.44 0.09205020920502092 0.018823529411764704
0 0.1799163179916318 0.4335294117647059 0.3598326359832636 0.06
0 0.9110878661087866 0.39235294117647057 0.17782426778242677 0.10941176470588235
0 0.6569037656903766 0.3564705882352941 0.058577405857740586 0.04470588235294118
0 0.26359832635983266 0.35411764705882354 0.06276150627615062 0.06823529411764706
0 0.6244769874476988 0.3476470588235294 0.14853556485355648 0.07882352941176471
0 0.11297071129707113 0.27 0.04602510460251046 0.04823529411764706
0 0.6223849372384938 0.26823529411764707 0.10251046025104603 0.047058823529411764
0 0.20606694560669456 0.2647058823529412 0.043933054393305436 0.04941176470588235
0 0.5774058577405857 0.2688235294117647 0.2217573221757322 0.06470588235294118
0 0.24581589958158995 0.25941176470588234 0.043933054393305436 0.04823529411764706
0 0.6684100418410042 0.18235294117647058 0.18200836820083682 0.04941176470588235
0 0.9937238493723849 0.17647058823529413 0.012552301255230125 0.07294117647058823
0 0.5993723849372385 0.1388235294117647 0.04811715481171548 0.04470588235294118
0 0.6537656903765691 0.16 0.18619246861924685 0.10823529411764705
0 0.9142259414225942 0.05 0.12552301255230125 0.015294117647058824
