0 0.9424686192468619 0.9788235294117648 0.043933054393305436 0.018823529411764704
0 0.5523012552301255 0.9223529411764706 0.0794979079497908 0.08705882352941176
0 0.6035564853556485 0.7694117647058824 0.10251046025104603 0.08
0 0.952928870292887 0.8164705882352942 0.060669456066945605 0.24941176470588236
0 0.07112970711297072 0.7605882352941177 0.14225941422594143 0.17294117647058824
0 0.8284518828451883 0.6429411764705882 0.058577405857740586 0.01764705882352941
0 0.694560669456067 0.6088235294117647 0.09205020920502092 0.027058823529411764
0 0.06485355648535565 0.5976470588235294 0.06694560669456066 0.06588235294117648
0 0.7259414225941423 0.5323529411764706 0.05439330543933055 0.052941176470588235
0 0.9728033472803347 0.5111764705882353 0.05439330543933055 0.041176470588235294
0 0.9738493723849372 0.41352941176470587 0.05230125523012552 0.10470588235294118
0 0.649581589958159 0.37529411764705883 0.08577405857740586 0.06588235294117648
0 0.9351464435146444 0.33647058823529413 0.08368200836820083 0.023529411764705882
0 0.8556485355648535 0.39235294117647057 0.0794979079497908 0.14
0 0.4811715481171548 0.3447058823529412 0.09623430962343096 0.04941176470588235
0 0.8378661087866108 0.33294117647058824 0.06903765690376569 0.03058823529411765
0 0.9811715481171548 0.2852941176470588 0.03347280334728033 0.06
0 0.946652719665272 0.2782352941176471 0.03556485355648536 0.06470588235294118
0 0.8629707112970711 0.11705882352941177 0.1108786610878661 0.029411764705882353
0 0.6129707112970711 0.10352941176470588 0.05439330543933055 0.023529411764705882
0 0.3922594142259414 0.11705882352941177 0.056485355648535567 0.13529411764705881
0 0.8284518828451883 0.01 0.029288702928870293 0.02
