0 0.7740585774058577 0.8029411764705883 0.03765690376569038 0.1376470588235294
0 0.5732217573221757 0.6835294117647058 0.37656903765690375 0.03058823529411765
0 0.5198744769874477 0.6758823529411765 0.29916317991631797 0.02
0 0.4225941422594142 0.4123529411764706 0.02092050209205021 0.02
0 0.3891213389121339 0.4123529411764706 0.02092050209205021 0.02
0 0.7259414225941423 0.38 0.02092050209205021 0.021176470588235293
0 0.5983263598326359 0.38 0.02092050209205021 0.021176470588235293
0 0.5460251046025104 0.38 0.02092050209205021 0.021176470588235293
0 0.6265690376569037 0.31470588235294117 0.29916317991631797 0.06235294117647059
0 0.08368200836820083 0.24352941176470588 0.04184100418410042 0.03529411764705882
0 0.6161087866108786 0.0888235294117647 0.05230125523012552 0.04352941176470588
0 0.9382845188284519 0.07235294117647059 0.01882845188284519 0.0976470588235294
