0 0.04304245283018868 0.8274058577405857 0.0625 0.03138075313807531
0 0.5807783018867925 0.7782426778242678 0.045990566037735846 0.1799163179916318
0 0.5884433962264151 0.6119246861924686 0.01179245283018868 0.07322175732217573
0 0.49764150943396224 0.4874476987447699 0.030660377358490566 0.06276150627615062
0 0.036556603773584904 0.4790794979079498 0.07311320754716981 0.09623430962343096
0 0.7494103773584906 0.35251046025104604 0.027122641509433963 0.0899581589958159
0 0.013561320754716982 0.20502092050209206 0.027122641509433963 0.04184100418410042
0 0.22641509433962265 0.2112970711297071 0.02358490566037736 0.08368200836820083
0 0.09433962264150944 0.14225941422594143 0.02830188679245283 0.04602510460251046
0 0.5247641509433962 0.10774058577405858 0.04245283018867924 0.0397489539748954
0 0.05837264150943396 0.09100418410041841 0.11674528301886793 0.09414225941422594
0 0.3761792452830189 0.02405857740585774 0.03773584905660377 0.01882845188284519
0 0.4699292452830189 0.06903765690376569 0.05778301886792453 0.13807531380753138
0 0.24882075471698112 0.02092050209205021 0.014150943396226415 0.04184100418410042
0 0.14445754716981132 0.027196652719665274 0.031839622641509434 0.05439330543933055
