0 0.8734309623430963 0.9858823529411764 0.1401673640167364 0.02823529411764706
0 0.9728033472803347 0.9729411764705882 0.05439330543933055 0.05411764705882353
0 0.5951882845188284 0.9335294117647058 0.33263598326359833 0.0035294117647058825
0 0.6401673640167364 0.8705882352941177 0.08786610878661087 0.018823529411764704
0 0.600418410041841 0.85 0.06276150627615062 0.03176470588235294
0 0.7332635983263598 0.6341176470588236 0.10251046025104603 0.047058823529411764
0 0.7583682008368201 0.5241176470588236 0.1694560669456067 0.036470588235294116
0 0.6077405857740585 0.3476470588235294 0.14853556485355648 0.015294117647058824
0 0.7217573221757322 0.34058823529411764 0.100418410041841 0.00823529411764706
0 0.0794979079497908 0.3611764705882353 0.08368200836820083 0.06352941176470588
0 0.3598326359832636 0.35 0.08368200836820083 0.06
0 0.4382845188284519 0.33705882352941174 0.07322175732217573 0.05058823529411765
0 0.5031380753138075 0.3276470588235294 0.04811715481171548 0.03882352941176471
0 0.6276150627615062 0.31588235294117645 0.016736401673640166 0.036470588235294116
0 0.6893305439330544 0.3 0.04811715481171548 0.02823529411764706
0 0.75 0.2952941176470588 0.060669456066945605 0.021176470588235293
0 0.5481171548117155 0.2511764705882353 0.15481171548117154 0.03411764705882353
0 0.7092050209205021 0.24764705882352941 0.15481171548117154 0.03411764705882353
