0 0.2719665271966527 0.8423529411764706 0.0502092050209205 0.01411764705882353
0 0.4424686192468619 0.8305882352941176 0.23221757322175732 0.03058823529411765
0 0.12447698744769875 0.8382352941176471 0.0899581589958159 0.04823529411764706
0 0.7384937238493724 0.7788235294117647 0.13389121338912133 0.07058823529411765
0 0.0397489539748954 0.6976470588235294 0.0794979079497908 0.23058823529411765
0 0.9131799163179917 0.51 0.17364016736401675 0.05058823529411765
0 0.7876569037656904 0.4958823529411765 0.09832635983263599 0.03176470588235294
0 0.6359832635983264 0.3770588235294118 0.09623430962343096 0.036470588235294116
0 0.6202928870292888 0.29294117647058826 0.1401673640167364 0.03058823529411765
0 0.4560669456066946 0.19411764705882353 0.0502092050209205 0.03058823529411765
0 0.9048117154811716 0.1888235294117647 0.07740585774058577 0.14470588235294118
0 0.4361924686192469 0.07529411764705882 0.056485355648535567 0.03058823529411765
0 0.2196652719665272 0.10352941176470588 0.17154811715481172 0.15294117647058825
