0 0.9941037735849056 0.7771966527196653 0.01179245283018868 0.04811715481171548
0 0.9274764150943396 0.7447698744769874 0.027122641509433963 0.03765690376569038
0 0.294811320754717 0.8148535564853556 0.08490566037735849 0.2489539748953975
0 0.9487028301886793 0.7196652719665272 0.03891509433962264 0.06694560669456066
0 0.6155660377358491 0.7165271966527197 0.11556603773584906 0.10251046025104603
0 0.7464622641509434 0.7071129707112971 0.02358490566037736 0.10460251046025104
0 0.45990566037735847 0.649581589958159 0.09905660377358491 0.1401673640167364
0 0.5294811320754716 0.5303347280334728 0.030660377358490566 0.12761506276150628
0 0.4982311320754717 0.5198744769874477 0.0294811320754717 0.11506276150627615
0 0.34139150943396224 0.4382845188284519 0.03891509433962264 0.1192468619246862
0 0.7924528301886793 0.48640167364016734 0.07547169811320754 0.3117154811715481
0 0.3579009433962264 0.11192468619246862 0.05306603773584906 0.09414225941422594
0 0.7511792452830188 0.18410041841004185 0.16273584905660377 0.2719665271966527
0 0.03537735849056604 0.04079497907949791 0.07075471698113207 0.08158995815899582
