0 0.5073221757322176 0.7964705882352942 0.10669456066945607 0.03058823529411765
0 0.8242677824267782 0.8011764705882353 0.26359832635983266 0.042352941176470586
0 0.34309623430962344 0.7352941176470589 0.10460251046025104 0.021176470588235293
0 0.5857740585774058 0.6929411764705883 0.16317991631799164 0.03764705882352941
0 0.9665271966527197 0.6852941176470588 0.06694560669456066 0.04352941176470588
0 0.33577405857740583 0.4935294117647059 0.027196652719665274 0.041176470588235294
0 0.27824267782426776 0.4935294117647059 0.07112970711297072 0.05529411764705883
0 0.5094142259414226 0.47411764705882353 0.060669456066945605 0.04
0 0.6485355648535565 0.46705882352941175 0.03765690376569038 0.02823529411764706
0 0.6705020920502092 0.4535294117647059 0.03556485355648536 0.029411764705882353
0 0.6014644351464435 0.46176470588235297 0.043933054393305436 0.04823529411764706
0 0.9707112970711297 0.42823529411764705 0.04184100418410042 0.04
0 0.4382845188284519 0.41058823529411764 0.10251046025104603 0.021176470588235293
0 0.3274058577405858 0.41058823529411764 0.10669456066945607 0.021176470588235293
