0 0.2800707547169811 0.7635983263598326 0.041273584905660375 0.06694560669456066
0 0.5 0.5104602510460251 0.014150943396226415 0.1297071129707113
0 0.5471698113207547 0.5062761506276151 0.014150943396226415 0.12552301255230125
0 0.39740566037735847 0.4571129707112971 0.02358490566037736 0.1903765690376569
0 0.7729952830188679 0.4299163179916318 0.045990566037735846 0.19456066945606695
0 0.6704009433962265 0.2719665271966527 0.04834905660377359 0.03347280334728033
0 0.6326650943396226 0.2792887029288703 0.024764150943396228 0.04811715481171548
0 0.7264150943396226 0.2405857740585774 0.025943396226415096 0.100418410041841
0 0.28125 0.23640167364016737 0.05306603773584906 0.09623430962343096
0 0.9622641509433962 0.07112970711297072 0.049528301886792456 0.14225941422594143
