0 0.2709205020920502 0.9370588235294117 0.07322175732217573 0.010588235294117647
0 0.4456066945606695 0.9241176470588235 0.20502092050209206 0.02
0 0.952928870292887 0.6158823529411764 0.06903765690376569 0.02
0 0.5282426778242678 0.2741176470588235 0.027196652719665274 0.06352941176470588
0 0.20188284518828453 0.2529411764705882 0.2280334728033473 0.15058823529411763
0 0.06903765690376569 0.1952941176470588 0.13807531380753138 0.06352941176470588
0 0.053347280334728034 0.11647058823529412 0.10669456066945607 0.03294117647058824
0 0.17782426778242677 0.1411764705882353 0.03347280334728033 0.08941176470588236
0 0.8608786610878661 0.11411764705882353 0.11506276150627615 0.04
0 0.6516736401673641 0.11058823529411765 0.10669456066945607 0.042352941176470586
0 0.4435146443514644 0.11235294117647059 0.1087866108786611 0.04588235294117647
0 0.04497907949790795 0.0988235294117647 0.0899581589958159 0.018823529411764704
0 0.25523012552301255 0.10882352941176471 0.11297071129707113 0.04352941176470588
0 0.3598326359832636 0.11176470588235295 0.02092050209205021 0.11058823529411765
