0 0.4790794979079498 0.9629411764705882 0.2301255230125523 0.024705882352941175
0 0.33472803347280333 0.9588235294117647 0.06694560669456066 0.023529411764705882
0 0.17468619246861924 0.4541176470588235 0.1192468619246862 0.01647058823529412
0 0.3274058577405858 0.43176470588235294 0.06485355648535565 0.03058823529411765
0 0.4027196652719665 0.42764705882352944 0.10669456066945607 0.029411764705882353
0 0.14330543933054393 0.3711764705882353 0.09414225941422594 0.03411764705882353
0 0.48326359832635984 0.31588235294117645 0.36401673640167365 0.04352941176470588
0 0.10669456066945607 0.3035294117647059 0.09205020920502092 0.023529411764705882
0 0.6234309623430963 0.12058823529411765 0.02510460251046025 0.18
0 0.8117154811715481 0.03588235294117647 0.02092050209205021 0.07176470588235294
0 0.25732217573221755 0.03529411764705882 0.03765690376569038 0.07058823529411765
