0 0.9722877358490566 0.854602510460251 0.055424528301886794 0.01882845188284519
0 0.4180424528301887 0.856694560669456 0.22995283018867924 0.04811715481171548
0 0.1615566037735849 0.8138075313807531 0.030660377358490566 0.19246861924686193
0 0.9628537735849056 0.6359832635983264 0.07429245283018868 0.1297071129707113
0 0.3944575471698113 0.29497907949790797 0.0625 0.0502092050209205
0 0.2865566037735849 0.29916317991631797 0.09198113207547169 0.06276150627615062
0 0.6179245283018868 0.3985355648535565 0.08490566037735849 0.29916317991631797
0 0.4369103773584906 0.21652719665271966 0.1733490566037736 0.0397489539748954
0 0.9575471698113207 0.2112970711297071 0.03773584905660377 0.0502092050209205
0 0.9705188679245284 0.14853556485355648 0.0589622641509434 0.0502092050209205
0 0.8685141509433962 0.14748953974895398 0.17806603773584906 0.04811715481171548
0 0.09551886792452831 0.17782426778242677 0.18867924528301888 0.11297071129707113
