0 0.24686192468619247 0.9782352941176471 0.02510460251046025 0.01764705882352941
0 0.20502092050209206 0.9741176470588235 0.029288702928870293 0.018823529411764704
0 0.40585774058577406 0.9735294117647059 0.06694560669456066 0.03176470588235294
0 0.6579497907949791 0.9705882352941176 0.4330543933054393 0.058823529411764705
0 0.6537656903765691 0.8929411764705882 0.23221757322175732 0.05411764705882353
0 0.8253138075313807 0.8588235294117647 0.13598326359832635 0.023529411764705882
0 0.9811715481171548 0.5829411764705882 0.03765690376569038 0.06
0 0.23221757322175732 0.4329411764705882 0.04602510460251046 0.03529411764705882
0 0.5135983263598326 0.42823529411764705 0.20292887029288703 0.042352941176470586
0 0.9843096234309623 0.44176470588235295 0.03138075313807531 0.07176470588235294
0 0.7112970711297071 0.34294117647058825 0.5230125523012552 0.01764705882352941
0 0.8117154811715481 0.31941176470588234 0.08368200836820083 0.02235294117647059
0 0.12343096234309624 0.31882352941176473 0.24686192468619247 0.02823529411764706
0 0.03556485355648536 0.25529411764705884 0.07112970711297072 0.021176470588235293
0 0.9037656903765691 0.26705882352941174 0.19246861924686193 0.10352941176470588
0 0.4571129707112971 0.10882352941176471 0.05230125523012552 0.05058823529411765
0 0.34414225941422594 0.06 0.0397489539748954 0.04941176470588235
0 0.9225941422594143 0.051176470588235295 0.08368200836820083 0.10235294117647059
0 0.3389121338912134 0.01647058823529412 0.04184100418410042 0.03294117647058824
