0 0.4722877358490566 0.8378661087866108 0.10731132075471699 0.07322175732217573
0 0.9133254716981132 0.7353556485355649 0.05306603773584906 0.0397489539748954
0 0.7570754716981132 0.6600418410041841 0.04009433962264151 0.01882845188284519
0 0.7476415094339622 0.5679916317991632 0.04009433962264151 0.08577405857740586
0 0.9009433962264151 0.5523012552301255 0.08254716981132075 0.09623430962343096
0 0.847877358490566 0.5219665271966527 0.025943396226415096 0.05230125523012552
0 0.2841981132075472 0.4581589958158996 0.10377358490566038 0.06694560669456066
0 0.9033018867924528 0.3294979079497908 0.19339622641509435 0.18200836820083682
0 0.7653301886792453 0.2102510460251046 0.014150943396226415 0.056485355648535567
0 0.7523584905660378 0.14748953974895398 0.04009433962264151 0.056485355648535567
0 0.9304245283018868 0.04184100418410042 0.1391509433962264 0.06276150627615062
0 0.05955188679245283 0.010460251046025104 0.041273584905660375 0.02092050209205021
