0 0.0596234309623431 0.97 0.1192468619246862 0.06
0 0.19665271966527198 0.9447058823529412 0.10460251046025104 0.04941176470588235
0 0.5993723849372385 0.9464705882352941 0.26569037656903766 0.10705882352941176
0 0.5638075313807531 0.9258823529411765 0.3158995815899582 0.14823529411764705
0 0.6338912133891214 0.28941176470588237 0.07531380753138076 0.03764705882352941
0 0.7133891213389121 0.28823529411764703 0.08368200836820083 0.03764705882352941
0 0.9194560669456067 0.2958823529411765 0.16108786610878661 0.06470588235294118
0 0.8744769874476988 0.1935294117647059 0.03347280334728033 0.041176470588235294
0 0.9163179916317992 0.18294117647058825 0.029288702928870293 0.036470588235294116
0 0.8964435146443515 0.1476470588235294 0.1108786610878661 0.04588235294117647
0 0.26778242677824265 0.12352941176470589 0.10460251046025104 0.018823529411764704
0 0.35251046025104604 0.12 0.09832635983263599 0.018823529411764704
0 0.6056485355648535 0.06647058823529411 0.04811715481171548 0.024705882352941175
0 0.9675732217573222 0.09411764705882353 0.06485355648535565 0.08235294117647059
0 0.602510460251046 0.0711764705882353 0.28451882845188287 0.07882352941176471
0 0.8138075313807531 0.047058823529411764 0.07531380753138076 0.06588235294117648
0 0.19351464435146443 0.01764705882352941 0.25313807531380755 0.03529411764705882
0 0.012552301255230125 0.019411764705882354 0.02510460251046025 0.03882352941176471
