0 0.24476987447698745 0.9541176470588235 0.11297071129707113 0.01411764705882353
0 0.32426778242677823 0.8070588235294117 0.03765690376569038 0.02823529411764706
0 0.2709205020920502 0.8035294117647059 0.043933054393305436 0.04
0 0.22071129707112971 0.7976470588235294 0.04811715481171548 0.042352941176470586
0 0.6401673640167364 0.8076470588235294 0.07112970711297072 0.0976470588235294
0 0.9142259414225942 0.7041176470588235 0.17154811715481172 0.06705882352941177
0 0.7018828451882845 0.6547058823529411 0.07322175732217573 0.08823529411764706
0 0.9675732217573222 0.581764705882353 0.06485355648535565 0.052941176470588235
0 0.8294979079497908 0.5470588235294118 0.2112970711297071 0.058823529411764705
0 0.606694560669456 0.45294117647058824 0.11297071129707113 0.047058823529411764
0 0.946652719665272 0.46352941176470586 0.10669456066945607 0.1011764705882353
0 0.45502092050209203 0.4288235294117647 0.28661087866108786 0.07176470588235294
0 0.3274058577405858 0.3952941176470588 0.12343096234309624 0.06823529411764706
0 0.8807531380753139 0.3629411764705882 0.2384937238493724 0.12823529411764706
0 0.3274058577405858 0.17058823529411765 0.056485355648535567 0.02588235294117647
0 0.8514644351464435 0.15823529411764706 0.02092050209205021 0.07647058823529412
0 0.8838912133891214 0.07823529411764706 0.02301255230125523 0.027058823529411764
0 0.8514644351464435 0.07705882352941176 0.02092050209205021 0.027058823529411764
0 0.899581589958159 0.03705882352941176 0.02510460251046025 0.029411764705882353
0 0.8650627615062761 0.03588235294117647 0.02301255230125523 0.029411764705882353
0 0.9696652719665272 0.009411764705882352 0.060669456066945605 0.018823529411764704
