0 0.3378661087866109 0.9447058823529412 0.24476987447698745 0.11058823529411765
0 0.6349372384937239 0.8341176470588235 0.0397489539748954 0.01411764705882353
0 0.7573221757322176 0.8258823529411765 0.04184100418410042 0.01411764705882353
0 0.12133891213389121 0.8282352941176471 0.10460251046025104 0.047058823529411764
0 0.7562761506276151 0.78 0.03556485355648536 0.02588235294117647
0 0.8744769874476988 0.778235294117647 0.03765690376569038 0.027058823529411764
0 0.8138075313807531 0.7758823529411765 0.07531380753138076 0.03176470588235294
0 0.7416317991631799 0.5682352941176471 0.20292887029288703 0.10352941176470588
0 0.28556485355648537 0.46705882352941175 0.07740585774058577 0.05411764705882353
0 0.36401673640167365 0.46 0.07112970711297072 0.05411764705882353
0 0.4382845188284519 0.4541176470588235 0.07740585774058577 0.05411764705882353
0 0.20397489539748953 0.46176470588235297 0.09832635983263599 0.07882352941176471
0 0.7656903765690377 0.42823529411764705 0.16736401673640167 0.04470588235294118
0 0.9759414225941423 0.31 0.04811715481171548 0.22941176470588234
0 0.694560669456067 0.051176470588235295 0.02092050209205021 0.08352941176470588
0 0.7217573221757322 0.027647058823529413 0.02092050209205021 0.05529411764705883
