0 0.5 0.9665271966527197 1.0 0.06694560669456066
0 0.05837264150943396 0.9048117154811716 0.012971698113207548 0.12761506276150628
0 0.6650943396226415 0.7771966527196653 0.030660377358490566 0.05230125523012552
0 0.6910377358490566 0.7719665271966527 0.018867924528301886 0.0502092050209205
0 0.7423349056603774 0.7562761506276151 0.015330188679245283 0.04811715481171548
0 0.6226415094339622 0.6684100418410042 0.014150943396226415 0.05230125523012552
0 0.5011792452830188 0.6150627615062761 0.054245283018867926 0.08786610878661087
0 0.6597877358490566 0.6328451882845189 0.031839622641509434 0.12761506276150628
0 0.7865566037735849 0.5951882845188284 0.02830188679245283 0.09832635983263599
0 0.722877358490566 0.5836820083682008 0.07783018867924528 0.17573221757322174
0 0.7016509433962265 0.49372384937238495 0.02830188679245283 0.05439330543933055
0 0.5790094339622641 0.502092050209205 0.07783018867924528 0.08786610878661087
0 0.4740566037735849 0.50418410041841 0.09905660377358491 0.12133891213389121
0 0.8301886792452831 0.5271966527196653 0.049528301886792456 0.20920502092050208
0 0.6580188679245284 0.45502092050209203 0.030660377358490566 0.10251046025104603
0 0.12264150943396226 0.2918410041841004 0.03537735849056604 0.0899581589958159
0 0.17511792452830188 0.3891213389121339 0.16627358490566038 0.32217573221757323
0 0.6326650943396226 0.1307531380753138 0.09080188679245282 0.10669456066945607
0 0.9109669811320755 0.03347280334728033 0.08372641509433962 0.06694560669456066
0 0.44221698113207547 0.0198744769874477 0.09433962264150944 0.0397489539748954
