0 0.029288702928870293 0.9758823529411764 0.058577405857740586 0.04823529411764706
0 0.3399581589958159 0.7105882352941176 0.1192468619246862 0.058823529411764705
0 0.0198744769874477 0.6870588235294117 0.0397489539748954 0.04470588235294118
0 0.899581589958159 0.6717647058823529 0.058577405857740586 0.023529411764705882
0 0.04707112970711297 0.62 0.09414225941422594 0.023529411764705882
0 0.446652719665272 0.5870588235294117 0.1903765690376569 0.01411764705882353
0 0.42573221757322177 0.5623529411764706 0.08158995815899582 0.021176470588235293
0 0.2907949790794979 0.48411764705882354 0.06276150627615062 0.02235294117647059
0 0.5397489539748954 0.4747058823529412 0.100418410041841 0.012941176470588235
0 0.6276150627615062 0.4776470588235294 0.13389121338912133 0.02823529411764706
0 0.9330543933054394 0.48294117647058826 0.13389121338912133 0.0811764705882353
0 0.42573221757322177 0.4470588235294118 0.09414225941422594 0.03294117647058824
0 0.3608786610878661 0.4088235294117647 0.0397489539748954 0.03882352941176471
0 0.4194560669456067 0.39647058823529413 0.05230125523012552 0.02588235294117647
0 0.3608786610878661 0.38294117647058823 0.0397489539748954 0.027058823529411764
0 0.6108786610878661 0.3205882352941177 0.07531380753138076 0.03176470588235294
0 0.6255230125523012 0.3023529411764706 0.100418410041841 0.018823529411764704
0 0.7751046025104602 0.3070588235294118 0.07740585774058577 0.03764705882352941
0 0.028242677824267783 0.26294117647058823 0.056485355648535567 0.012941176470588235
0 0.602510460251046 0.25882352941176473 0.06276150627615062 0.042352941176470586
0 0.5585774058577406 0.2488235294117647 0.06276150627615062 0.02235294117647059
0 0.6652719665271967 0.2535294117647059 0.0794979079497908 0.03411764705882353
0 0.858786610878661 0.2411764705882353 0.04811715481171548 0.018823529411764704
0 0.8242677824267782 0.2211764705882353 0.06276150627615062 0.01647058823529412
0 0.6098326359832636 0.22 0.13598326359832635 0.01411764705882353
0 0.038702928870292884 0.1888235294117647 0.0397489539748954 0.06705882352941177
