0 0.36715481171548114 0.7517647058823529 0.06903765690376569 0.021176470588235293
0 0.8410041841004184 0.6947058823529412 0.0502092050209205 0.06941176470588235
0 0.6213389121338913 0.6905882352941176 0.0502092050209205 0.06588235294117648
0 0.7426778242677824 0.6735294117647059 0.0794979079497908 0.03882352941176471
0 0.9142259414225942 0.6541176470588236 0.06276150627615062 0.011764705882352941
0 0.10251046025104603 0.5264705882352941 0.09623430962343096 0.2811764705882353
0 0.6171548117154811 0.3776470588235294 0.14225941422594143 0.03764705882352941
0 0.5617154811715481 0.34823529411764703 0.03556485355648536 0.03058823529411765
0 0.45188284518828453 0.2676470588235294 0.08786610878661087 0.05764705882352941
0 0.18619246861924685 0.2741176470588235 0.0502092050209205 0.07529411764705882
0 0.5387029288702929 0.2605882352941176 0.08577405857740586 0.05529411764705883
0 0.2395397489539749 0.27058823529411763 0.06903765690376569 0.07529411764705882
0 0.8765690376569037 0.17352941176470588 0.06276150627615062 0.010588235294117647
0 0.8577405857740585 0.13823529411764707 0.06694560669456066 0.01764705882352941
0 0.9299163179916318 0.16470588235294117 0.04811715481171548 0.12705882352941175
