0 0.3043933054393305 0.9847058823529412 0.13598326359832635 0.03058823529411765
0 0.5700836820083682 0.5076470588235295 0.28661087866108786 0.04352941176470588
0 0.7928870292887029 0.4547058823529412 0.18410041841004185 0.036470588235294116
0 0.6307531380753139 0.44176470588235295 0.13179916317991633 0.06705882352941177
0 0.747907949790795 0.37823529411764706 0.03138075313807531 0.027058823529411764
0 0.7866108786610879 0.3776470588235294 0.03347280334728033 0.02823529411764706
0 0.645397489539749 0.37823529411764706 0.027196652719665274 0.029411764705882353
0 0.6108786610878661 0.3776470588235294 0.03347280334728033 0.02823529411764706
0 0.5690376569037657 0.3776470588235294 0.04184100418410042 0.02823529411764706
0 0.8002092050209205 0.3388235294117647 0.06485355648535565 0.03764705882352941
0 0.6746861924686193 0.33941176470588236 0.03556485355648536 0.03882352941176471
0 0.6370292887029289 0.3388235294117647 0.03556485355648536 0.03764705882352941
0 0.5972803347280334 0.3382352941176471 0.03556485355648536 0.03882352941176471
0 0.797071129707113 0.2888235294117647 0.05439330543933055 0.03176470588235294
0 0.8232217573221757 0.21529411764705883 0.07740585774058577 0.06352941176470588
0 0.547071129707113 0.21176470588235294 0.0899581589958159 0.058823529411764705
0 0.7510460251046025 0.20352941176470588 0.0794979079497908 0.0611764705882353
0 0.6820083682008368 0.2011764705882353 0.02510460251046025 0.05647058823529412
0 0.6234309623430963 0.20294117647058824 0.06694560669456066 0.06
0 0.6401673640167364 0.14529411764705882 0.10460251046025104 0.012941176470588235
0 0.25 0.36705882352941177 0.09414225941422594 0.4776470588235294
0 0.08263598326359832 0.05588235294117647 0.1192468619246862 0.05764705882352941
