0 0.6739386792452831 0.9048117154811716 0.10731132075471699 0.06485355648535565
0 0.7476415094339622 0.8368200836820083 0.04716981132075472 0.02510460251046025
0 0.5347877358490566 0.8378661087866108 0.060141509433962265 0.19874476987447698
0 0.9569575471698113 0.8106694560669456 0.08608490566037735 0.17364016736401675
0 0.07429245283018868 0.7217573221757322 0.14858490566037735 0.06276150627615062
0 0.6656839622641509 0.7018828451882845 0.22523584905660377 0.0397489539748954
0 0.8590801886792453 0.4916317991631799 0.05778301886792453 0.08786610878661087
0 0.9392688679245284 0.5052301255230126 0.07193396226415094 0.14435146443514643
0 0.9905660377358491 0.36297071129707115 0.018867924528301886 0.07322175732217573
0 0.9286556603773585 0.2625523012552301 0.04363207547169811 0.0397489539748954
0 0.6827830188679245 0.24163179916317992 0.23349056603773585 0.02301255230125523
0 0.9734669811320755 0.3054393305439331 0.05306603773584906 0.19665271966527198
0 0.9115566037735849 0.22071129707112971 0.04245283018867924 0.0397489539748954
0 0.7364386792452831 0.20711297071129708 0.10966981132075472 0.06276150627615062
0 0.6232311320754716 0.20711297071129708 0.10966981132075472 0.06276150627615062
0 0.8520047169811321 0.200836820083682 0.027122641509433963 0.058577405857740586
0 0.05601415094339623 0.1412133891213389 0.08136792452830188 0.02301255230125523
0 0.5872641509433962 0.08682008368200837 0.08962264150943396 0.08577405857740586
0 0.4545990566037736 0.07426778242677824 0.060141509433962265 0.08577405857740586
0 0.6485849056603774 0.038702928870292884 0.02122641509433962 0.07740585774058577
0 0.32134433962264153 0.009414225941422594 0.024764150943396228 0.01882845188284519
0 0.2841981132075472 0.02510460251046025 0.02358490566037736 0.0502092050209205
