0 0.4435146443514644 0.9594117647058824 0.3054393305439331 0.024705882352941175
0 0.16736401673640167 0.45294117647058824 0.11297071129707113 0.01647058823529412
0 0.3127615062761506 0.43 0.06485355648535565 0.03176470588235294
0 0.3901673640167364 0.42470588235294116 0.10669456066945607 0.03058823529411765
0 0.1412133891213389 0.37 0.0899581589958159 0.03411764705882353
0 0.5523012552301255 0.3129411764705882 0.22594142259414227 0.03764705882352941
0 0.36610878661087864 0.31470588235294117 0.1297071129707113 0.041176470588235294
0 0.10669456066945607 0.3035294117647059 0.09205020920502092 0.023529411764705882
0 0.6223849372384938 0.12058823529411765 0.027196652719665274 0.18
0 0.8106694560669456 0.03588235294117647 0.02301255230125523 0.07176470588235294
0 0.2583682008368201 0.03588235294117647 0.03556485355648536 0.07176470588235294
