0 0.8629707112970711 0.9694117647058823 0.27405857740585776 0.03529411764705882
0 0.9476987447698745 0.9123529411764706 0.058577405857740586 0.05529411764705883
0 0.5481171548117155 0.8858823529411765 0.0502092050209205 0.03529411764705882
0 0.5564853556485355 0.8564705882352941 0.02510460251046025 0.018823529411764704
0 0.9173640167364017 0.8470588235294118 0.16527196652719664 0.07764705882352942
0 0.8734309623430963 0.8123529411764706 0.1108786610878661 0.024705882352941175
0 0.7981171548117155 0.8429411764705882 0.1108786610878661 0.10705882352941176
0 0.8127615062761506 0.7558823529411764 0.043933054393305436 0.015294117647058824
0 0.9550209205020921 0.7517647058823529 0.0899581589958159 0.03529411764705882
0 0.9780334728033473 0.6994117647058824 0.043933054393305436 0.03411764705882353
0 0.852510460251046 0.7105882352941176 0.10669456066945607 0.09176470588235294
0 0.9895397489539749 0.6058823529411764 0.02092050209205021 0.04470588235294118
0 0.9592050209205021 0.5176470588235295 0.04811715481171548 0.011764705882352941
0 0.8891213389121339 0.5152941176470588 0.058577405857740586 0.01411764705882353
0 0.9069037656903766 0.4929411764705882 0.08158995815899582 0.011764705882352941
0 0.9728033472803347 0.37 0.05439330543933055 0.06235294117647059
0 0.952928870292887 0.3070588235294118 0.07322175732217573 0.03058823529411765
0 0.8148535564853556 0.2529411764705882 0.05230125523012552 0.047058823529411764
0 0.6872384937238494 0.24529411764705883 0.06903765690376569 0.03411764705882353
0 0.9686192468619247 0.2076470588235294 0.06276150627615062 0.04823529411764706
0 0.8640167364016736 0.01 0.2719665271966527 0.02
0 0.34623430962343094 0.007058823529411765 0.303347280334728 0.01411764705882353
