0 0.02830188679245283 0.950836820083682 0.05660377358490566 0.0899581589958159
0 0.11615566037735849 0.9330543933054394 0.09787735849056604 0.0794979079497908
0 0.27358490566037735 0.6161087866108786 0.04481132075471698 0.08577405857740586
0 0.6810141509433962 0.3399581589958159 0.027122641509433963 0.056485355648535567
0 0.7175707547169812 0.3368200836820084 0.04363207547169811 0.058577405857740586
0 0.6786556603773585 0.27719665271966526 0.02240566037735849 0.056485355648535567
0 0.7158018867924528 0.27510460251046026 0.05188679245283019 0.056485355648535567
0 0.017099056603773585 0.2217573221757322 0.03419811320754717 0.058577405857740586
0 0.05601415094339623 0.2217573221757322 0.03419811320754717 0.06276150627615062
0 0.09492924528301887 0.2196652719665272 0.036556603773584904 0.06276150627615062
0 0.13679245283018868 0.2186192468619247 0.03537735849056604 0.06485355648535565
0 0.25235849056603776 0.21548117154811716 0.0330188679245283 0.06276150627615062
0 0.22523584905660377 0.21548117154811716 0.02122641509433962 0.06276150627615062
0 0.1786556603773585 0.21652719665271966 0.036556603773584904 0.06485355648535565
0 0.32193396226415094 0.21234309623430964 0.009433962264150943 0.060669456066945605
0 0.29127358490566035 0.21338912133891214 0.04245283018867924 0.06276150627615062
0 0.38502358490566035 0.2102510460251046 0.031839622641509434 0.060669456066945605
0 0.3608490566037736 0.2102510460251046 0.009433962264150943 0.060669456066945605
0 0.3425707547169811 0.2112970711297071 0.020047169811320754 0.06276150627615062
0 0.12853773584905662 0.03138075313807531 0.049528301886792456 0.06276150627615062
0 0.01061320754716981 0.014644351464435146 0.02122641509433962 0.029288702928870293
