0 0.5209205020920502 0.8847058823529412 0.100418410041841 0.021176470588235293
0 0.24267782426778242 0.731764705882353 0.11297071129707113 0.08470588235294117
0 0.9424686192468619 0.7288235294117648 0.06485355648535565 0.08588235294117647
0 0.5052301255230126 0.6870588235294117 0.15271966527196654 0.004705882352941176
0 0.1202928870292887 0.73 0.04811715481171548 0.16117647058823528
0 0.4320083682008368 0.5747058823529412 0.04811715481171548 0.05529411764705883
0 0.49372384937238495 0.5752941176470588 0.06694560669456066 0.0611764705882353
0 0.5575313807531381 0.5747058823529412 0.06903765690376569 0.06235294117647059
0 0.24581589958158995 0.5158823529411765 0.0397489539748954 0.05764705882352941
0 0.3472803347280335 0.5117647058823529 0.04602510460251046 0.058823529411764705
0 0.39330543933054396 0.5111764705882353 0.016736401673640166 0.06
0 0.5690376569037657 0.508235294117647 0.05439330543933055 0.058823529411764705
0 0.4424686192468619 0.5094117647058823 0.060669456066945605 0.0611764705882353
0 0.5010460251046025 0.508235294117647 0.05230125523012552 0.0611764705882353
0 0.9560669456066946 0.4588235294117647 0.08786610878661087 0.05647058823529412
0 0.8661087866108786 0.38294117647058823 0.03347280334728033 0.10941176470588235
0 0.19351464435146443 0.3388235294117647 0.09832635983263599 0.0611764705882353
0 0.9476987447698745 0.31 0.10460251046025104 0.04588235294117647
0 0.011506276150627616 0.2852941176470588 0.02301255230125523 0.052941176470588235
0 0.8148535564853556 0.29764705882352943 0.060669456066945605 0.1223529411764706
0 0.038702928870292884 0.23411764705882354 0.05230125523012552 0.01647058823529412
0 0.5596234309623431 0.21941176470588236 0.0899581589958159 0.01764705882352941
0 0.5679916317991632 0.1935294117647059 0.07740585774058577 0.01764705882352941
0 0.049163179916317995 0.16117647058823528 0.09832635983263599 0.03529411764705882
