0 0.9341004184100419 0.9752941176470589 0.13179916317991633 0.04941176470588235
0 0.5774058577405857 0.8647058823529412 0.02510460251046025 0.058823529411764705
0 0.5878661087866108 0.7494117647058823 0.10460251046025104 0.06823529411764706
0 0.6202928870292888 0.721764705882353 0.03138075313807531 0.01764705882352941
0 0.28556485355648537 0.7211764705882353 0.09414225941422594 0.07764705882352942
0 0.7468619246861925 0.5988235294117648 0.08786610878661087 0.15294117647058825
0 0.17468619246861924 0.4541176470588235 0.027196652719665274 0.03058823529411765
0 0.01882845188284519 0.3023529411764706 0.03765690376569038 0.03294117647058824
0 0.8723849372384938 0.2888235294117647 0.11715481171548117 0.04352941176470588
0 0.9278242677824268 0.26588235294117646 0.07740585774058577 0.011764705882352941
0 0.2918410041841004 0.2923529411764706 0.06485355648535565 0.09294117647058824
0 0.9853556485355649 0.24941176470588236 0.029288702928870293 0.02823529411764706
0 0.7761506276150628 0.23411764705882354 0.09205020920502092 0.04
0 0.058577405857740586 0.23470588235294118 0.11715481171548117 0.10235294117647059
0 0.29497907949790797 0.21 0.06694560669456066 0.06470588235294118
0 0.24790794979079497 0.30058823529411766 0.01882845188284519 0.24588235294117647
0 0.29811715481171547 0.16 0.06485355648535565 0.03058823529411765
0 0.48221757322175735 0.14176470588235293 0.09832635983263599 0.010588235294117647
0 0.7112970711297071 0.15764705882352942 0.12552301255230125 0.07058823529411765
0 0.9717573221757322 0.12470588235294118 0.056485355648535567 0.021176470588235293
0 0.952928870292887 0.06352941176470588 0.09414225941422594 0.03529411764705882
0 0.13179916317991633 0.054705882352941174 0.04602510460251046 0.03411764705882353
0 0.350418410041841 0.08411764705882353 0.060669456066945605 0.1
0 0.9602510460251046 0.042352941176470586 0.0794979079497908 0.042352941176470586
0 0.8713389121338913 0.018823529411764704 0.13598326359832635 0.03764705882352941
0 0.3817991631799163 0.01411764705882353 0.09414225941422594 0.02823529411764706
