0 0.7364016736401674 0.9564705882352941 0.11715481171548117 0.058823529411764705
0 0.7740585774058577 0.9105882352941177 0.0794979079497908 0.02588235294117647
0 0.8661087866108786 0.8694117647058823 0.05439330543933055 0.05176470588235294
0 0.5543933054393305 0.8117647058823529 0.05439330543933055 0.0611764705882353
0 0.48221757322175735 0.7947058823529412 0.03556485355648536 0.029411764705882353
0 0.48326359832635984 0.7994117647058824 0.14644351464435146 0.04588235294117647
0 0.5345188284518828 0.6794117647058824 0.03138075313807531 0.027058823529411764
0 0.5 0.6717647058823529 0.029288702928870293 0.02588235294117647
0 0.47594142259414224 0.7052941176470588 0.25313807531380755 0.1188235294117647
0 0.6725941422594143 0.648235294117647 0.07740585774058577 0.07764705882352942
0 0.6108786610878661 0.5894117647058823 0.058577405857740586 0.018823529411764704
0 0.6286610878661087 0.5552941176470588 0.060669456066945605 0.023529411764705882
0 0.9372384937238494 0.5317647058823529 0.12552301255230125 0.05411764705882353
0 0.12656903765690378 0.5023529411764706 0.07740585774058577 0.018823529411764704
0 0.6736401673640168 0.5505882352941176 0.06694560669456066 0.15529411764705883
0 0.10251046025104603 0.4582352941176471 0.058577405857740586 0.04352941176470588
0 0.05439330543933055 0.4535294117647059 0.03765690376569038 0.041176470588235294
0 0.021966527196652718 0.45176470588235296 0.0397489539748954 0.04
0 0.151673640167364 0.4329411764705882 0.08577405857740586 0.01647058823529412
0 0.9016736401673641 0.4288235294117647 0.04184100418410042 0.015294117647058824
0 0.6935146443514645 0.42823529411764705 0.0899581589958159 0.09176470588235294
0 0.5669456066945606 0.3888235294117647 0.1506276150627615 0.06941176470588235
0 0.46234309623430964 0.37 0.07531380753138076 0.05764705882352941
0 0.20397489539748953 0.34058823529411764 0.06903765690376569 0.04823529411764706
0 0.02510460251046025 0.23529411764705882 0.0502092050209205 0.08
0 0.1684100418410042 0.09647058823529411 0.060669456066945605 0.03058823529411765
