0 0.5 0.9822175732217573 1.0 0.03556485355648536
0 0.4186320754716981 0.5407949790794979 0.0330188679245283 0.12761506276150628
0 0.4964622641509434 0.49581589958158995 0.01650943396226415 0.08786610878661087
0 0.5630896226415094 0.4989539748953975 0.03419811320754717 0.10251046025104603
0 0.5182783018867925 0.50418410041841 0.027122641509433963 0.12133891213389121
0 0.39622641509433965 0.4131799163179916 0.04009433962264151 0.10669456066945607
0 0.44634433962264153 0.39748953974895396 0.03419811320754717 0.10460251046025104
0 0.5931603773584906 0.39435146443514646 0.01650943396226415 0.20292887029288703
0 0.7612028301886793 0.17677824267782427 0.01768867924528302 0.05230125523012552
0 0.8637971698113207 0.16108786610878661 0.07193396226415094 0.058577405857740586
0 0.02122641509433962 0.05439330543933055 0.014150943396226415 0.1087866108786611
