0 0.8221757322175732 0.7511764705882353 0.14644351464435146 0.03176470588235294
0 0.9414225941422594 0.731764705882353 0.11715481171548117 0.03764705882352941
0 0.028242677824267783 0.7547058823529412 0.056485355648535567 0.10705882352941176
0 0.4194560669456067 0.6758823529411765 0.13179916317991633 0.04352941176470588
0 0.5648535564853556 0.6488235294117647 0.17573221757322174 0.027058823529411764
0 0.7803347280334728 0.6223529411764706 0.058577405857740586 0.009411764705882352
0 0.7196652719665272 0.6211764705882353 0.07531380753138076 0.023529411764705882
0 0.37343096234309625 0.6205882352941177 0.0899581589958159 0.029411764705882353
0 0.04497907949790795 0.5852941176470589 0.04811715481171548 0.012941176470588235
0 0.5073221757322176 0.591764705882353 0.22384937238493724 0.03294117647058824
0 0.6265690376569037 0.5747058823529412 0.06903765690376569 0.012941176470588235
0 0.9006276150627615 0.5605882352941176 0.14435146443514643 0.041176470588235294
0 0.7594142259414226 0.54 0.08786610878661087 0.058823529411764705
0 0.40376569037656906 0.5 0.17154811715481172 0.06352941176470588
0 0.3127615062761506 0.48411764705882354 0.04811715481171548 0.041176470588235294
0 0.8619246861924686 0.4711764705882353 0.09623430962343096 0.052941176470588235
0 0.04497907949790795 0.45529411764705885 0.0899581589958159 0.02823529411764706
0 0.7855648535564853 0.45235294117647057 0.08158995815899582 0.04588235294117647
0 0.34309623430962344 0.4388235294117647 0.06276150627615062 0.03529411764705882
0 0.2928870292887029 0.44588235294117645 0.08786610878661087 0.2
0 0.22489539748953974 0.30941176470588233 0.13179916317991633 0.05411764705882353
0 0.32217573221757323 0.2847058823529412 0.0502092050209205 0.05647058823529412
0 0.4236401673640167 0.15 0.04811715481171548 0.03176470588235294
