0 0.8263598326359832 0.798235294117647 0.03765690376569038 0.1423529411764706
0 0.606694560669456 0.6752941176470588 0.41841004184100417 0.03294117647058824
0 0.5732217573221757 0.6676470588235294 0.2803347280334728 0.02
0 0.446652719665272 0.43 0.02301255230125523 0.02
0 0.39748953974895396 0.43058823529411766 0.02092050209205021 0.021176470588235293
0 0.3023012552301255 0.40058823529411763 0.02301255230125523 0.02
0 0.4686192468619247 0.3988235294117647 0.02092050209205021 0.021176470588235293
0 0.4330543933054393 0.3988235294117647 0.02092050209205021 0.021176470588235293
0 0.38389121338912136 0.3988235294117647 0.02301255230125523 0.021176470588235293
0 0.6485355648535565 0.36470588235294116 0.02092050209205021 0.021176470588235293
0 0.5930962343096234 0.3652941176470588 0.02301255230125523 0.02235294117647059
0 0.7771966527196653 0.36411764705882355 0.02301255230125523 0.02235294117647059
0 0.5167364016736402 0.28352941176470586 0.6401673640167364 0.09176470588235294
0 0.12447698744769875 0.23352941176470587 0.04811715481171548 0.02235294117647059
0 0.25313807531380755 0.20411764705882354 0.12133891213389121 0.05058823529411765
0 0.4215481171548117 0.19823529411764707 0.043933054393305436 0.04588235294117647
0 0.060669456066945605 0.0688235294117647 0.03765690376569038 0.08823529411764706
0 0.9916317991631799 0.0688235294117647 0.016736401673640166 0.12352941176470589
0 0.8765690376569037 0.00823529411764706 0.14644351464435146 0.01647058823529412
0 0.21338912133891214 0.009411764705882352 0.32217573221757323 0.018823529411764704
