0 0.45083682008368203 0.768235294117647 0.7468619246861925 0.12705882352941175
0 0.8807531380753139 0.7029411764705882 0.04602510460251046 0.03176470588235294
0 0.46234309623430964 0.6952941176470588 0.029288702928870293 0.01647058823529412
0 0.2730125523012552 0.6652941176470588 0.03138075313807531 0.01764705882352941
0 0.8127615062761506 0.5458823529411765 0.17364016736401675 0.03058823529411765
0 0.9602510460251046 0.53 0.0794979079497908 0.041176470588235294
0 0.9424686192468619 0.43941176470588234 0.11506276150627615 0.0976470588235294
0 0.7960251046025104 0.4158823529411765 0.1694560669456067 0.08352941176470588
0 0.8138075313807531 0.37941176470588234 0.07531380753138076 0.01764705882352941
0 0.06485355648535565 0.21352941176470588 0.10460251046025104 0.015294117647058824
0 0.48221757322175735 0.17647058823529413 0.4916317991631799 0.08470588235294117
0 0.1307531380753138 0.10058823529411764 0.2615062761506276 0.05058823529411765
0 0.950836820083682 0.07294117647058823 0.09832635983263599 0.023529411764705882
