0 0.44398584905660377 0.8682008368200836 0.13797169811320756 0.029288702928870293
0 0.6615566037735849 0.7238493723849372 0.02358490566037736 0.07531380753138076
0 0.36910377358490565 0.49267782426778245 0.08254716981132075 0.08158995815899582
0 0.19516509433962265 0.2939330543933054 0.027122641509433963 0.06485355648535565
0 0.33726415094339623 0.28870292887029286 0.09905660377358491 0.06694560669456066
0 0.4369103773584906 0.28451882845188287 0.09316037735849056 0.06694560669456066
0 0.9699292452830188 0.24163179916317992 0.031839622641509434 0.09414225941422594
0 0.6238207547169812 0.17364016736401675 0.08726415094339622 0.06694560669456066
0 0.17629716981132076 0.16736401673640167 0.19221698113207547 0.09205020920502092
0 0.4669811320754717 0.010460251046025104 0.0330188679245283 0.02092050209205021
