0 0.9560669456066946 0.6823529411764706 0.06694560669456066 0.09176470588235294
0 0.6234309623430963 0.5535294117647059 0.18828451882845187 0.05529411764705883
0 0.4330543933054393 0.5305882352941177 0.06276150627615062 0.02823529411764706
0 0.40376569037656906 0.5370588235294118 0.2217573221757322 0.07882352941176471
0 0.2395397489539749 0.4823529411764706 0.13598326359832635 0.03529411764705882
0 0.3148535564853556 0.4752941176470588 0.05230125523012552 0.03058823529411765
0 0.348326359832636 0.46705882352941175 0.03138075313807531 0.07058823529411765
0 0.25732217573221755 0.41823529411764704 0.12552301255230125 0.00823529411764706
0 0.038702928870292884 0.4411764705882353 0.07740585774058577 0.07058823529411765
0 0.34309623430962344 0.34352941176470586 0.03347280334728033 0.04
0 0.20711297071129708 0.33588235294117647 0.04602510460251046 0.029411764705882353
0 0.4110878661087866 0.32823529411764707 0.0397489539748954 0.03058823529411765
0 0.2730125523012552 0.32 0.027196652719665274 0.07294117647058823
0 0.34205020920502094 0.2811764705882353 0.13179916317991633 0.03764705882352941
0 0.4884937238493724 0.24235294117647058 0.1108786610878661 0.023529411764705882
0 0.8556485355648535 0.21470588235294116 0.06694560669456066 0.01764705882352941
0 0.448744769874477 0.21705882352941178 0.08158995815899582 0.03882352941176471
0 0.027196652719665274 0.20294117647058824 0.05439330543933055 0.015294117647058824
0 0.946652719665272 0.20470588235294118 0.10669456066945607 0.03529411764705882
0 0.6694560669456067 0.2188235294117647 0.24686192468619247 0.07764705882352942
0 0.09205020920502092 0.09294117647058824 0.08786610878661087 0.03058823529411765
0 0.23117154811715482 0.07588235294117647 0.10251046025104603 0.03176470588235294
0 0.5230125523012552 0.07058823529411765 0.2301255230125523 0.04941176470588235
0 0.9895397489539749 0.06470588235294118 0.02092050209205021 0.04470588235294118
0 0.9560669456066946 0.0611764705882353 0.04602510460251046 0.03764705882352941
0 0.9633891213389121 0.01764705882352941 0.07322175732217573 0.03529411764705882
0 0.8305439330543933 0.03 0.15481171548117154 0.06
0 0.7259414225941423 0.036470588235294116 0.05439330543933055 0.07294117647058823
0 0.3514644351464435 0.03764705882352941 0.1087866108786611 0.07529411764705882
0 0.021966527196652718 0.04294117647058823 0.043933054393305436 0.08588235294117647
