0 0.8640167364016736 0.9676470588235294 0.2719665271966527 0.036470588235294116
0 0.8776150627615062 0.9335294117647058 0.04811715481171548 0.02235294117647059
0 0.8692468619246861 0.8117647058823529 0.11506276150627615 0.023529411764705882
0 0.7907949790794979 0.8129411764705883 0.06694560669456066 0.04941176470588235
0 0.805439330543933 0.7547058823529412 0.05439330543933055 0.015294117647058824
0 0.9550209205020921 0.7505882352941177 0.0899581589958159 0.03529411764705882
0 0.9780334728033473 0.6988235294117647 0.043933054393305436 0.03529411764705882
0 0.8472803347280334 0.7088235294117647 0.11297071129707113 0.09294117647058824
0 0.9895397489539749 0.6052941176470589 0.02092050209205021 0.04352941176470588
0 0.9592050209205021 0.5170588235294118 0.04811715481171548 0.012941176470588235
0 0.8828451882845189 0.5152941176470588 0.07112970711297072 0.01411764705882353
0 0.9006276150627615 0.4923529411764706 0.09414225941422594 0.012941176470588235
0 0.9728033472803347 0.36941176470588233 0.05439330543933055 0.0611764705882353
0 0.9424686192468619 0.3058823529411765 0.09414225941422594 0.03294117647058824
0 0.7949790794979079 0.24352941176470588 0.0502092050209205 0.047058823529411764
0 0.6778242677824268 0.2376470588235294 0.09205020920502092 0.03764705882352941
0 0.9581589958158996 0.20647058823529413 0.08368200836820083 0.05058823529411765
0 0.8692468619246861 0.009411764705882352 0.2615062761506276 0.018823529411764704
0 0.35355648535564854 0.007058823529411765 0.28870292887029286 0.01411764705882353
