0 0.3785377358490566 0.9299163179916318 0.04716981132075472 0.03556485355648536
0 0.7464622641509434 0.9194560669456067 0.08962264150943396 0.07322175732217573
0 0.7264150943396226 0.8514644351464435 0.0330188679245283 0.04184100418410042
0 0.6344339622641509 0.8671548117154811 0.06132075471698113 0.1192468619246862
0 0.75 0.7228033472803347 0.0330188679245283 0.04811715481171548
0 0.7517688679245284 0.39644351464435146 0.09551886792452831 0.06485355648535565
0 0.7558962264150944 0.3284518828451883 0.09669811320754718 0.06694560669456066
0 0.8909198113207547 0.3106694560669456 0.041273584905660375 0.07740585774058577
0 0.9905660377358491 0.29497907949790797 0.018867924528301886 0.07531380753138076
0 0.8160377358490566 0.08472803347280335 0.03537735849056604 0.09832635983263599
0 0.6721698113207547 0.04497907949790795 0.08254716981132075 0.0899581589958159
0 0.46462264150943394 0.034518828451882845 0.05188679245283019 0.06903765690376569
0 0.38620283018867924 0.01882845188284519 0.0294811320754717 0.03765690376569038
