0 0.6380753138075314 0.8094117647058824 0.07112970711297072 0.021176470588235293
0 0.5313807531380753 0.7841176470588235 0.2928870292887029 0.02
0 0.9382845188284519 0.7835294117647059 0.08158995815899582 0.06823529411764706
0 0.27405857740585776 0.7617647058823529 0.04184100418410042 0.024705882352941175
0 0.8221757322175732 0.7494117647058823 0.12133891213389121 0.04
0 0.9686192468619247 0.5888235294117647 0.058577405857740586 0.041176470588235294
0 0.19665271966527198 0.5847058823529412 0.1087866108786611 0.24941176470588236
0 0.8598326359832636 0.3335294117647059 0.100418410041841 0.0811764705882353
0 0.30962343096234307 0.2564705882352941 0.04184100418410042 0.02588235294117647
0 0.301255230125523 0.22470588235294117 0.39330543933054396 0.04470588235294118
0 0.7887029288702929 0.18705882352941178 0.1297071129707113 0.02588235294117647
0 0.3891213389121339 0.17705882352941177 0.1087866108786611 0.02235294117647059
0 0.30857740585774057 0.16941176470588235 0.0397489539748954 0.021176470588235293
0 0.20711297071129708 0.15764705882352942 0.09205020920502092 0.01647058823529412
0 0.04602510460251046 0.15411764705882353 0.09205020920502092 0.042352941176470586
