0 0.5094142259414226 0.99 0.2196652719665272 0.02
0 0.5857740585774058 0.8747058823529412 0.08368200836820083 0.03411764705882353
0 0.4006276150627615 0.8658823529411764 0.1108786610878661 0.02823529411764706
0 0.7133891213389121 0.8605882352941177 0.19665271966527198 0.05529411764705883
0 0.2290794979079498 0.81 0.09414225941422594 0.02235294117647059
0 0.47594142259414224 0.7652941176470588 0.16108786610878661 0.03882352941176471
0 0.29707112970711297 0.6611764705882353 0.20920502092050208 0.02588235294117647
0 0.9309623430962343 0.6988235294117647 0.13807531380753138 0.1411764705882353
0 0.19351464435146443 0.5670588235294117 0.03138075313807531 0.042352941176470586
0 0.1307531380753138 0.57 0.07740585774058577 0.05764705882352941
0 0.38493723849372385 0.54 0.06694560669456066 0.04470588235294118
0 0.4435146443514644 0.5323529411764706 0.029288702928870293 0.041176470588235294
0 0.5418410041841004 0.5258823529411765 0.04184100418410042 0.03058823529411765
0 0.4884937238493724 0.5229411764705882 0.04811715481171548 0.05058823529411765
0 0.5648535564853556 0.5111764705882353 0.04184100418410042 0.03176470588235294
0 0.6255230125523012 0.5088235294117647 0.05439330543933055 0.04588235294117647
0 0.19874476987447698 0.4764705882352941 0.07531380753138076 0.021176470588235293
0 0.7165271966527197 0.49117647058823527 0.05230125523012552 0.05764705882352941
0 0.3002092050209205 0.47411764705882353 0.11506276150627615 0.02588235294117647
0 0.9142259414225942 0.4723529411764706 0.0502092050209205 0.04588235294117647
0 0.9748953974895398 0.46352941176470586 0.0502092050209205 0.047058823529411764
0 0.06276150627615062 0.28411764705882353 0.12552301255230125 0.04823529411764706
0 0.29707112970711297 0.2011764705882353 0.12552301255230125 0.03058823529411765
0 0.48535564853556484 0.01647058823529412 0.09623430962343096 0.03294117647058824
