0 0.5 0.9351464435146444 1.0 0.029288702928870293
0 0.33431603773584906 0.854602510460251 0.46108490566037735 0.014644351464435146
0 0.7783018867924528 0.8399581589958159 0.1721698113207547 0.010460251046025104
0 0.9770047169811321 0.7238493723849372 0.045990566037735846 0.15481171548117154
0 0.9404481132075472 0.5878661087866108 0.012971698113207548 0.100418410041841
0 0.03714622641509434 0.5073221757322176 0.0294811320754717 0.2698744769874477
0 0.7340801886792453 0.17154811715481172 0.09080188679245282 0.06694560669456066
0 0.6951650943396226 0.17154811715481172 0.027122641509433963 0.06694560669456066
0 0.8313679245283019 0.1694560669456067 0.09669811320754718 0.06694560669456066
0 0.7022405660377359 0.03765690376569038 0.02240566037735849 0.07531380753138076
