0 0.1307531380753138 0.981764705882353 0.2615062761506276 0.036470588235294116
0 0.852510460251046 0.9658823529411765 0.13179916317991633 0.03294117647058824
0 0.9748953974895398 0.8894117647058823 0.0502092050209205 0.02823529411764706
0 0.8828451882845189 0.8729411764705882 0.11715481171548117 0.01411764705882353
0 0.3190376569037657 0.8729411764705882 0.07740585774058577 0.03529411764705882
0 0.3985355648535565 0.8523529411764705 0.056485355648535567 0.03176470588235294
0 0.3158995815899582 0.8364705882352941 0.08786610878661087 0.04
0 0.48221757322175735 0.8094117647058824 0.043933054393305436 0.021176470588235293
0 0.38702928870292885 0.7964705882352942 0.03765690376569038 0.021176470588235293
0 0.21443514644351463 0.7723529411764706 0.043933054393305436 0.02
0 0.22698744769874477 0.7505882352941177 0.1108786610878661 0.02588235294117647
0 0.547071129707113 0.7523529411764706 0.24476987447698745 0.036470588235294116
0 0.3912133891213389 0.73 0.05439330543933055 0.02235294117647059
0 0.5847280334728033 0.7229411764705882 0.056485355648535567 0.027058823529411764
0 0.2384937238493724 0.71 0.24267782426778242 0.03411764705882353
0 0.9665271966527197 0.6988235294117647 0.06694560669456066 0.03058823529411765
0 0.44142259414225943 0.6964705882352941 0.23430962343096234 0.0611764705882353
0 0.24372384937238495 0.6705882352941176 0.14853556485355648 0.04
0 0.555439330543933 0.6235294117647059 0.043933054393305436 0.03529411764705882
0 0.7092050209205021 0.6305882352941177 0.17154811715481172 0.09411764705882353
0 0.5397489539748954 0.5964705882352941 0.08368200836820083 0.07764705882352942
0 0.3912133891213389 0.5870588235294117 0.16736401673640167 0.11058823529411765
0 0.2175732217573222 0.5623529411764706 0.17154811715481172 0.1011764705882353
0 0.9581589958158996 0.5305882352941177 0.08368200836820083 0.06588235294117648
0 0.9633891213389121 0.4923529411764706 0.07322175732217573 0.01764705882352941
0 0.9602510460251046 0.4764705882352941 0.0794979079497908 0.023529411764705882
0 0.08786610878661087 0.3476470588235294 0.17573221757322174 0.036470588235294116
0 0.2489539748953975 0.13647058823529412 0.04602510460251046 0.01647058823529412
0 0.4435146443514644 0.10647058823529412 0.14225941422594143 0.027058823529411764
0 0.028242677824267783 0.09529411764705882 0.056485355648535567 0.02823529411764706
0 0.8169456066945606 0.05529411764705883 0.29916317991631797 0.05176470588235294
0 0.47594142259414224 0.033529411764705884 0.16527196652719664 0.041176470588235294
0 0.6956066945606695 0.012352941176470587 0.22384937238493724 0.024705882352941175
