0 0.15860849056603774 0.8179916317991632 0.031839622641509434 0.04184100418410042
0 0.08549528301886793 0.8179916317991632 0.060141509433962265 0.04184100418410042
0 0.9551886792452831 0.7907949790794979 0.04481132075471698 0.04184100418410042
0 0.9174528301886793 0.8253138075313807 0.1650943396226415 0.11506276150627615
0 0.8938679245283019 0.8347280334728033 0.21226415094339623 0.13807531380753138
0 0.9192216981132075 0.7677824267782427 0.0294811320754717 0.03347280334728033
0 0.6303066037735849 0.6506276150627615 0.020047169811320754 0.12133891213389121
0 0.9941037735849056 0.604602510460251 0.01179245283018868 0.06276150627615062
0 0.04481132075471698 0.6788702928870293 0.04245283018867924 0.25313807531380755
0 0.8001179245283019 0.5230125523012552 0.05070754716981132 0.029288702928870293
0 0.9504716981132075 0.47384937238493724 0.04245283018867924 0.05230125523012552
0 0.9923349056603774 0.5 0.015330188679245283 0.11297071129707113
0 0.7081367924528302 0.4445606694560669 0.10966981132075472 0.20292887029288703
0 0.5807783018867925 0.3294979079497908 0.09080188679245282 0.03556485355648536
0 0.47700471698113206 0.3190376569037657 0.041273584905660375 0.10669456066945607
0 0.9545990566037735 0.3169456066945607 0.09080188679245282 0.10669456066945607
0 0.8007075471698113 0.2939330543933054 0.08254716981132075 0.060669456066945605
0 0.7989386792452831 0.23430962343096234 0.08136792452830188 0.058577405857740586
0 0.12264150943396226 0.19560669456066945 0.02358490566037736 0.02301255230125523
0 0.7346698113207547 0.2615062761506276 0.19811320754716982 0.17154811715481172
0 0.24410377358490565 0.1600418410041841 0.08018867924528301 0.043933054393305436
0 0.7948113207547169 0.10146443514644352 0.06132075471698113 0.03556485355648536
0 0.7376179245283019 0.06380753138075314 0.06485849056603774 0.05230125523012552
0 0.5701650943396226 0.09100418410041841 0.1403301886792453 0.12761506276150628
0 0.05837264150943396 0.0700836820083682 0.11674528301886793 0.08577405857740586
0 0.7735849056603774 0.04602510460251046 0.018867924528301886 0.04184100418410042
0 0.423938679245283 0.07322175732217573 0.10495283018867925 0.14644351464435146
