0 0.04602510460251046 0.9770588235294118 0.09205020920502092 0.04588235294117647
0 0.18410041841004185 0.9470588235294117 0.10460251046025104 0.04941176470588235
0 0.5920502092050209 0.9482352941176471 0.2594142259414226 0.10352941176470588
0 0.5376569037656904 0.941764705882353 0.2719665271966527 0.11647058823529412
0 0.6171548117154811 0.2911764705882353 0.07531380753138076 0.036470588235294116
0 0.7290794979079498 0.29058823529411765 0.02301255230125523 0.03764705882352941
0 0.9121338912133892 0.29705882352941176 0.17573221757322174 0.06705882352941177
0 0.8336820083682008 0.19705882352941176 0.01882845188284519 0.029411764705882353
0 0.8713389121338913 0.1923529411764706 0.03556485355648536 0.041176470588235294
0 0.9142259414225942 0.18176470588235294 0.029288702928870293 0.036470588235294116
0 0.8880753138075314 0.1476470588235294 0.12343096234309624 0.04823529411764706
0 0.25523012552301255 0.12411764705882353 0.12552301255230125 0.024705882352941175
0 0.3399581589958159 0.12117647058823529 0.1192468619246862 0.02588235294117647
0 0.6725941422594143 0.07705882352941176 0.07740585774058577 0.024705882352941175
0 0.5449790794979079 0.08588235294117647 0.17782426778242677 0.047058823529411764
0 0.9654811715481172 0.09294117647058824 0.06903765690376569 0.08235294117647059
0 0.6841004184100419 0.05 0.10460251046025104 0.036470588235294116
0 0.8096234309623431 0.04588235294117647 0.07531380753138076 0.06588235294117648
0 0.18514644351464435 0.017058823529411765 0.24476987447698745 0.03411764705882353
