0 0.08577405857740586 0.6105882352941177 0.09623430962343096 0.021176470588235293
0 0.09414225941422594 0.5923529411764706 0.04602510460251046 0.015294117647058824
0 0.2583682008368201 0.5617647058823529 0.2824267782426778 0.06941176470588235
0 0.03347280334728033 0.49 0.06694560669456066 0.029411764705882353
0 0.8294979079497908 0.24 0.07322175732217573 0.042352941176470586
0 0.7656903765690377 0.23647058823529413 0.07531380753138076 0.03764705882352941
0 0.3472803347280335 0.2088235294117647 0.03347280334728033 0.02
0 0.3127615062761506 0.20941176470588235 0.03556485355648536 0.021176470588235293
0 0.2803347280334728 0.20941176470588235 0.029288702928870293 0.021176470588235293
0 0.4236401673640167 0.20823529411764705 0.03138075313807531 0.021176470588235293
0 0.38284518828451886 0.20823529411764705 0.03347280334728033 0.021176470588235293
0 0.5177824267782427 0.20705882352941177 0.03138075313807531 0.021176470588235293
0 0.4571129707112971 0.2076470588235294 0.03138075313807531 0.02235294117647059
0 0.752092050209205 0.1952941176470588 0.04811715481171548 0.03764705882352941
0 0.42782426778242677 0.17470588235294118 0.03138075313807531 0.02235294117647059
0 0.3064853556485356 0.17470588235294118 0.0397489539748954 0.02235294117647059
0 0.497907949790795 0.17352941176470588 0.03347280334728033 0.02235294117647059
0 0.46338912133891214 0.17352941176470588 0.03138075313807531 0.02235294117647059
0 0.3619246861924686 0.17411764705882352 0.029288702928870293 0.023529411764705882
0 0.6537656903765691 0.16117647058823528 0.17782426778242677 0.011764705882352941
0 0.06485355648535565 0.004705882352941176 0.09623430962343096 0.009411764705882352
