0 0.4581589958158996 0.9464705882352941 0.29707112970711297 0.024705882352941175
0 0.2112970711297071 0.8847058823529412 0.07112970711297072 0.12941176470588237
0 0.13389121338912133 0.6758823529411765 0.06694560669456066 0.1564705882352941
0 0.18619246861924685 0.4447058823529412 0.11715481171548117 0.018823529411764704
0 0.3263598326359833 0.42 0.0502092050209205 0.03058823529411765
0 0.40794979079497906 0.4123529411764706 0.100418410041841 0.024705882352941175
0 0.15585774058577406 0.3658823529411765 0.09414225941422594 0.03529411764705882
0 0.6328451882845189 0.31 0.06485355648535565 0.029411764705882353
0 0.3912133891213389 0.3088235294117647 0.06694560669456066 0.029411764705882353
0 0.10669456066945607 0.3029411764705882 0.09623430962343096 0.024705882352941175
0 0.6255230125523012 0.12588235294117647 0.02510460251046025 0.17176470588235293
0 0.8138075313807531 0.03588235294117647 0.02510460251046025 0.07176470588235294
0 0.2615062761506276 0.03705882352941176 0.03765690376569038 0.07411764705882352
