0 0.899581589958159 0.6982352941176471 0.200836820083682 0.027058823529411764
0 0.9822175732217573 0.6147058823529412 0.03556485355648536 0.027058823529411764
0 0.30857740585774057 0.5835294117647059 0.02301255230125523 0.021176470588235293
0 0.2625523012552301 0.5829411764705882 0.02301255230125523 0.02
0 0.9759414225941423 0.5735294117647058 0.04811715481171548 0.036470588235294116
0 0.897489539748954 0.5705882352941176 0.07112970711297072 0.12
0 0.854602510460251 0.4811764705882353 0.09414225941422594 0.023529411764705882
0 0.3891213389121339 0.4758823529411765 0.09205020920502092 0.024705882352941175
0 0.2405857740585774 0.4611764705882353 0.0794979079497908 0.018823529411764704
0 0.028242677824267783 0.5011764705882353 0.056485355648535567 0.11294117647058824
0 0.08263598326359832 0.35764705882352943 0.16527196652719664 0.08
0 0.8483263598326359 0.31 0.060669456066945605 0.024705882352941175
0 0.6077405857740585 0.25588235294117645 0.08158995815899582 0.029411764705882353
0 0.4320083682008368 0.2529411764705882 0.1401673640167364 0.03058823529411765
0 0.9351464435146444 0.19941176470588234 0.11297071129707113 0.09058823529411765
0 0.8776150627615062 0.15941176470588236 0.10251046025104603 0.04352941176470588
0 0.7248953974895398 0.11823529411764706 0.03556485355648536 0.036470588235294116
0 0.6213389121338913 0.11647058823529412 0.03347280334728033 0.03294117647058824
0 0.9602510460251046 0.09235294117647058 0.0794979079497908 0.024705882352941175
0 0.7092050209205021 0.13352941176470587 0.15481171548117154 0.15411764705882353
0 0.9163179916317992 0.03294117647058824 0.16736401673640167 0.06588235294117648
0 0.899581589958159 0.6982352941176471 0.200836820083682 0.027058823529411764
0 0.9822175732217573 0.6147058823529412 0.03556485355648536 0.027058823529411764
0 0.30857740585774057 0.5835294117647059 0.02301255230125523 0.021176470588235293
0 0.2625523012552301 0.5829411764705882 0.02301255230125523 0.02
0 0.9759414225941423 0.5735294117647058 0.04811715481171548 0.036470588235294116
0 0.897489539748954 0.5705882352941176 0.07112970711297072 0.12
0 0.854602510460251 0.4811764705882353 0.09414225941422594 0.023529411764705882
0 0.3891213389121339 0.4758823529411765 0.09205020920502092 0.024705882352941175
0 0.2405857740585774 0.4611764705882353 0.0794979079497908 0.018823529411764704
0 0.028242677824267783 0.5011764705882353 0.056485355648535567 0.11294117647058824
0 0.08263598326359832 0.35764705882352943 0.16527196652719664 0.08
0 0.8483263598326359 0.31 0.060669456066945605 0.024705882352941175
0 0.6077405857740585 0.25588235294117645 0.08158995815899582 0.029411764705882353
0 0.4320083682008368 0.2529411764705882 0.1401673640167364 0.03058823529411765
0 0.9351464435146444 0.19941176470588234 0.11297071129707113 0.09058823529411765
0 0.8776150627615062 0.15941176470588236 0.10251046025104603 0.04352941176470588
0 0.7248953974895398 0.11823529411764706 0.03556485355648536 0.036470588235294116
0 0.6213389121338913 0.11647058823529412 0.03347280334728033 0.03294117647058824
0 0.9602510460251046 0.09235294117647058 0.0794979079497908 0.024705882352941175
0 0.7092050209205021 0.13352941176470587 0.15481171548117154 0.15411764705882353
0 0.9163179916317992 0.03294117647058824 0.16736401673640167 0.06588235294117648
