0 0.44221698113207547 0.8755230125523012 0.1391509433962264 0.027196652719665274
0 0.6957547169811321 0.7311715481171548 0.0330188679245283 0.06903765690376569
0 0.6668632075471698 0.7332635983263598 0.024764150943396228 0.07322175732217573
0 0.7252358490566038 0.7248953974895398 0.02830188679245283 0.06485355648535565
0 0.19221698113207547 0.2939330543933054 0.025943396226415096 0.06485355648535565
0 0.33549528301886794 0.28870292887029286 0.10023584905660378 0.06694560669456066
0 0.4369103773584906 0.28451882845188287 0.09551886792452831 0.06694560669456066
0 0.7777122641509434 0.18828451882845187 0.036556603773584904 0.02510460251046025
0 0.17511792452830188 0.16527196652719664 0.19221698113207547 0.09623430962343096
0 0.6538915094339622 0.16108786610878661 0.1544811320754717 0.09205020920502092
0 0.08195754716981132 0.11715481171548117 0.16391509433962265 0.1087866108786611
0 0.4652122641509434 0.010460251046025104 0.03419811320754717 0.02092050209205021
