0 0.24163179916317992 0.9805882352941176 0.07740585774058577 0.01764705882352941
0 0.7311715481171548 0.8558823529411764 0.05230125523012552 0.04352941176470588
0 0.5292887029288703 0.8423529411764706 0.0502092050209205 0.018823529411764704
0 0.27510460251046026 0.8382352941176471 0.04811715481171548 0.02235294117647059
0 0.5742677824267782 0.8029411764705883 0.05230125523012552 0.02235294117647059
0 0.20502092050209206 0.8205882352941176 0.08368200836820083 0.06235294117647059
0 0.5261506276150628 0.7888235294117647 0.1108786610878661 0.01764705882352941
0 0.6621338912133892 0.7847058823529411 0.056485355648535567 0.023529411764705882
0 0.22071129707112971 0.7888235294117647 0.0899581589958159 0.03176470588235294
0 0.09414225941422594 0.7876470588235294 0.058577405857740586 0.036470588235294116
0 0.36610878661087864 0.7788235294117647 0.19665271966527198 0.058823529411764705
0 0.5889121338912134 0.758235294117647 0.1192468619246862 0.041176470588235294
0 0.4916317991631799 0.7635294117647059 0.12133891213389121 0.058823529411764705
0 0.7060669456066946 0.7458823529411764 0.06485355648535565 0.03294117647058824
0 0.9278242677824268 0.7311764705882353 0.0899581589958159 0.06
0 0.060669456066945605 0.5941176470588235 0.06694560669456066 0.05647058823529412
0 0.1297071129707113 0.5864705882352941 0.06694560669456066 0.05529411764705883
0 0.20292887029288703 0.5770588235294117 0.058577405857740586 0.05529411764705883
0 0.42677824267782427 0.5705882352941176 0.04184100418410042 0.04470588235294118
0 0.9006276150627615 0.5523529411764706 0.060669456066945605 0.01764705882352941
0 0.26464435146443516 0.571764705882353 0.06485355648535565 0.05647058823529412
0 0.37447698744769875 0.5647058823529412 0.016736401673640166 0.05647058823529412
0 0.33158995815899583 0.5664705882352942 0.060669456066945605 0.06
0 0.48535564853556484 0.5611764705882353 0.06276150627615062 0.058823529411764705
0 0.6391213389121339 0.5388235294117647 0.043933054393305436 0.04470588235294118
0 0.200836820083682 0.49411764705882355 0.401673640167364 0.04470588235294118
0 0.1401673640167364 0.33705882352941174 0.2803347280334728 0.015294117647058824
0 0.7751046025104602 0.37176470588235294 0.07322175732217573 0.15764705882352942
0 0.10564853556485355 0.29470588235294115 0.06485355648535565 0.05764705882352941
0 0.043933054393305436 0.29470588235294115 0.06276150627615062 0.06
0 0.17468619246861924 0.2911764705882353 0.060669456066945605 0.06
0 0.3682008368200837 0.2711764705882353 0.06276150627615062 0.06
0 0.4309623430962343 0.26294117647058823 0.06276150627615062 0.06
0 0.49267782426778245 0.24411764705882352 0.06485355648535565 0.04823529411764706
0 0.6600418410041841 0.18529411764705883 0.027196652719665274 0.05058823529411765
0 0.6914225941422594 0.18176470588235294 0.060669456066945605 0.05058823529411765
0 0.8179916317991632 0.18 0.16317991631799164 0.05647058823529412
0 0.6820083682008368 0.11294117647058824 0.058577405857740586 0.03294117647058824
0 0.7918410041841004 0.12058823529411765 0.23640167364016737 0.05764705882352941
0 0.7751046025104602 0.14823529411764705 0.3117154811715481 0.13411764705882354
0 0.18514644351464435 0.05 0.19874476987447698 0.02
0 0.01778242677824268 0.04823529411764706 0.02301255230125523 0.018823529411764704
