0 0.9058577405857741 0.9382352941176471 0.05439330543933055 0.02235294117647059
0 0.28556485355648537 0.9023529411764706 0.15690376569037656 0.021176470588235293
0 0.3880753138075314 0.8723529411764706 0.07740585774058577 0.07411764705882352
0 0.3002092050209205 0.8311764705882353 0.06485355648535565 0.03411764705882353
0 0.34518828451882844 0.7905882352941176 0.04184100418410042 0.04
0 0.8661087866108786 0.6052941176470589 0.26778242677824265 0.09529411764705882
0 0.6506276150627615 0.5270588235294118 0.03765690376569038 0.018823529411764704
0 0.8410041841004184 0.5258823529411765 0.200836820083682 0.0611764705882353
0 0.7583682008368201 0.38941176470588235 0.03556485355648536 0.03294117647058824
0 0.9435146443514645 0.38529411764705884 0.11297071129707113 0.03411764705882353
0 0.9372384937238494 0.28294117647058825 0.12552301255230125 0.11176470588235295
0 0.10355648535564854 0.25882352941176473 0.12343096234309624 0.1411764705882353
0 0.032426778242677826 0.14176470588235293 0.06485355648535565 0.05764705882352941
0 0.303347280334728 0.11764705882352941 0.05439330543933055 0.011764705882352941
0 0.897489539748954 0.02235294117647059 0.03347280334728033 0.04470588235294118
