0 0.21757075471698112 0.8274058577405857 0.04363207547169811 0.06903765690376569
0 0.5005896226415094 0.5721757322175732 0.01768867924528302 0.1401673640167364
0 0.44693396226415094 0.5732217573221757 0.018867924528301886 0.14644351464435146
0 0.9056603773584906 0.46443514644351463 0.02358490566037736 0.058577405857740586
0 0.33077830188679247 0.5073221757322176 0.024764150943396228 0.2112970711297071
0 0.8873820754716981 0.4330543933054393 0.03891509433962264 0.0794979079497908
0 0.7523584905660378 0.4435146443514644 0.04481132075471698 0.18828451882845187
0 0.18160377358490565 0.35355648535564854 0.07783018867924528 0.058577405857740586
0 0.9817216981132075 0.33158995815899583 0.0294811320754717 0.0397489539748954
0 0.6344339622641509 0.3190376569037657 0.09198113207547169 0.060669456066945605
0 0.1580188679245283 0.2594142259414226 0.04009433962264151 0.058577405857740586
0 0.19752358490566038 0.24581589958158995 0.0625 0.07740585774058577
0 0.9386792452830188 0.08786610878661087 0.04716981132075472 0.13807531380753138
