0 0.21443514644351463 0.9782352941176471 0.04811715481171548 0.024705882352941175
0 0.09623430962343096 0.9494117647058824 0.1799163179916318 0.04941176470588235
0 0.021966527196652718 0.7829411764705883 0.043933054393305436 0.03882352941176471
0 0.18828451882845187 0.6611764705882353 0.100418410041841 0.05411764705882353
0 0.3912133891213389 0.6576470588235294 0.3305439330543933 0.07058823529411765
0 0.8598326359832636 0.5905882352941176 0.05439330543933055 0.018823529411764704
0 0.9403765690376569 0.5735294117647058 0.08577405857740586 0.02235294117647059
0 0.8682008368200836 0.5317647058823529 0.15481171548117154 0.023529411764705882
0 0.8315899581589958 0.39588235294117646 0.19456066945606695 0.03882352941176471
0 0.7615062761506276 0.36058823529411765 0.04184100418410042 0.029411764705882353
0 0.151673640167364 0.4788235294117647 0.17782426778242677 0.3129411764705882
0 0.22071129707112971 0.06647058823529411 0.10669456066945607 0.05058823529411765
0 0.645397489539749 0.06294117647058824 0.13598326359832635 0.05529411764705883
0 0.4989539748953975 0.05235294117647059 0.1401673640167364 0.04823529411764706
0 0.950836820083682 0.019411764705882354 0.09832635983263599 0.03882352941176471
