0 0.9740566037735849 0.7719665271966527 0.05188679245283019 0.03347280334728033
0 0.06132075471698113 0.801255230125523 0.12264150943396226 0.10460251046025104
0 0.8254716981132075 0.7311715481171548 0.04716981132075472 0.04811715481171548
0 0.8372641509433962 0.6715481171548117 0.04716981132075472 0.02092050209205021
0 0.9593160377358491 0.6705020920502092 0.08136792452830188 0.09414225941422594
0 0.6680424528301887 0.3723849372384937 0.08844339622641509 0.06276150627615062
0 0.6692216981132075 0.3064853556485356 0.08844339622641509 0.060669456066945605
0 0.6674528301886793 0.33577405857740583 0.10141509433962265 0.15690376569037656
0 0.3891509433962264 0.1600418410041841 0.0330188679245283 0.03138075313807531
0 0.07547169811320754 0.056485355648535567 0.025943396226415096 0.04602510460251046
0 0.9563679245283019 0.016736401673640166 0.03773584905660377 0.03347280334728033
0 0.8266509433962265 0.028242677824267783 0.030660377358490566 0.056485355648535567
0 0.02358490566037736 0.03556485355648536 0.02830188679245283 0.07112970711297072
