0 0.8096234309623431 0.6158823529411764 0.04184100418410042 0.029411764705882353
0 0.7656903765690377 0.6029411764705882 0.03765690376569038 0.029411764705882353
0 0.7259414225941423 0.5988235294117648 0.03765690376569038 0.03058823529411765
0 0.6872384937238494 0.5941176470588235 0.03138075313807531 0.03058823529411765
0 0.28765690376569036 0.5141176470588236 0.14853556485355648 0.07058823529411765
0 0.23640167364016737 0.14411764705882352 0.02510460251046025 0.02
0 0.09937238493723849 0.13117647058823528 0.07322175732217573 0.05764705882352941
0 0.5146443514644351 0.16705882352941176 0.9288702928870293 0.15764705882352942
0 0.42887029288702927 0.045294117647058825 0.39330543933054396 0.04352941176470588
0 0.13493723849372385 0.01588235294117647 0.23640167364016737 0.03176470588235294
