0 0.6745283018867925 0.9079497907949791 0.10849056603773585 0.06694560669456066
0 0.7370283018867925 0.8378661087866108 0.06367924528301887 0.03138075313807531
0 0.5336084905660378 0.8629707112970711 0.05778301886792453 0.15271966527196654
0 0.7222877358490566 0.7677824267782427 0.09316037735849056 0.03347280334728033
0 0.6220518867924528 0.7646443514644351 0.07429245283018868 0.027196652719665274
0 0.9563679245283019 0.8148535564853556 0.08726415094339622 0.17364016736401675
0 0.08490566037735849 0.7269874476987448 0.16981132075471697 0.07740585774058577
0 0.024764150943396228 0.643305439330544 0.049528301886792456 0.03556485355648536
0 0.6692216981132075 0.6265690376569037 0.055424528301886794 0.043933054393305436
0 0.8077830188679245 0.608786610878661 0.03773584905660377 0.11715481171548117
0 0.08195754716981132 0.5826359832635983 0.0625 0.08577405857740586
0 0.04304245283018868 0.5156903765690377 0.05070754716981132 0.0397489539748954
0 0.8561320754716981 0.49267782426778245 0.05660377358490566 0.08158995815899582
0 0.9363207547169812 0.502092050209205 0.07311320754716981 0.15481171548117154
0 0.8125 0.47489539748953974 0.01650943396226415 0.13389121338912133
0 0.03537735849056604 0.42573221757322177 0.04481132075471698 0.04811715481171548
0 0.1391509433962264 0.3410041841004184 0.08018867924528301 0.09623430962343096
0 0.7429245283018868 0.29497907949790797 0.11084905660377359 0.06694560669456066
0 0.6474056603773585 0.28870292887029286 0.07075471698113207 0.06694560669456066
0 0.5902122641509434 0.28556485355648537 0.036556603773584904 0.06485355648535565
0 0.9257075471698113 0.26569037656903766 0.04245283018867924 0.04184100418410042
0 0.9080188679245284 0.22489539748953974 0.04245283018867924 0.0397489539748954
0 0.9722877358490566 0.3002092050209205 0.055424528301886794 0.20292887029288703
0 0.8484669811320755 0.20397489539748953 0.0294811320754717 0.060669456066945605
0 0.2777122641509434 0.19246861924686193 0.1214622641509434 0.04184100418410042
0 0.05778301886792453 0.16527196652719664 0.11556603773584906 0.04602510460251046
0 0.5277122641509434 0.14539748953974896 0.024764150943396228 0.07322175732217573
0 0.4634433962264151 0.10774058577405858 0.02358490566037736 0.056485355648535567
0 0.5866745283018868 0.09205020920502092 0.08372641509433962 0.08368200836820083
0 0.4534198113207547 0.0794979079497908 0.060141509433962265 0.08368200836820083
0 0.6462264150943396 0.04184100418410042 0.02122641509433962 0.08368200836820083
0 0.31839622641509435 0.011506276150627616 0.025943396226415096 0.02301255230125523
0 0.2824292452830189 0.028242677824267783 0.02240566037735849 0.056485355648535567
0 0.26002358490566035 0.01882845188284519 0.024764150943396228 0.03765690376569038
