0 0.944560669456067 0.9776470588235294 0.043933054393305436 0.023529411764705882
0 0.5397489539748954 0.9505882352941176 0.08786610878661087 0.08235294117647059
0 0.6056485355648535 0.7841176470588235 0.12761506276150628 0.08823529411764706
0 0.9539748953974896 0.8194117647058824 0.058577405857740586 0.24588235294117647
0 0.06589958158995816 0.7623529411764706 0.13179916317991633 0.17411764705882352
0 0.8368200836820083 0.6441176470588236 0.05439330543933055 0.01764705882352941
0 0.698744769874477 0.6164705882352941 0.09623430962343096 0.03764705882352941
0 0.07322175732217573 0.5994117647058823 0.0502092050209205 0.07176470588235294
0 0.75 0.5317647058823529 0.05230125523012552 0.06588235294117648
0 0.9811715481171548 0.5135294117647059 0.03765690376569038 0.036470588235294116
0 0.805439330543933 0.47352941176470587 0.07112970711297072 0.015294117647058824
0 0.9769874476987448 0.42 0.04602510460251046 0.09411764705882353
0 0.6537656903765691 0.3811764705882353 0.09414225941422594 0.058823529411764705
0 0.9424686192468619 0.33647058823529413 0.08577405857740586 0.023529411764705882
0 0.1192468619246862 0.33647058823529413 0.2384937238493724 0.02588235294117647
0 0.8608786610878661 0.39294117647058824 0.08158995815899582 0.1411764705882353
0 0.48640167364016734 0.34294117647058825 0.07740585774058577 0.052941176470588235
0 0.9853556485355649 0.2847058823529412 0.029288702928870293 0.0611764705882353
0 0.9550209205020921 0.2776470588235294 0.03556485355648536 0.06588235294117648
0 0.8723849372384938 0.11529411764705882 0.1087866108786611 0.02823529411764706
0 0.6213389121338913 0.10176470588235294 0.05439330543933055 0.024705882352941175
0 0.4100418410041841 0.11058823529411765 0.03765690376569038 0.13176470588235295
0 0.8389121338912134 0.009411764705882352 0.029288702928870293 0.018823529411764704
