0 0.7416317991631799 0.8164705882352942 0.03556485355648536 0.13411764705882354
0 0.5617154811715481 0.701764705882353 0.3117154811715481 0.03176470588235294
0 0.497907949790795 0.6923529411764706 0.26778242677824265 0.02
0 0.3472803347280335 0.46176470588235297 0.02092050209205021 0.02
0 0.1997907949790795 0.43470588235294116 0.02301255230125523 0.02
0 0.2824267782426778 0.4323529411764706 0.02092050209205021 0.02
0 0.36610878661087864 0.43117647058823527 0.02092050209205021 0.02
0 0.33158995815899583 0.43117647058823527 0.02301255230125523 0.02
0 0.5428870292887029 0.39705882352941174 0.02301255230125523 0.02
0 0.4884937238493724 0.3976470588235294 0.02301255230125523 0.021176470588235293
0 0.6715481171548117 0.39588235294117646 0.02092050209205021 0.02
0 0.401673640167364 0.29823529411764704 0.6569037656903766 0.13058823529411764
0 0.547071129707113 0.10058823529411764 0.05230125523012552 0.04588235294117647
0 0.6202928870292888 0.12294117647058823 0.23221757322175732 0.11411764705882353
0 0.8807531380753139 0.09352941176470589 0.02510460251046025 0.14705882352941177
