0 0.40860849056603776 0.893305439330544 0.05070754716981132 0.05439330543933055
0 0.2358490566037736 0.8964435146443515 0.0589622641509434 0.08158995815899582
0 0.5471698113207547 0.8294979079497908 0.0330188679245283 0.03556485355648536
0 0.09433962264150944 0.8430962343096234 0.07547169811320754 0.06694560669456066
0 0.25766509433962265 0.7928870292887029 0.24410377358490565 0.016736401673640166
0 0.46049528301886794 0.7897489539748954 0.14976415094339623 0.014644351464435146
0 0.6774764150943396 0.7824267782426778 0.1615566037735849 0.016736401673640166
0 0.7718160377358491 0.5156903765690377 0.008254716981132075 0.07322175732217573
0 0.8502358490566038 0.5 0.04716981132075472 0.058577405857740586
0 0.902122641509434 0.47280334728033474 0.030660377358490566 0.03347280334728033
0 0.8042452830188679 0.5031380753138075 0.07311320754716981 0.15690376569037656
0 0.8278301886792453 0.34309623430962344 0.049528301886792456 0.04602510460251046
0 0.6951650943396226 0.24790794979079497 0.08372641509433962 0.056485355648535567
0 0.6951650943396226 0.18410041841004185 0.08372641509433962 0.05439330543933055
0 0.9746462264150944 0.053347280334728034 0.05070754716981132 0.043933054393305436
0 0.8537735849056604 0.05753138075313807 0.04245283018867924 0.10251046025104603
0 0.7216981132075472 0.021966527196652718 0.0589622641509434 0.043933054393305436
0 0.5554245283018868 0.02405857740585774 0.03537735849056604 0.04811715481171548
0 0.48172169811320753 0.028242677824267783 0.0695754716981132 0.056485355648535567
0 0.3455188679245283 0.030334728033472803 0.07547169811320754 0.060669456066945605
0 0.22877358490566038 0.030334728033472803 0.04245283018867924 0.060669456066945605
