0 0.26464435146443516 0.92 0.09832635983263599 0.05647058823529412
0 0.555439330543933 0.9064705882352941 0.15271966527196654 0.10470588235294118
0 0.6391213389121339 0.9041176470588236 0.21548117154811716 0.11647058823529412
0 0.8891213389121339 0.3558823529411765 0.2217573221757322 0.13294117647058823
0 0.5878661087866108 0.27294117647058824 0.06694560669456066 0.03529411764705882
0 0.8702928870292888 0.21470588235294116 0.02510460251046025 0.029411764705882353
0 0.9110878661087866 0.21 0.03556485355648536 0.041176470588235294
0 0.9539748953974896 0.1988235294117647 0.029288702928870293 0.03529411764705882
0 0.9142259414225942 0.17176470588235293 0.1506276150627615 0.0611764705882353
0 0.797071129707113 0.17882352941176471 0.06276150627615062 0.13176470588235295
0 0.9853556485355649 0.10941176470588235 0.029288702928870293 0.0611764705882353
0 0.6443514644351465 0.08529411764705883 0.2803347280334728 0.06941176470588235
0 0.8493723849372385 0.06352941176470588 0.07112970711297072 0.0611764705882353
0 0.038702928870292884 0.026470588235294117 0.07740585774058577 0.052941176470588235
