0 0.23221757322175732 0.8411764705882353 0.04602510460251046 0.04
0 0.27824267782426776 0.65 0.05439330543933055 0.04588235294117647
0 0.8880753138075314 0.5752941176470588 0.12761506276150628 0.11058823529411765
0 0.39644351464435146 0.5364705882352941 0.12343096234309624 0.042352941176470586
0 0.9654811715481172 0.5211764705882352 0.06903765690376569 0.047058823529411764
0 0.3514644351464435 0.4682352941176471 0.06276150627615062 0.04470588235294118
0 0.4121338912133891 0.4676470588235294 0.06276150627615062 0.04588235294117647
0 0.4811715481171548 0.46647058823529414 0.08368200836820083 0.04588235294117647
0 0.21548117154811716 0.4688235294117647 0.12133891213389121 0.07411764705882352
0 0.8085774058577406 0.49823529411764705 0.08577405857740586 0.17058823529411765
0 0.33472803347280333 0.40294117647058825 0.0794979079497908 0.03411764705882353
0 0.9403765690376569 0.4147058823529412 0.1192468619246862 0.06470588235294118
0 0.09205020920502092 0.3235294117647059 0.0502092050209205 0.04
0 0.8483263598326359 0.3376470588235294 0.10251046025104603 0.08941176470588236
0 0.5899581589958159 0.2817647058823529 0.1589958158995816 0.03882352941176471
0 0.9665271966527197 0.2605882352941176 0.06694560669456066 0.02
0 0.5962343096234309 0.24411764705882352 0.15481171548117154 0.036470588235294116
0 0.5502092050209205 0.2388235294117647 0.07112970711297072 0.03058823529411765
0 0.9717573221757322 0.02 0.056485355648535567 0.04
