0 0.6799163179916318 0.7905882352941176 0.07112970711297072 0.018823529411764704
0 0.47384937238493724 0.768235294117647 0.18200836820083682 0.018823529411764704
0 0.9696652719665272 0.7594117647058823 0.060669456066945605 0.07176470588235294
0 0.852510460251046 0.7005882352941176 0.15271966527196654 0.06235294117647059
0 0.946652719665272 0.58 0.10669456066945607 0.07294117647058823
0 0.16736401673640167 0.6158823529411764 0.17154811715481172 0.3070588235294118
0 0.20292887029288703 0.3123529411764706 0.05439330543933055 0.041176470588235294
0 0.3023012552301255 0.29411764705882354 0.09414225941422594 0.042352941176470586
0 0.08891213389121339 0.24823529411764705 0.1192468619246862 0.042352941176470586
0 0.7688284518828452 0.19470588235294117 0.060669456066945605 0.02235294117647059
0 0.6903765690376569 0.18588235294117647 0.100418410041841 0.011764705882352941
0 0.4006276150627615 0.15941176470588236 0.10669456066945607 0.024705882352941175
0 0.3190376569037657 0.15176470588235294 0.043933054393305436 0.018823529411764704
0 0.2175732217573222 0.14470588235294118 0.09623430962343096 0.023529411764705882
0 0.053347280334728034 0.1423529411764706 0.10669456066945607 0.042352941176470586
