0 0.9058577405857741 0.6888235294117647 0.03765690376569038 0.04588235294117647
0 0.9633891213389121 0.6129411764705882 0.0397489539748954 0.04
0 0.7217573221757322 0.5747058823529412 0.07112970711297072 0.08823529411764706
0 0.9456066945606695 0.5441176470588235 0.1087866108786611 0.07176470588235294
0 0.18305439330543932 0.4194117647058824 0.36610878661087864 0.029411764705882353
0 0.13702928870292888 0.33647058823529413 0.27405857740585776 0.1223529411764706
0 0.2290794979079498 0.21941176470588236 0.056485355648535567 0.05764705882352941
0 0.47280334728033474 0.19823529411764707 0.05439330543933055 0.06
0 0.7102510460251046 0.13058823529411764 0.09414225941422594 0.03529411764705882
0 0.8242677824267782 0.13352941176470587 0.07531380753138076 0.05058823529411765
