0 0.9634433962264151 0.7667364016736402 0.07311320754716981 0.0397489539748954
0 0.05778301886792453 0.7939330543933054 0.11556603773584906 0.09832635983263599
0 0.8254716981132075 0.7301255230125523 0.04481132075471698 0.03765690376569038
0 0.8384433962264151 0.6694560669456067 0.049528301886792456 0.02092050209205021
0 0.9563679245283019 0.6684100418410042 0.08726415094339622 0.09414225941422594
0 0.6556603773584906 0.3378661087866109 0.09198113207547169 0.06485355648535565
0 0.6550707547169812 0.33158995815899583 0.10495283018867925 0.10251046025104603
0 0.9805424528301887 0.2824267782426778 0.024764150943396228 0.03765690376569038
0 0.6544811320754716 0.2698744769874477 0.09198113207547169 0.06276150627615062
0 0.6232311320754716 0.19665271966527198 0.020047169811320754 0.03765690376569038
0 0.3891509433962264 0.15585774058577406 0.0330188679245283 0.027196652719665274
0 0.5277122641509434 0.09728033472803348 0.35023584905660377 0.0899581589958159
0 0.07488207547169812 0.05230125523012552 0.024764150943396228 0.04602510460251046
0 0.9551886792452831 0.015690376569037656 0.03773584905660377 0.03138075313807531
0 0.8248820754716981 0.02405857740585774 0.03419811320754717 0.04811715481171548
0 0.23820754716981132 0.03765690376569038 0.22641509433962265 0.07531380753138076
0 0.10613207547169812 0.010460251046025104 0.04481132075471698 0.02092050209205021
0 0.024174528301886794 0.032426778242677826 0.031839622641509434 0.06485355648535565
