0 0.14330543933054393 0.9405882352941176 0.043933054393305436 0.1188235294117647
0 0.13807531380753138 0.85 0.016736401673640166 0.06
0 0.034518828451882845 0.46294117647058824 0.06903765690376569 0.02235294117647059
0 0.9309623430962343 0.47 0.13807531380753138 0.05529411764705883
0 0.5617154811715481 0.4264705882352941 0.03138075313807531 0.029411764705882353
0 0.5219665271966527 0.4264705882352941 0.03556485355648536 0.029411764705882353
0 0.3713389121338912 0.4229411764705882 0.043933054393305436 0.029411764705882353
0 0.26359832635983266 0.0888235294117647 0.16317991631799164 0.041176470588235294
0 0.6537656903765691 0.061764705882352944 0.19456066945606695 0.04823529411764706
0 0.9675732217573222 0.007058823529411765 0.06485355648535565 0.01411764705882353
