0 0.9874476987447699 0.5641176470588235 0.02510460251046025 0.04352941176470588
0 0.9560669456066946 0.538235294117647 0.08786610878661087 0.03411764705882353
0 0.03765690376569038 0.43176470588235294 0.07531380753138076 0.047058823529411764
0 0.034518828451882845 0.3235294117647059 0.06903765690376569 0.02588235294117647
0 0.9100418410041841 0.30058823529411766 0.07112970711297072 0.01764705882352941
0 0.029288702928870293 0.2823529411764706 0.058577405857740586 0.02588235294117647
0 0.8556485355648535 0.27058823529411763 0.11297071129707113 0.02823529411764706
0 0.049163179916317995 0.2488235294117647 0.05230125523012552 0.024705882352941175
0 0.03765690376569038 0.23294117647058823 0.07531380753138076 0.01411764705882353
0 0.043933054393305436 0.20823529411764705 0.08786610878661087 0.04470588235294118
0 0.9571129707112971 0.18411764705882352 0.07740585774058577 0.02235294117647059
0 0.2803347280334728 0.2188235294117647 0.04184100418410042 0.12705882352941175
0 0.8870292887029289 0.1288235294117647 0.14644351464435146 0.06705882352941177
0 0.7719665271966527 0.11352941176470588 0.0794979079497908 0.05058823529411765
0 0.2709205020920502 0.11588235294117646 0.5167364016736402 0.05529411764705883
0 0.5972803347280334 0.09705882352941177 0.16108786610878661 0.027058823529411764
0 0.9539748953974896 0.045294117647058825 0.09205020920502092 0.02235294117647059
