0 0.6223849372384938 0.7935294117647059 0.39539748953974896 0.052941176470588235
0 0.6914225941422594 0.731764705882353 0.06485355648535565 0.023529411764705882
0 0.6642259414225942 0.6994117647058824 0.10669456066945607 0.03882352941176471
0 0.37552301255230125 0.6882352941176471 0.07740585774058577 0.04470588235294118
0 0.8671548117154811 0.6364705882352941 0.0397489539748954 0.03529411764705882
0 0.25 0.6288235294117647 0.06903765690376569 0.03882352941176471
0 0.051255230125523014 0.6194117647058823 0.10251046025104603 0.027058823529411764
0 0.5198744769874477 0.5970588235294118 0.0397489539748954 0.03411764705882353
0 0.4121338912133891 0.5776470588235294 0.03765690376569038 0.023529411764705882
0 0.3389121338912134 0.5952941176470589 0.06694560669456066 0.058823529411764705
0 0.7405857740585774 0.27941176470588236 0.502092050209205 0.00823529411764706
0 0.8619246861924686 0.2635294117647059 0.23430962343096234 0.023529411764705882
0 0.8619246861924686 0.24294117647058824 0.23430962343096234 0.027058823529411764
0 0.9811715481171548 0.1776470588235294 0.03765690376569038 0.02588235294117647
0 0.5334728033472803 0.16941176470588235 0.3807531380753138 0.08235294117647059
0 0.7092050209205021 0.1476470588235294 0.08786610878661087 0.052941176470588235
0 0.1684100418410042 0.04058823529411765 0.056485355648535567 0.052941176470588235
0 0.9539748953974896 0.009411764705882352 0.09205020920502092 0.018823529411764704
