0 0.3253138075313807 0.9229411764705883 0.50418410041841 0.07176470588235294
0 0.643305439330544 0.8758823529411764 0.13179916317991633 0.04588235294117647
0 0.03556485355648536 0.8888235294117647 0.07112970711297072 0.12352941176470589
0 0.8138075313807531 0.7529411764705882 0.1087866108786611 0.10352941176470588
0 0.9089958158995816 0.6564705882352941 0.18200836820083682 0.03058823529411765
0 0.8619246861924686 0.43941176470588234 0.09205020920502092 0.01764705882352941
0 0.1297071129707113 0.44 0.2594142259414226 0.047058823529411764
0 0.9110878661087866 0.39235294117647057 0.17782426778242677 0.10941176470588235
0 0.18723849372384938 0.36470588235294116 0.11506276150627615 0.07529411764705882
0 0.25627615062761505 0.35058823529411764 0.056485355648535567 0.0611764705882353
0 0.6569037656903766 0.3458823529411765 0.06276150627615062 0.06352941176470588
0 0.6255230125523012 0.34647058823529414 0.14225941422594143 0.07882352941176471
0 0.1087866108786611 0.27 0.04602510460251046 0.04823529411764706
0 0.6234309623430963 0.26941176470588235 0.09623430962343096 0.05411764705882353
0 0.20292887029288703 0.2641176470588235 0.04602510460251046 0.04823529411764706
0 0.5753138075313807 0.2676470588235294 0.2217573221757322 0.06470588235294118
0 0.24267782426778242 0.25823529411764706 0.04602510460251046 0.04823529411764706
0 0.6652719665271967 0.18 0.18410041841004185 0.04941176470588235
0 0.9937238493723849 0.17705882352941177 0.012552301255230125 0.07411764705882352
0 0.5972803347280334 0.1376470588235294 0.04811715481171548 0.04470588235294118
0 0.6516736401673641 0.15705882352941178 0.1903765690376569 0.11176470588235295
0 0.9142259414225942 0.05 0.12552301255230125 0.015294117647058824
