0 0.6143867924528302 0.6757322175732218 0.02830188679245283 0.11297071129707113
0 0.2959905660377358 0.6265690376569037 0.04245283018867924 0.043933054393305436
0 0.5843160377358491 0.7269874476987448 0.05778301886792453 0.2489539748953975
0 0.024764150943396228 0.5502092050209205 0.018867924528301886 0.08368200836820083
0 0.33962264150943394 0.7102510460251046 0.04245283018867924 0.5
0 0.10259433962264151 0.46234309623430964 0.018867924528301886 0.04184100418410042
0 0.49528301886792453 0.45502092050209203 0.06132075471698113 0.09832635983263599
0 0.05837264150943396 0.4236401673640167 0.11674528301886793 0.07322175732217573
0 0.030070754716981132 0.32112970711297073 0.031839622641509434 0.08577405857740586
0 0.3319575471698113 0.29811715481171547 0.05070754716981132 0.18200836820083682
0 0.7305424528301887 0.20188284518828453 0.03419811320754717 0.0397489539748954
0 0.0589622641509434 0.17154811715481172 0.0330188679245283 0.04184100418410042
0 0.7393867924528302 0.16108786610878661 0.049528301886792456 0.06694560669456066
0 0.25648584905660377 0.1705020920502092 0.031839622641509434 0.08577405857740586
0 0.6114386792452831 0.1579497907949791 0.21108490566037735 0.07322175732217573
0 0.5100235849056604 0.05230125523012552 0.055424528301886794 0.10460251046025104
0 0.18867924528301888 0.013598326359832637 0.030660377358490566 0.027196652719665274
