0 0.4089958158995816 0.9835294117647059 0.03138075313807531 0.018823529411764704
0 0.18200836820083682 0.9729411764705882 0.03765690376569038 0.01647058823529412
0 0.18723849372384938 0.9229411764705883 0.05230125523012552 0.02
0 0.06380753138075314 0.9247058823529412 0.12761506276150628 0.07294117647058823
0 0.5627615062761506 0.9270588235294117 0.06276150627615062 0.09411764705882353
0 0.7395397489539749 0.8411764705882353 0.12761506276150628 0.09647058823529411
0 0.9790794979079498 0.65 0.04184100418410042 0.015294117647058824
0 0.9278242677824268 0.6370588235294118 0.07740585774058577 0.09529411764705882
0 0.02615062761506276 0.5705882352941176 0.05230125523012552 0.02823529411764706
0 0.9895397489539749 0.5605882352941176 0.02092050209205021 0.03882352941176471
0 0.07635983263598327 0.47941176470588237 0.15271966527196654 0.04823529411764706
0 0.10774058577405858 0.41705882352941176 0.1903765690376569 0.052941176470588235
0 0.05753138075313807 0.32941176470588235 0.11506276150627615 0.018823529411764704
0 0.9225941422594143 0.23058823529411765 0.09205020920502092 0.06588235294117648
0 0.9581589958158996 0.25823529411764706 0.08368200836820083 0.17529411764705882
