0 0.34623430962343094 0.8311764705882353 0.056485355648535567 0.03882352941176471
0 0.2928870292887029 0.8311764705882353 0.0502092050209205 0.03882352941176471
0 0.40376569037656906 0.83 0.04184100418410042 0.03882352941176471
0 0.2196652719665272 0.8294117647058824 0.05439330543933055 0.04
0 0.13179916317991633 0.8252941176470588 0.06694560669456066 0.041176470588235294
0 0.07531380753138076 0.8223529411764706 0.03347280334728033 0.03764705882352941
0 0.2792887029288703 0.7894117647058824 0.03138075313807531 0.01647058823529412
0 0.20711297071129708 0.7064705882352941 0.15481171548117154 0.015294117647058824
0 0.18514644351464435 0.6570588235294118 0.09414225941422594 0.05058823529411765
0 0.47175732217573224 0.5911764705882353 0.07322175732217573 0.16588235294117648
0 0.74581589958159 0.5558823529411765 0.13179916317991633 0.13294117647058823
0 0.24476987447698745 0.48823529411764705 0.3891213389121339 0.03058823529411765
0 0.5889121338912134 0.40941176470588236 0.15690376569037656 0.05411764705882353
0 0.600418410041841 0.3629411764705882 0.1589958158995816 0.05529411764705883
0 0.8315899581589958 0.3347058823529412 0.043933054393305436 0.02235294117647059
0 0.5930962343096234 0.3841176470588235 0.1903765690376569 0.12117647058823529
0 0.8472803347280334 0.24235294117647058 0.09623430962343096 0.07529411764705882
0 0.8838912133891214 0.013529411764705882 0.060669456066945605 0.027058823529411764
