0 0.3054393305439331 0.981764705882353 0.16736401673640167 0.036470588235294116
0 0.9278242677824268 0.8188235294117647 0.14435146443514643 0.05647058823529412
0 0.3797071129707113 0.7958823529411765 0.0899581589958159 0.015294117647058824
0 0.8692468619246861 0.5135294117647059 0.05230125523012552 0.03176470588235294
0 0.7960251046025104 0.4647058823529412 0.08577405857740586 0.03058823529411765
0 0.5115062761506276 0.4117647058823529 0.18200836820083682 0.18823529411764706
0 0.5062761506276151 0.32235294117647056 0.13807531380753138 0.04470588235294118
0 0.5774058577405857 0.24411764705882352 0.18410041841004185 0.02235294117647059
0 0.3389121338912134 0.21764705882352942 0.6778242677824268 0.08470588235294117
0 0.07217573221757322 0.04352941176470588 0.14435146443514643 0.018823529411764704
