0 0.8786610878661087 0.8382352941176471 0.02510460251046025 0.16823529411764707
0 0.6255230125523012 0.7370588235294118 0.18828451882845187 0.03882352941176471
0 0.8849372384937239 0.84 0.10460251046025104 0.32
0 0.6652719665271967 0.6764705882352942 0.07531380753138076 0.04
0 0.604602510460251 0.6764705882352942 0.058577405857740586 0.04
0 0.42573221757322177 0.6764705882352942 0.1108786610878661 0.06588235294117648
0 0.7615062761506276 0.5211764705882352 0.13389121338912133 0.03294117647058824
0 0.7656903765690377 0.49 0.13389121338912133 0.03176470588235294
0 0.028242677824267783 0.48764705882352943 0.056485355648535567 0.029411764705882353
0 0.8723849372384938 0.4929411764705882 0.05439330543933055 0.1011764705882353
0 0.7154811715481172 0.5235294117647059 0.2594142259414226 0.16705882352941176
0 0.5387029288702929 0.3070588235294118 0.06903765690376569 0.05176470588235294
0 0.9801255230125523 0.26588235294117646 0.0397489539748954 0.021176470588235293
0 0.9246861924686193 0.23588235294117646 0.06276150627615062 0.05764705882352941
0 0.5920502092050209 0.21823529411764706 0.08786610878661087 0.03411764705882353
0 0.6014644351464435 0.15176470588235294 0.08158995815899582 0.06823529411764706
