0 0.43278301886792453 0.854602510460251 0.0330188679245283 0.027196652719665274
0 0.42452830188679247 0.8315899581589958 0.1391509433962264 0.043933054393305436
0 0.6385613207547169 0.6725941422594143 0.024764150943396228 0.06903765690376569
0 0.6933962264150944 0.6610878661087866 0.02358490566037736 0.05439330543933055
0 0.6662735849056604 0.6673640167364017 0.0330188679245283 0.07112970711297072
0 0.7435141509433962 0.6485355648535565 0.020047169811320754 0.05439330543933055
0 0.30129716981132076 0.2625523012552301 0.09787735849056604 0.06903765690376569
0 0.40035377358490565 0.252092050209205 0.09316037735849056 0.06903765690376569
0 0.9510613207547169 0.20188284518828453 0.041273584905660375 0.0899581589958159
0 0.14681603773584906 0.1506276150627615 0.19693396226415094 0.1087866108786611
0 0.6385613207547169 0.12447698744769875 0.15919811320754718 0.08577405857740586
0 0.9864386792452831 0.013598326359832637 0.027122641509433963 0.027196652719665274
