0 0.5700836820083682 0.8241176470588235 0.1192468619246862 0.05764705882352941
0 0.42887029288702927 0.8147058823529412 0.07112970711297072 0.03882352941176471
0 0.6182008368200836 0.7688235294117647 0.09832635983263599 0.024705882352941175
0 0.46548117154811713 0.7723529411764706 0.04811715481171548 0.04588235294117647
0 0.6255230125523012 0.6670588235294118 0.03347280334728033 0.04470588235294118
0 0.6893305439330544 0.6105882352941177 0.12761506276150628 0.2776470588235294
0 0.30962343096234307 0.23176470588235293 0.04602510460251046 0.03529411764705882
0 0.5585774058577406 0.2235294117647059 0.1799163179916318 0.04
0 0.9278242677824268 0.18941176470588236 0.07322175732217573 0.06352941176470588
0 0.1589958158995816 0.17 0.03765690376569038 0.024705882352941175
0 0.9518828451882845 0.11941176470588236 0.02510460251046025 0.029411764705882353
0 0.1297071129707113 0.11470588235294117 0.07531380753138076 0.06235294117647059
0 0.5920502092050209 0.09647058823529411 0.08368200836820083 0.15058823529411763
0 0.060669456066945605 0.007058823529411765 0.0502092050209205 0.01411764705882353
