0 0.4006276150627615 0.99 0.027196652719665274 0.02
0 0.8263598326359832 0.5594117647058824 0.3472803347280335 0.024705882352941175
0 0.6757322175732218 0.4511764705882353 0.016736401673640166 0.04352941176470588
0 0.9895397489539749 0.4464705882352941 0.02092050209205021 0.06
0 0.7573221757322176 0.4511764705882353 0.10460251046025104 0.10941176470588235
0 0.8828451882845189 0.4047058823529412 0.12552301255230125 0.023529411764705882
0 0.4884937238493724 0.21588235294117647 0.16108786610878661 0.03411764705882353
0 0.6757322175732218 0.17294117647058824 0.15481171548117154 0.07294117647058823
0 0.8838912133891214 0.08588235294117647 0.06485355648535565 0.018823529411764704
0 0.3294979079497908 0.06588235294117648 0.03556485355648536 0.07529411764705882
0 0.49476987447698745 0.05 0.06485355648535565 0.1
0 0.13284518828451883 0.05235294117647059 0.07322175732217573 0.10470588235294118
