0 0.8315899581589958 0.5576470588235294 0.3368200836820084 0.02823529411764706
0 0.6757322175732218 0.4511764705882353 0.016736401673640166 0.04352941176470588
0 0.9895397489539749 0.4464705882352941 0.02092050209205021 0.06
0 0.7562761506276151 0.4511764705882353 0.10669456066945607 0.10941176470588235
0 0.9163179916317992 0.40352941176470586 0.058577405857740586 0.021176470588235293
0 0.47594142259414224 0.20294117647058824 0.1694560669456067 0.03411764705882353
0 0.6736401673640168 0.17058823529411765 0.1589958158995816 0.07764705882352942
0 0.8880753138075314 0.08529411764705883 0.06903765690376569 0.02
0 0.3274058577405858 0.06411764705882353 0.03556485355648536 0.07647058823529412
0 0.49476987447698745 0.05 0.06485355648535565 0.1
0 0.13179916317991633 0.05235294117647059 0.07112970711297072 0.10470588235294118
