0 0.3190376569037657 0.8047058823529412 0.07322175732217573 0.04
0 0.7782426778242678 0.8382352941176471 0.0794979079497908 0.12117647058823529
0 0.7730125523012552 0.7123529411764706 0.08158995815899582 0.12352941176470589
0 0.11820083682008369 0.658235294117647 0.06485355648535565 0.10705882352941176
0 0.5324267782426778 0.5764705882352941 0.10669456066945607 0.03764705882352941
0 0.5794979079497908 0.5511764705882353 0.07112970711297072 0.01764705882352941
0 0.7677824267782427 0.5894117647058823 0.08368200836820083 0.11294117647058824
0 0.7834728033472803 0.5435294117647059 0.043933054393305436 0.02588235294117647
0 0.5899581589958159 0.5358823529411765 0.15481171548117154 0.04588235294117647
0 0.4110878661087866 0.5464705882352942 0.11506276150627615 0.0976470588235294
0 0.25418410041841005 0.7041176470588235 0.29497907949790797 0.4152941176470588
0 0.9309623430962343 0.51 0.09205020920502092 0.04352941176470588
0 0.5251046025104602 0.5111764705882353 0.1506276150627615 0.04588235294117647
0 0.5 0.47 0.06276150627615062 0.03176470588235294
0 0.4215481171548117 0.4641176470588235 0.04811715481171548 0.027058823529411764
0 0.5094142259414226 0.44176470588235295 0.04811715481171548 0.027058823529411764
0 0.4393305439330544 0.4229411764705882 0.05439330543933055 0.05058823529411765
0 0.9497907949790795 0.41 0.06276150627615062 0.029411764705882353
0 0.946652719665272 0.38058823529411767 0.10669456066945607 0.06235294117647059
0 0.9142259414225942 0.29411764705882354 0.13807531380753138 0.08470588235294117
0 0.060669456066945605 0.2288235294117647 0.12133891213389121 0.1188235294117647
0 0.08263598326359832 0.15705882352941178 0.16527196652719664 0.12823529411764706
0 0.060669456066945605 0.03529411764705882 0.05439330543933055 0.03058823529411765
