0 0.3305439330543933 0.8041176470588235 0.06276150627615062 0.04352941176470588
0 0.7907949790794979 0.7123529411764706 0.0794979079497908 0.12117647058823529
0 0.11820083682008369 0.6617647058823529 0.060669456066945605 0.10705882352941176
0 0.549163179916318 0.5747058823529412 0.10669456066945607 0.05058823529411765
0 0.7824267782426778 0.5441176470588235 0.07531380753138076 0.03176470588235294
0 0.6202928870292888 0.5347058823529411 0.2112970711297071 0.05764705882352941
0 0.9278242677824268 0.5076470588235295 0.09832635983263599 0.04823529411764706
0 0.5156903765690377 0.4776470588235294 0.04811715481171548 0.02588235294117647
0 0.4382845188284519 0.46705882352941175 0.04811715481171548 0.02588235294117647
0 0.9884937238493724 0.43588235294117644 0.02301255230125523 0.029411764705882353
0 0.4027196652719665 0.40941176470588236 0.0397489539748954 0.023529411764705882
0 0.9456066945606695 0.3835294117647059 0.1087866108786611 0.07294117647058823
0 0.9121338912133892 0.29411764705882354 0.14225941422594143 0.08470588235294117
0 0.058577405857740586 0.22764705882352942 0.11715481171548117 0.11647058823529412
0 0.08577405857740586 0.1564705882352941 0.17154811715481172 0.12705882352941175
0 0.05753138075313807 0.03470588235294118 0.056485355648535567 0.03176470588235294
0 0.8493723849372385 0.047058823529411764 0.08368200836820083 0.09411764705882353
