0 0.5 0.9215481171548117 1.0 0.15690376569037656
0 0.9204009433962265 0.8127615062761506 0.060141509433962265 0.04811715481171548
0 0.75 0.7311715481171548 0.07075471698113207 0.03556485355648536
0 0.8920990566037735 0.6349372384937239 0.08608490566037735 0.13598326359832635
0 0.28596698113207547 0.46338912133891214 0.1332547169811321 0.06903765690376569
0 0.7093160377358491 0.3577405857740586 0.020047169811320754 0.06276150627615062
0 0.9239386792452831 0.4121338912133891 0.15212264150943397 0.17573221757322174
0 0.7865566037735849 0.24476987447698745 0.04716981132075472 0.058577405857740586
0 0.7706367924528302 0.18410041841004185 0.07900943396226415 0.06276150627615062
0 0.7423349056603774 0.1192468619246862 0.020047169811320754 0.05439330543933055
0 0.9321933962264151 0.11506276150627615 0.13561320754716982 0.07112970711297072
0 0.722877358490566 0.02405857740585774 0.12971698113207547 0.04811715481171548
0 0.07783018867924528 0.030334728033472803 0.04481132075471698 0.060669456066945605
