0 0.04068396226415094 0.9309623430962343 0.08136792452830188 0.04602510460251046
0 0.01768867924528302 0.8158995815899581 0.02830188679245283 0.016736401673640166
0 0.8938679245283019 0.5794979079497908 0.0330188679245283 0.04184100418410042
0 0.7093160377358491 0.5742677824267782 0.0695754716981132 0.10669456066945607
0 0.7629716981132075 0.44037656903765693 0.02830188679245283 0.03556485355648536
0 0.8260613207547169 0.42782426778242677 0.027122641509433963 0.060669456066945605
0 0.9162735849056604 0.42573221757322177 0.02358490566037736 0.060669456066945605
0 0.8048349056603774 0.36610878661087864 0.01768867924528302 0.04184100418410042
0 0.84375 0.29602510460251047 0.1332547169811321 0.03556485355648536
0 0.5577830188679245 0.2395397489539749 0.29009433962264153 0.010460251046025104
0 0.6544811320754716 0.20292887029288703 0.08962264150943396 0.06276150627615062
0 0.5601415094339622 0.20188284518828453 0.09198113207547169 0.06485355648535565
0 0.42806603773584906 0.19874476987447698 0.025943396226415096 0.06276150627615062
0 0.7317216981132075 0.07217573221757322 0.0625 0.01882845188284519
0 0.5678066037735849 0.10146443514644352 0.09080188679245282 0.08158995815899582
0 0.16037735849056603 0.07112970711297072 0.0330188679245283 0.02092050209205021
