0 0.9288702928870293 0.7335294117647059 0.0502092050209205 0.05058823529411765
0 0.9560669456066946 0.6876470588235294 0.05439330543933055 0.08823529411764706
0 0.6328451882845189 0.5576470588235294 0.19456066945606695 0.05647058823529412
0 0.4299163179916318 0.5429411764705883 0.2615062761506276 0.07882352941176471
0 0.25732217573221755 0.4894117647058824 0.1589958158995816 0.03529411764705882
0 0.3253138075313807 0.48176470588235293 0.043933054393305436 0.03176470588235294
0 0.3514644351464435 0.4688235294117647 0.03347280334728033 0.07647058823529412
0 0.26464435146443516 0.42470588235294116 0.13598326359832635 0.009411764705882352
0 0.038702928870292884 0.44176470588235295 0.07740585774058577 0.07411764705882352
0 0.2824267782426778 0.33941176470588236 0.029288702928870293 0.09058823529411765
0 0.3587866108786611 0.3058823529411765 0.15271966527196654 0.08235294117647059
0 0.6485355648535565 0.27941176470588236 0.058577405857740586 0.04352941176470588
0 0.4790794979079498 0.24823529411764705 0.09623430962343096 0.018823529411764704
0 0.24476987447698745 0.29058823529411765 0.09205020920502092 0.12
0 0.28765690376569036 0.23058823529411765 0.0899581589958159 0.01647058823529412
0 0.6694560669456067 0.22470588235294117 0.22594142259414227 0.07529411764705882
0 0.946652719665272 0.20352941176470588 0.10669456066945607 0.03529411764705882
0 0.08891213389121339 0.09235294117647058 0.08577405857740586 0.029411764705882353
0 0.2290794979079498 0.07470588235294118 0.09832635983263599 0.029411764705882353
0 0.5209205020920502 0.0688235294117647 0.2301255230125523 0.05058823529411765
0 0.9884937238493724 0.06470588235294118 0.02301255230125523 0.04470588235294118
0 0.952928870292887 0.0611764705882353 0.04811715481171548 0.03764705882352941
0 0.9633891213389121 0.017058823529411765 0.07322175732217573 0.03411764705882353
0 0.8263598326359832 0.029411764705882353 0.1506276150627615 0.058823529411764705
0 0.7228033472803347 0.03588235294117647 0.05230125523012552 0.07176470588235294
0 0.348326359832636 0.03705882352941176 0.1108786610878661 0.07411764705882352
0 0.0198744769874477 0.04176470588235294 0.0397489539748954 0.08352941176470588
