0 0.6904481132075472 0.9225941422594143 0.0294811320754717 0.029288702928870293
0 0.6933962264150944 0.8859832635983264 0.030660377358490566 0.03138075313807531
0 0.1821933962264151 0.7573221757322176 0.060141509433962265 0.04184100418410042
0 0.04540094339622641 0.7677824267782427 0.060141509433962265 0.07112970711297072
0 0.12853773584905662 0.6935146443514645 0.07311320754716981 0.08158995815899582
0 0.5336084905660378 0.6527196652719666 0.03419811320754717 0.016736401673640166
0 0.8012971698113207 0.6317991631799164 0.02240566037735849 0.09205020920502092
0 0.09846698113207547 0.5313807531380753 0.060141509433962265 0.07531380753138076
0 0.8048349056603774 0.5282426778242678 0.027122641509433963 0.08158995815899582
0 0.5801886792452831 0.3922594142259414 0.025943396226415096 0.056485355648535567
0 0.6185141509433962 0.19874476987447698 0.0695754716981132 0.03765690376569038
0 0.39917452830188677 0.20606694560669456 0.027122641509433963 0.17364016736401675
0 0.8319575471698113 0.14958158995815898 0.015330188679245283 0.06903765690376569
0 0.22818396226415094 0.14435146443514643 0.031839622641509434 0.06276150627615062
0 0.44752358490566035 0.20188284518828453 0.07193396226415094 0.19456066945606695
0 0.1892688679245283 0.10146443514644352 0.04363207547169811 0.06903765690376569
0 0.2617924528301887 0.06485355648535565 0.07783018867924528 0.06694560669456066
0 0.6061320754716981 0.08054393305439331 0.09198113207547169 0.10669456066945607
0 0.6627358490566038 0.09205020920502092 0.05188679245283019 0.1506276150627615
0 0.36202830188679247 0.03556485355648536 0.025943396226415096 0.03765690376569038
0 0.7511792452830188 0.08263598326359832 0.01179245283018868 0.16527196652719664
0 0.5943396226415094 0.013598326359832637 0.125 0.027196652719665274
