0 0.0330188679245283 0.8441422594142259 0.05660377358490566 0.0397489539748954
0 0.2659198113207547 0.6746861924686193 0.045990566037735846 0.04811715481171548
0 0.04893867924528302 0.5156903765690377 0.027122641509433963 0.04811715481171548
0 0.2971698113207547 0.7301255230125523 0.014150943396226415 0.5062761506276151
0 0.03125 0.47594142259414224 0.0625 0.07322175732217573
0 0.47464622641509435 0.4801255230125523 0.060141509433962265 0.10251046025104603
0 0.5701650943396226 0.33368200836820083 0.08608490566037735 0.15690376569037656
0 0.20636792452830188 0.2604602510460251 0.030660377358490566 0.07322175732217573
0 0.6933962264150944 0.19665271966527198 0.04481132075471698 0.08368200836820083
0 0.5678066037735849 0.18828451882845187 0.20872641509433962 0.07531380753138076
0 0.2099056603773585 0.21652719665271966 0.04481132075471698 0.13598326359832635
0 0.08195754716981132 0.14748953974895398 0.027122641509433963 0.04811715481171548
0 0.5123820754716981 0.10669456066945607 0.04834905660377359 0.03765690376569038
0 0.04658018867924528 0.09728033472803348 0.09316037735849056 0.09414225941422594
0 0.36615566037735847 0.02615062761506276 0.03891509433962264 0.01882845188284519
0 0.5524764150943396 0.03556485355648536 0.01061320754716981 0.07112970711297072
0 0.4722877358490566 0.06589958158995816 0.07900943396226415 0.13179916317991633
0 0.23820754716981132 0.02301255230125523 0.014150943396226415 0.04602510460251046
