0 0.9027196652719666 0.7164705882352941 0.03556485355648536 0.03529411764705882
0 0.854602510460251 0.7047058823529412 0.03556485355648536 0.03529411764705882
0 0.8138075313807531 0.7023529411764706 0.03347280334728033 0.03529411764705882
0 0.7740585774058577 0.7 0.029288702928870293 0.03529411764705882
0 0.3472803347280335 0.6335294117647059 0.15481171548117154 0.07411764705882352
0 0.5418410041841004 0.2994117647058824 0.8117154811715481 0.06470588235294118
0 0.18723849372384938 0.27294117647058824 0.06903765690376569 0.05176470588235294
0 0.5596234309623431 0.2511764705882353 0.8179916317991632 0.027058823529411764
0 0.8807531380753139 0.18823529411764706 0.04602510460251046 0.03058823529411765
0 0.5721757322175732 0.17470588235294118 0.07740585774058577 0.04823529411764706
0 0.07845188284518828 0.05235294117647059 0.15690376569037656 0.029411764705882353
0 0.9560669456066946 0.033529411764705884 0.08786610878661087 0.015294117647058824
