0 0.17573221757322174 0.9905882352941177 0.02510460251046025 0.018823529411764704
0 0.13702928870292888 0.9858823529411764 0.027196652719665274 0.023529411764705882
0 0.5836820083682008 0.92 0.2301255230125523 0.06588235294117648
0 0.7583682008368201 0.8858823529411765 0.14435146443514643 0.02823529411764706
0 0.9361924686192469 0.5605882352941176 0.12761506276150628 0.04352941176470588
0 0.46129707112970714 0.45 0.18200836820083682 0.03882352941176471
0 0.9351464435146444 0.3864705882352941 0.1297071129707113 0.03176470588235294
0 0.49372384937238495 0.34941176470588237 0.12552301255230125 0.042352941176470586
0 0.8483263598326359 0.28823529411764703 0.06903765690376569 0.011764705882352941
0 0.9309623430962343 0.23411764705882354 0.13807531380753138 0.08470588235294117
0 0.48430962343096234 0.08529411764705883 0.0397489539748954 0.03411764705882353
0 0.37552301255230125 0.036470588235294116 0.03556485355648536 0.047058823529411764
0 0.946652719665272 0.03764705882352941 0.07322175732217573 0.07529411764705882
