0 0.7688284518828452 0.7005882352941176 0.07322175732217573 0.012941176470588235
0 0.6359832635983264 0.6958823529411765 0.07112970711297072 0.010588235294117647
0 0.5523012552301255 0.54 0.0794979079497908 0.042352941176470586
0 0.45292887029288703 0.5305882352941177 0.1108786610878661 0.0611764705882353
0 0.9539748953974896 0.4858823529411765 0.09205020920502092 0.011764705882352941
0 0.9801255230125523 0.4423529411764706 0.0397489539748954 0.05647058823529412
0 0.013598326359832637 0.4164705882352941 0.027196652719665274 0.023529411764705882
0 0.9037656903765691 0.4288235294117647 0.12552301255230125 0.05058823529411765
0 0.0899581589958159 0.3247058823529412 0.1799163179916318 0.05411764705882353
0 0.04811715481171548 0.19705882352941176 0.09623430962343096 0.02235294117647059
0 0.06485355648535565 0.08470588235294117 0.1297071129707113 0.021176470588235293
0 0.36401673640167365 0.08 0.1087866108786611 0.018823529411764704
