0 0.9194560669456067 0.7 0.14853556485355648 0.01647058823529412
0 0.9769874476987448 0.6105882352941177 0.04602510460251046 0.042352941176470586
0 0.797071129707113 0.6052941176470589 0.04602510460251046 0.03882352941176471
0 0.9728033472803347 0.5735294117647058 0.05439330543933055 0.036470588235294116
0 0.18200836820083682 0.6564705882352941 0.03347280334728033 0.2776470588235294
0 0.8901673640167364 0.5729411764705883 0.07322175732217573 0.12470588235294118
0 0.8420502092050209 0.4823529411764706 0.11506276150627615 0.02588235294117647
0 0.28661087866108786 0.45941176470588235 0.058577405857740586 0.01764705882352941
0 0.02615062761506276 0.4929411764705882 0.05230125523012552 0.10588235294117647
0 0.09937238493723849 0.3588235294117647 0.19874476987447698 0.07294117647058823
0 0.8430962343096234 0.3123529411764706 0.07531380753138076 0.02235294117647059
0 0.6077405857740585 0.27 0.12343096234309624 0.03176470588235294
0 0.4769874476987448 0.26529411764705885 0.1297071129707113 0.03176470588235294
0 0.9414225941422594 0.20352941176470588 0.11715481171548117 0.09411764705882353
0 0.8849372384937239 0.1635294117647059 0.10460251046025104 0.04
0 0.9602510460251046 0.09529411764705882 0.0794979079497908 0.02588235294117647
0 0.9194560669456067 0.7 0.14853556485355648 0.01647058823529412
0 0.9769874476987448 0.6105882352941177 0.04602510460251046 0.042352941176470586
0 0.797071129707113 0.6052941176470589 0.04602510460251046 0.03882352941176471
0 0.9728033472803347 0.5735294117647058 0.05439330543933055 0.036470588235294116
0 0.18200836820083682 0.6564705882352941 0.03347280334728033 0.2776470588235294
0 0.8901673640167364 0.5729411764705883 0.07322175732217573 0.12470588235294118
0 0.8420502092050209 0.4823529411764706 0.11506276150627615 0.02588235294117647
0 0.28661087866108786 0.45941176470588235 0.058577405857740586 0.01764705882352941
0 0.02615062761506276 0.4929411764705882 0.05230125523012552 0.10588235294117647
0 0.09937238493723849 0.3588235294117647 0.19874476987447698 0.07294117647058823
0 0.8430962343096234 0.3123529411764706 0.07531380753138076 0.02235294117647059
0 0.6077405857740585 0.27 0.12343096234309624 0.03176470588235294
0 0.4769874476987448 0.26529411764705885 0.1297071129707113 0.03176470588235294
0 0.9414225941422594 0.20352941176470588 0.11715481171548117 0.09411764705882353
0 0.8849372384937239 0.1635294117647059 0.10460251046025104 0.04
0 0.9602510460251046 0.09529411764705882 0.0794979079497908 0.02588235294117647
