0 0.6621338912133892 0.8511764705882353 0.1401673640167364 0.11411764705882353
0 0.6631799163179917 0.7770588235294118 0.058577405857740586 0.03176470588235294
0 0.7238493723849372 0.7841176470588235 0.0502092050209205 0.09294117647058824
0 0.9853556485355649 0.7376470588235294 0.029288702928870293 0.06588235294117648
0 0.25313807531380755 0.5747058823529412 0.13807531380753138 0.06470588235294118
0 0.4393305439330544 0.5611764705882353 0.04184100418410042 0.047058823529411764
0 0.36297071129707115 0.5641176470588235 0.10669456066945607 0.06
0 0.4769874476987448 0.5447058823529412 0.029288702928870293 0.04
0 0.5209205020920502 0.5470588235294118 0.058577405857740586 0.04941176470588235
0 0.09100418410041841 0.5841176470588235 0.18200836820083682 0.12588235294117647
0 0.5523012552301255 0.5252941176470588 0.03347280334728033 0.024705882352941175
0 0.4560669456066946 0.48 0.3598326359832636 0.01411764705882353
0 0.13179916317991633 0.3547058823529412 0.26359832635983266 0.015294117647058824
0 0.40794979079497906 0.33176470588235296 0.2719665271966527 0.03294117647058824
0 0.11297071129707113 0.3235294117647059 0.06276150627615062 0.047058823529411764
0 0.0397489539748954 0.32294117647058823 0.06276150627615062 0.052941176470588235
0 0.1788702928870293 0.31058823529411766 0.060669456066945605 0.03764705882352941
0 0.23744769874476987 0.31 0.04811715481171548 0.04588235294117647
0 0.3117154811715481 0.3070588235294118 0.08786610878661087 0.05411764705882353
0 0.6725941422594143 0.2311764705882353 0.20292887029288703 0.05058823529411765
0 0.4246861924686193 0.03529411764705882 0.11297071129707113 0.07058823529411765
