0 0.48879716981132076 0.7792887029288703 0.10495283018867925 0.056485355648535567
0 0.6415094339622641 0.7594142259414226 0.0660377358490566 0.0502092050209205
0 0.23231132075471697 0.7311715481171548 0.10849056603773585 0.06485355648535565
0 0.21875 0.7050209205020921 0.12382075471698113 0.07531380753138076
0 0.1403301886792453 0.6767782426778243 0.014150943396226415 0.056485355648535567
0 0.392688679245283 0.6600418410041841 0.02358490566037736 0.056485355648535567
0 0.15566037735849056 0.6610878661087866 0.014150943396226415 0.06694560669456066
0 0.6933962264150944 0.6443514644351465 0.20047169811320756 0.04184100418410042
0 0.2016509433962264 0.6788702928870293 0.2099056603773585 0.14853556485355648
0 0.1704009433962264 0.645397489539749 0.015330188679245283 0.08158995815899582
0 0.18632075471698112 0.6401673640167364 0.01650943396226415 0.07531380753138076
0 0.7063679245283019 0.6108786610878661 0.1957547169811321 0.029288702928870293
0 0.22169811320754718 0.6202928870292888 0.02122641509433962 0.06485355648535565
0 0.23761792452830188 0.6035564853556485 0.027122641509433963 0.07322175732217573
0 0.7163915094339622 0.5742677824267782 0.19221698113207547 0.03556485355648536
0 0.25412735849056606 0.5857740585774058 0.03419811320754717 0.07531380753138076
0 0.27122641509433965 0.5742677824267782 0.04245283018867924 0.07740585774058577
0 0.29068396226415094 0.5596234309623431 0.045990566037735846 0.07322175732217573
0 0.4268867924528302 0.5732217573221757 0.04716981132075472 0.11297071129707113
0 0.3095518867924528 0.5481171548117155 0.04834905660377359 0.07531380753138076
0 0.39504716981132076 0.553347280334728 0.08490566037735849 0.20292887029288703
0 0.3643867924528302 0.5083682008368201 0.12264150943396226 0.16317991631799164
0 0.5412735849056604 0.47280334728033474 0.08254716981132075 0.100418410041841
0 0.9274764150943396 0.5449790794979079 0.03891509433962264 0.37447698744769875
0 0.6267688679245284 0.36610878661087864 0.1875 0.016736401673640166
0 0.6332547169811321 0.3410041841004184 0.18632075471698112 0.016736401673640166
0 0.10259433962264151 0.3619246861924686 0.02358490566037736 0.06276150627615062
0 0.12794811320754718 0.35355648535564854 0.02240566037735849 0.06694560669456066
0 0.15212264150943397 0.34518828451882844 0.02358490566037736 0.06694560669456066
0 0.6420990566037735 0.3169456066945607 0.18514150943396226 0.01882845188284519
0 0.17511792452830188 0.3378661087866109 0.020047169811320754 0.06485355648535565
0 0.28891509433962265 0.3054393305439331 0.02358490566037736 0.06276150627615062
0 0.7122641509433962 0.28661087866108786 0.05660377358490566 0.03765690376569038
0 0.14268867924528303 0.3493723849372385 0.1391509433962264 0.20502092050209206
0 0.27476415094339623 0.3064853556485356 0.09198113207547169 0.17364016736401675
0 0.8207547169811321 0.1809623430962343 0.08490566037735849 0.08158995815899582
0 0.7930424528301887 0.11297071129707113 0.041273584905660375 0.07112970711297072
0 0.7087264150943396 0.12761506276150628 0.07075471698113207 0.13807531380753138
0 0.7818396226415094 0.04288702928870293 0.02122641509433962 0.060669456066945605
0 0.8726415094339622 0.11401673640167365 0.02830188679245283 0.2280334728033473
0 0.43160377358490565 0.02510460251046025 0.07783018867924528 0.0502092050209205
0 0.1792452830188679 0.053347280334728034 0.07783018867924528 0.10669456066945607
0 0.05837264150943396 0.06799163179916318 0.11674528301886793 0.13598326359832635
0 0.011202830188679245 0.027196652719665274 0.02240566037735849 0.05439330543933055
