0 0.032426778242677826 0.9052941176470588 0.06485355648535565 0.012941176470588235
0 0.39539748953974896 0.8247058823529412 0.20920502092050208 0.04
0 0.1893305439330544 0.5435294117647059 0.06485355648535565 0.04941176470588235
0 0.38284518828451886 0.5335294117647059 0.05439330543933055 0.04823529411764706
0 0.1087866108786611 0.5417647058823529 0.09623430962343096 0.07176470588235294
0 0.6276150627615062 0.5258823529411765 0.09205020920502092 0.05176470588235294
0 0.47489539748953974 0.5264705882352941 0.05439330543933055 0.06705882352941177
0 0.3002092050209205 0.48705882352941177 0.056485355648535567 0.023529411764705882
0 0.952928870292887 0.5029411764705882 0.09414225941422594 0.12352941176470589
0 0.49267782426778245 0.2529411764705882 0.1108786610878661 0.021176470588235293
0 0.7071129707112971 0.2529411764705882 0.18828451882845187 0.04470588235294118
0 0.29602510460251047 0.14058823529411765 0.1192468619246862 0.027058823529411764
0 0.41841004184100417 0.13588235294117648 0.13389121338912133 0.041176470588235294
0 0.9089958158995816 0.1 0.03138075313807531 0.018823529411764704
0 0.805439330543933 0.10411764705882352 0.15481171548117154 0.04588235294117647
0 0.29811715481171547 0.08529411764705883 0.08158995815899582 0.06470588235294118
0 0.8619246861924686 0.031176470588235295 0.14644351464435146 0.03176470588235294
0 0.25627615062761505 0.02823529411764706 0.07322175732217573 0.03529411764705882
0 0.4372384937238494 0.0488235294117647 0.12133891213389121 0.08352941176470588
0 0.7416317991631799 0.01588235294117647 0.043933054393305436 0.03176470588235294
