0 0.5062761506276151 0.97 0.14225941422594143 0.03176470588235294
0 0.24476987447698745 0.8211764705882353 0.04602510460251046 0.02588235294117647
0 0.45188284518828453 0.831764705882353 0.16736401673640167 0.07294117647058823
0 0.5313807531380753 0.7594117647058823 0.10460251046025104 0.06235294117647059
0 0.698744769874477 0.7405882352941177 0.13389121338912133 0.08588235294117647
0 0.22489539748953974 0.69 0.060669456066945605 0.08588235294117647
0 0.11506276150627615 0.44529411764705884 0.03765690376569038 0.03411764705882353
0 0.9424686192468619 0.45176470588235296 0.11506276150627615 0.0611764705882353
0 0.8723849372384938 0.42823529411764705 0.02092050209205021 0.04470588235294118
0 0.14748953974895398 0.4652941176470588 0.07322175732217573 0.19411764705882353
0 0.9780334728033473 0.3347058823529412 0.043933054393305436 0.036470588235294116
0 0.9184100418410042 0.32529411764705884 0.0794979079497908 0.02235294117647059
0 0.14958158995815898 0.33176470588235296 0.1192468619246862 0.1223529411764706
0 0.9142259414225942 0.1776470588235294 0.17154811715481172 0.047058823529411764
0 0.6422594142259415 0.17176470588235293 0.058577405857740586 0.04
0 0.6851464435146444 0.17529411764705882 0.16527196652719664 0.06352941176470588
