0 0.06898584905660378 0.7887029288702929 0.13797169811320756 0.09205020920502092
0 0.9858490566037735 0.7468619246861925 0.02830188679245283 0.02510460251046025
0 0.8242924528301887 0.7050209205020921 0.0330188679245283 0.03765690376569038
0 0.9375 0.6443514644351465 0.125 0.09205020920502092
0 0.6698113207547169 0.33577405857740583 0.08726415094339622 0.06485355648535565
0 0.6692216981132075 0.2698744769874477 0.08844339622641509 0.06276150627615062
0 0.6662735849056604 0.303347280334728 0.09669811320754718 0.15481171548117154
0 0.015919811320754717 0.1694560669456067 0.031839622641509434 0.03347280334728033
0 0.38266509433962265 0.12238493723849372 0.03419811320754717 0.03138075313807531
0 0.1409198113207547 0.01882845188284519 0.041273584905660375 0.03765690376569038
0 0.05660377358490566 0.01882845188284519 0.04245283018867924 0.03765690376569038
