0 0.8472877358490566 0.8682008368200836 0.04834905660377359 0.07531380753138076
0 0.7352594339622641 0.7248953974895398 0.07429245283018868 0.10669456066945607
0 0.7140330188679245 0.6098326359832636 0.0294811320754717 0.03556485355648536
0 0.8172169811320755 0.6171548117154811 0.049528301886792456 0.05439330543933055
0 0.6715801886792453 0.5156903765690377 0.07429245283018868 0.05230125523012552
0 0.27712264150943394 0.5062761506276151 0.01650943396226415 0.06694560669456066
0 0.9398584905660378 0.4895397489539749 0.04009433962264151 0.04602510460251046
0 0.294811320754717 0.46234309623430964 0.01650943396226415 0.14644351464435146
0 0.8584905660377359 0.2918410041841004 0.08726415094339622 0.056485355648535567
0 0.19398584905660377 0.1506276150627615 0.0294811320754717 0.03347280334728033
0 0.2535377358490566 0.151673640167364 0.030660377358490566 0.0397489539748954
0 0.4540094339622642 0.12133891213389121 0.02122641509433962 0.07531380753138076
0 0.5489386792452831 0.11715481171548117 0.031839622641509434 0.08368200836820083
0 0.36615566037735847 0.09937238493723849 0.045990566037735846 0.12343096234309624
0 0.9569575471698113 0.07426778242677824 0.08608490566037735 0.14853556485355648
0 0.7016509433962265 0.05439330543933055 0.04481132075471698 0.1087866108786611
0 0.5495283018867925 0.05439330543933055 0.0330188679245283 0.1087866108786611
0 0.4946933962264151 0.0794979079497908 0.0625 0.1589958158995816
0 0.2623820754716981 0.056485355648535567 0.036556603773584904 0.11297071129707113
0 0.1963443396226415 0.058577405857740586 0.031839622641509434 0.11715481171548117
