0 0.4445606694560669 0.9935294117647059 0.0899581589958159 0.012941176470588235
0 0.9435146443514645 0.9629411764705882 0.04184100418410042 0.01764705882352941
0 0.9330543933054394 0.8394117647058823 0.02092050209205021 0.17058823529411765
0 0.7855648535564853 0.63 0.0899581589958159 0.015294117647058824
0 0.950836820083682 0.49176470588235294 0.07740585774058577 0.04470588235294118
0 0.7876569037656904 0.4964705882352941 0.18619246861924685 0.08470588235294117
0 0.058577405857740586 0.3564705882352941 0.11715481171548117 0.042352941176470586
0 0.9811715481171548 0.32941176470588235 0.03765690376569038 0.02588235294117647
0 0.9351464435146444 0.38235294117647056 0.06276150627615062 0.13647058823529412
0 0.8807531380753139 0.3235294117647059 0.09623430962343096 0.02588235294117647
0 0.8023012552301255 0.37941176470588234 0.06485355648535565 0.1423529411764706
0 0.7573221757322176 0.3211764705882353 0.11297071129707113 0.03294117647058824
0 0.6872384937238494 0.3729411764705882 0.060669456066945605 0.1411764705882353
0 0.9832635983263598 0.28058823529411764 0.02510460251046025 0.041176470588235294
0 0.9173640167364017 0.26705882352941174 0.03138075313807531 0.0611764705882353
0 0.950836820083682 0.26529411764705885 0.03138075313807531 0.07176470588235294
0 0.20711297071129708 0.2641176470588235 0.0502092050209205 0.12588235294117647
0 0.9874476987447699 0.22647058823529412 0.02510460251046025 0.07647058823529412
0 0.7792887029288703 0.10058823529411764 0.11506276150627615 0.03176470588235294
0 0.5230125523012552 0.09058823529411765 0.05439330543933055 0.023529411764705882
0 0.2834728033472803 0.09 0.060669456066945605 0.09529411764705882
