0 0.4456066945606695 0.9552941176470588 0.10460251046025104 0.01647058823529412
0 0.23326359832635984 0.9464705882352941 0.20292887029288703 0.041176470588235294
0 0.6610878661087866 0.92 0.13807531380753138 0.06352941176470588
0 0.5815899581589958 0.8905882352941177 0.19246861924686193 0.1223529411764706
0 0.7374476987447699 0.8247058823529412 0.12761506276150628 0.09176470588235294
0 0.8138075313807531 0.7170588235294117 0.029288702928870293 0.10235294117647059
0 0.3776150627615063 0.5111764705882353 0.09832635983263599 0.03176470588235294
0 0.9518828451882845 0.40294117647058825 0.09623430962343096 0.11647058823529412
0 0.7144351464435147 0.2447058823529412 0.15271966527196654 0.04
0 0.6663179916317992 0.20176470588235293 0.043933054393305436 0.03882352941176471
0 0.9382845188284519 0.2211764705882353 0.07740585774058577 0.13647058823529412
0 0.9142259414225942 0.12294117647058823 0.058577405857740586 0.024705882352941175
0 0.9864016736401674 0.12823529411764706 0.027196652719665274 0.05411764705882353
