0 0.50418410041841 0.8829411764705882 0.029288702928870293 0.02235294117647059
0 0.348326359832636 0.8505882352941176 0.05230125523012552 0.02823529411764706
0 0.39330543933054396 0.8435294117647059 0.0502092050209205 0.04470588235294118
0 0.5972803347280334 0.8123529411764706 0.0899581589958159 0.03411764705882353
0 0.5930962343096234 0.7558823529411764 0.05230125523012552 0.04588235294117647
0 0.2688284518828452 0.7482352941176471 0.060669456066945605 0.042352941176470586
0 0.4205020920502092 0.6788235294117647 0.03765690376569038 0.042352941176470586
0 0.08682008368200837 0.7029411764705882 0.17364016736401675 0.10941176470588235
0 0.07740585774058577 0.5911764705882353 0.08368200836820083 0.03176470588235294
0 0.6119246861924686 0.6435294117647059 0.16527196652719664 0.1388235294117647
0 0.42677824267782427 0.6005882352941176 0.058577405857740586 0.0811764705882353
0 0.5868200836820083 0.5594117647058824 0.0397489539748954 0.02
0 0.06276150627615062 0.5658823529411765 0.09623430962343096 0.10352941176470588
0 0.4372384937238494 0.33705882352941174 0.05439330543933055 0.06
0 0.9748953974895398 0.31411764705882356 0.04184100418410042 0.01647058823529412
0 0.08158995815899582 0.3423529411764706 0.16317991631799164 0.12
0 0.7416317991631799 0.2311764705882353 0.043933054393305436 0.029411764705882353
0 0.2688284518828452 0.22941176470588234 0.10251046025104603 0.03764705882352941
0 0.1600418410041841 0.18588235294117647 0.07322175732217573 0.02823529411764706
0 0.02301255230125523 0.11647058823529412 0.04602510460251046 0.02588235294117647
0 0.1893305439330544 0.1111764705882353 0.09414225941422594 0.027058823529411764
0 0.17782426778242677 0.09294117647058824 0.08368200836820083 0.009411764705882352
0 0.9205020920502092 0.07588235294117647 0.1589958158995816 0.15176470588235294
0 0.7688284518828452 0.005294117647058823 0.10251046025104603 0.010588235294117647
0 0.5543933054393305 0.007058823529411765 0.11715481171548117 0.01411764705882353
