0 0.3274058577405858 0.8711764705882353 0.20711297071129708 0.052941176470588235
0 0.7792887029288703 0.8211764705882353 0.06485355648535565 0.11058823529411765
0 0.2395397489539749 0.7935294117647059 0.04811715481171548 0.12352941176470589
0 0.22384937238493724 0.6952941176470588 0.029288702928870293 0.07529411764705882
0 0.7709205020920502 0.7076470588235294 0.06903765690376569 0.11176470588235295
0 0.7646443514644351 0.5529411764705883 0.06485355648535565 0.02823529411764706
0 0.4225941422594142 0.5564705882352942 0.13807531380753138 0.1011764705882353
0 0.21234309623430964 0.5711764705882353 0.010460251046025104 0.1635294117647059
0 0.36506276150627615 0.48 0.08158995815899582 0.04941176470588235
0 0.4665271966527197 0.45705882352941174 0.04602510460251046 0.02
0 0.40481171548117156 0.4535294117647059 0.03138075313807531 0.02
0 0.6192468619246861 0.44588235294117645 0.04184100418410042 0.021176470588235293
0 0.8305439330543933 0.44588235294117645 0.03347280334728033 0.02588235294117647
0 0.21652719665271966 0.45941176470588235 0.014644351464435146 0.09294117647058824
0 0.5428870292887029 0.45529411764705885 0.08158995815899582 0.08705882352941176
0 0.25 0.3941176470588235 0.03556485355648536 0.07529411764705882
0 0.8619246861924686 0.5988235294117648 0.12552301255230125 0.5176470588235295
0 0.22280334728033474 0.3652941176470588 0.01882845188284519 0.06470588235294118
0 0.30857740585774057 0.3352941176470588 0.05230125523012552 0.02588235294117647
0 0.9497907949790795 0.3 0.100418410041841 0.07764705882352942
0 0.0899581589958159 0.14176470588235293 0.1799163179916318 0.1376470588235294
0 0.10355648535564854 0.036470588235294116 0.043933054393305436 0.02588235294117647
