0 0.9435146443514645 0.9764705882352941 0.04602510460251046 0.023529411764705882
0 0.5481171548117155 0.93 0.0794979079497908 0.08588235294117647
0 0.6035564853556485 0.7747058823529411 0.1108786610878661 0.0811764705882353
0 0.952928870292887 0.8176470588235294 0.060669456066945605 0.24705882352941178
0 0.06694560669456066 0.758235294117647 0.13389121338912133 0.1635294117647059
0 0.8305439330543933 0.6435294117647059 0.058577405857740586 0.01647058823529412
0 0.6956066945606695 0.611764705882353 0.09414225941422594 0.03294117647058824
0 0.7311715481171548 0.5335294117647059 0.060669456066945605 0.04588235294117647
0 0.9738493723849372 0.5117647058823529 0.05230125523012552 0.04
0 0.7928870292887029 0.47058823529411764 0.08786610878661087 0.011764705882352941
0 0.9738493723849372 0.4152941176470588 0.05230125523012552 0.1011764705882353
0 0.6621338912133892 0.3835294117647059 0.06903765690376569 0.05647058823529412
0 0.9320083682008368 0.33705882352941174 0.07322175732217573 0.024705882352941175
0 0.856694560669456 0.39235294117647057 0.08158995815899582 0.14
0 0.4686192468619247 0.34705882352941175 0.07531380753138076 0.04941176470588235
0 0.8420502092050209 0.33294117647058824 0.060669456066945605 0.02823529411764706
0 0.9832635983263598 0.2847058823529412 0.03347280334728033 0.0611764705882353
0 0.8640167364016736 0.11588235294117646 0.1087866108786611 0.029411764705882353
0 0.5983263598326359 0.1011764705882353 0.08786610878661087 0.02823529411764706
0 0.39435146443514646 0.11588235294117646 0.056485355648535567 0.1376470588235294
0 0.8305439330543933 0.009411764705882352 0.029288702928870293 0.018823529411764704
