0 0.9286556603773585 0.9497907949790795 0.08136792452830188 0.07531380753138076
0 0.8991745283018868 0.8462343096234309 0.08136792452830188 0.12343096234309624
0 0.8803066037735849 0.7154811715481172 0.041273584905660375 0.058577405857740586
0 0.839622641509434 0.6736401673640168 0.03773584905660377 0.06694560669456066
0 0.9581367924528302 0.7039748953974896 0.08372641509433962 0.19874476987447698
0 0.05778301886792453 0.49372384937238495 0.018867924528301886 0.04602510460251046
0 0.9280660377358491 0.4874476987447699 0.10141509433962265 0.15481171548117154
0 0.9823113207547169 0.36715481171548114 0.03537735849056604 0.05230125523012552
0 0.007075471698113208 0.1684100418410042 0.014150943396226415 0.09414225941422594
0 0.3738207547169811 0.04079497907949791 0.049528301886792456 0.043933054393305436
