0 0.7071129707112971 0.8505882352941176 0.2510460251046025 0.09647058823529411
0 0.04811715481171548 0.8670588235294118 0.09623430962343096 0.15058823529411763
0 0.05543933054393305 0.7970588235294118 0.03556485355648536 0.03411764705882353
0 0.8002092050209205 0.7358823529411764 0.03556485355648536 0.06470588235294118
0 0.9361924686192469 0.7011764705882353 0.12761506276150628 0.023529411764705882
0 0.8755230125523012 0.4764705882352941 0.06485355648535565 0.018823529411764704
0 0.100418410041841 0.43117647058823527 0.200836820083682 0.04352941176470588
0 0.9194560669456067 0.43117647058823527 0.16108786610878661 0.10941176470588235
0 0.44142259414225943 0.3776470588235294 0.3598326359832636 0.047058823529411764
0 0.6788702928870293 0.3211764705882353 0.03138075313807531 0.04470588235294118
0 0.6642259414225942 0.31411764705882356 0.08158995815899582 0.09411764705882353
0 0.22384937238493724 0.26941176470588235 0.4476987447698745 0.06588235294117648
0 0.0794979079497908 0.2529411764705882 0.0502092050209205 0.04941176470588235
0 0.12656903765690378 0.25 0.05230125523012552 0.04823529411764706
0 0.1788702928870293 0.24529411764705883 0.04811715481171548 0.05058823529411765
0 0.2175732217573222 0.23823529411764705 0.0502092050209205 0.05058823529411765
0 0.6286610878661087 0.23294117647058823 0.09414225941422594 0.047058823529411764
0 0.26359832635983266 0.23176470588235293 0.05439330543933055 0.04941176470588235
0 0.6223849372384938 0.2323529411764706 0.1401673640167364 0.06235294117647059
0 0.3284518828451883 0.22058823529411764 0.05439330543933055 0.04823529411764706
0 0.3713389121338912 0.2088235294117647 0.043933054393305436 0.04352941176470588
0 0.6558577405857741 0.14294117647058824 0.19456066945606695 0.05764705882352941
0 0.9246861924686193 0.0976470588235294 0.12133891213389121 0.01647058823529412
0 0.5805439330543933 0.09941176470588235 0.04811715481171548 0.04823529411764706
0 0.641213389121339 0.12117647058823529 0.21548117154811716 0.11764705882352941
0 0.8692468619246861 0.012352941176470587 0.0397489539748954 0.024705882352941175
0 0.7960251046025104 0.015294117647058824 0.043933054393305436 0.03058823529411765
0 0.13389121338912133 0.015294117647058824 0.09623430962343096 0.03058823529411765
