0 0.08431603773584906 0.9079497907949791 0.05778301886792453 0.0502092050209205
0 0.5324292452830188 0.8493723849372385 0.0294811320754717 0.12552301255230125
0 0.6574292452830188 0.7949790794979079 0.060141509433962265 0.0794979079497908
0 0.6020047169811321 0.7719665271966527 0.02240566037735849 0.06276150627615062
0 0.6332547169811321 0.7060669456066946 0.04009433962264151 0.043933054393305436
0 0.84375 0.6976987447698745 0.031839622641509434 0.0397489539748954
0 0.7977594339622641 0.700836820083682 0.036556603773584904 0.05439330543933055
0 0.10023584905660378 0.6548117154811716 0.02122641509433962 0.05439330543933055
0 0.9829009433962265 0.5805439330543933 0.0294811320754717 0.060669456066945605
0 0.43337264150943394 0.5460251046025104 0.16627358490566038 0.08786610878661087
0 0.7252358490566038 0.6380753138075314 0.07311320754716981 0.30962343096234307
0 0.7954009433962265 0.46548117154811713 0.060141509433962265 0.04811715481171548
0 0.8596698113207547 0.5324267782426778 0.125 0.3075313807531381
0 0.3466981132075472 0.27824267782426776 0.02122641509433962 0.08786610878661087
0 0.1008254716981132 0.1705020920502092 0.05070754716981132 0.05230125523012552
0 0.01768867924528302 0.13807531380753138 0.03537735849056604 0.03765690376569038
0 0.33549528301886794 0.19769874476987448 0.05778301886792453 0.39539748953974896
