0 0.9748953974895398 0.6517647058823529 0.0502092050209205 0.05176470588235294
0 0.5753138075313807 0.5329411764705883 0.12552301255230125 0.011764705882352941
0 0.5711297071129707 0.47294117647058825 0.13389121338912133 0.01411764705882353
0 0.7792887029288703 0.44588235294117645 0.06903765690376569 0.009411764705882352
0 0.5774058577405857 0.40352941176470586 0.1297071129707113 0.01411764705882353
0 0.5177824267782427 0.37529411764705883 0.03556485355648536 0.03058823529411765
0 0.6192468619246861 0.37411764705882355 0.04184100418410042 0.03058823529411765
0 0.5889121338912134 0.37411764705882355 0.03556485355648536 0.03058823529411765
0 0.5543933054393305 0.37470588235294117 0.029288702928870293 0.03176470588235294
0 0.448744769874477 0.3347058823529412 0.05230125523012552 0.041176470588235294
0 0.5439330543933054 0.3335294117647059 0.03765690376569038 0.041176470588235294
0 0.5010460251046025 0.3335294117647059 0.03556485355648536 0.041176470588235294
0 0.5847280334728033 0.33294117647058824 0.0397489539748954 0.042352941176470586
0 0.7081589958158996 0.3311764705882353 0.08577405857740586 0.041176470588235294
0 0.6328451882845189 0.3323529411764706 0.06485355648535565 0.04352941176470588
0 0.4456066945606695 0.2823529411764706 0.03765690376569038 0.03294117647058824
0 0.6610878661087866 0.2788235294117647 0.15481171548117154 0.03529411764705882
0 0.4445606694560669 0.2023529411764706 0.09414225941422594 0.06823529411764706
0 0.7343096234309623 0.19941176470588234 0.08368200836820083 0.06705882352941177
0 0.5230125523012552 0.19058823529411764 0.07112970711297072 0.06352941176470588
0 0.6537656903765691 0.1888235294117647 0.08577405857740586 0.06470588235294118
0 0.5836820083682008 0.1864705882352941 0.02510460251046025 0.06
0 0.15271966527196654 0.38176470588235295 0.10460251046025104 0.49529411764705883
