0 0.7196652719665272 0.8970588235294118 0.06694560669456066 0.09294117647058824
0 0.9267782426778243 0.7629411764705882 0.04602510460251046 0.024705882352941175
0 0.5679916317991632 0.7235294117647059 0.06903765690376569 0.04470588235294118
0 0.5135983263598326 0.7076470588235294 0.06903765690376569 0.06705882352941177
0 0.4424686192468619 0.7047058823529412 0.06485355648535565 0.06588235294117648
0 0.3692468619246862 0.7011764705882353 0.06903765690376569 0.06588235294117648
0 0.5282426778242678 0.6364705882352941 0.056485355648535567 0.06352941176470588
0 0.47175732217573224 0.6335294117647059 0.06485355648535565 0.06235294117647059
0 0.3598326359832636 0.6270588235294118 0.06276150627615062 0.06352941176470588
0 0.22698744769874477 0.6241176470588236 0.056485355648535567 0.06235294117647059
0 0.897489539748954 0.5682352941176471 0.1506276150627615 0.14352941176470588
0 0.9497907949790795 0.46294117647058824 0.100418410041841 0.0811764705882353
0 0.7730125523012552 0.45705882352941174 0.12343096234309624 0.11176470588235295
0 0.27510460251046026 0.4076470588235294 0.04811715481171548 0.029411764705882353
0 0.5146443514644351 0.34411764705882353 0.42677824267782427 0.07882352941176471
0 0.34309623430962344 0.3235294117647059 0.058577405857740586 0.042352941176470586
0 0.02510460251046025 0.2911764705882353 0.0502092050209205 0.06941176470588235
