0 0.049163179916317995 0.951764705882353 0.09832635983263599 0.09647058823529411
0 0.4989539748953975 0.9111764705882353 0.5585774058577406 0.02235294117647059
0 0.15481171548117154 0.9270588235294117 0.1506276150627615 0.14588235294117646
0 0.7437238493723849 0.8294117647058824 0.06485355648535565 0.0988235294117647
0 0.27510460251046026 0.8047058823529412 0.027196652719665274 0.07294117647058823
0 0.1809623430962343 0.8176470588235294 0.10251046025104603 0.11058823529411765
0 0.7018828451882845 0.8058823529411765 0.05230125523012552 0.1623529411764706
0 0.6642259414225942 0.7423529411764705 0.060669456066945605 0.05176470588235294
0 0.74581589958159 0.7258823529411764 0.060669456066945605 0.0988235294117647
0 0.5502092050209205 0.6029411764705882 0.058577405857740586 0.024705882352941175
0 0.6077405857740585 0.5729411764705883 0.18200836820083682 0.047058823529411764
0 0.6077405857740585 0.5576470588235294 0.18200836820083682 0.03764705882352941
0 0.3880753138075314 0.5429411764705883 0.06903765690376569 0.03411764705882353
0 0.7813807531380753 0.6858823529411765 0.01882845188284519 0.3247058823529412
0 0.6077405857740585 0.5394117647058824 0.19456066945606695 0.036470588235294116
0 0.2897489539748954 0.5023529411764706 0.04811715481171548 0.09647058823529411
0 0.24163179916317992 0.4364705882352941 0.07322175732217573 0.07529411764705882
0 0.13598326359832635 0.2564705882352941 0.04184100418410042 0.03764705882352941
0 0.07322175732217573 0.24 0.0794979079497908 0.05176470588235294
0 0.2290794979079498 0.2011764705882353 0.03138075313807531 0.058823529411764705
0 0.801255230125523 0.15941176470588236 0.029288702928870293 0.06705882352941177
0 0.08054393305439331 0.13352941176470587 0.05230125523012552 0.036470588235294116
0 0.2897489539748954 0.11941176470588236 0.043933054393305436 0.041176470588235294
0 0.02510460251046025 0.10176470588235294 0.0502092050209205 0.04823529411764706
0 0.09414225941422594 0.05764705882352941 0.04602510460251046 0.04470588235294118
0 0.02615062761506276 0.052941176470588235 0.05230125523012552 0.03764705882352941
0 0.5094142259414226 0.05411764705882353 0.014644351464435146 0.10823529411764705
0 0.19874476987447698 0.06470588235294118 0.12552301255230125 0.12941176470588237
0 0.06380753138075314 0.017058823529411765 0.1108786610878661 0.03411764705882353
