0 0.41736401673640167 0.8711764705882353 0.04811715481171548 0.03411764705882353
0 0.7207112970711297 0.8964705882352941 0.06485355648535565 0.09176470588235294
0 0.12238493723849372 0.8682352941176471 0.06485355648535565 0.08941176470588236
0 0.5669456066945606 0.7223529411764706 0.07112970711297072 0.04470588235294118
0 0.9288702928870293 0.7329411764705882 0.058577405857740586 0.08705882352941176
0 0.5115062761506276 0.7070588235294117 0.06903765690376569 0.06588235294117648
0 0.44142259414225943 0.7035294117647058 0.06694560669456066 0.06588235294117648
0 0.3682008368200837 0.7005882352941176 0.06694560669456066 0.06705882352941177
0 0.5889121338912134 0.6405882352941177 0.043933054393305436 0.06470588235294118
0 0.5282426778242678 0.6358823529411765 0.056485355648535567 0.06470588235294118
0 0.47175732217573224 0.6329411764705882 0.06485355648535565 0.06352941176470588
0 0.3587866108786611 0.6270588235294118 0.06485355648535565 0.06352941176470588
0 0.8985355648535565 0.5647058823529412 0.14853556485355648 0.15058823529411763
0 0.9497907949790795 0.46176470588235297 0.100418410041841 0.07882352941176471
0 0.7740585774058577 0.4535294117647059 0.12552301255230125 0.11411764705882353
0 0.25732217573221755 0.40705882352941175 0.05439330543933055 0.02823529411764706
0 0.3410041841004184 0.32294117647058823 0.058577405857740586 0.04352941176470588
0 0.02615062761506276 0.29294117647058826 0.05230125523012552 0.06823529411764706
