0 0.3043933054393305 0.9847058823529412 0.13598326359832635 0.03058823529411765
0 0.5878661087866108 0.5158823529411765 0.28870292887029286 0.036470588235294116
0 0.7405857740585774 0.44588235294117645 0.3179916317991632 0.06823529411764706
0 0.694560669456067 0.4123529411764706 0.1506276150627615 0.01764705882352941
0 0.8002092050209205 0.38235294117647056 0.03556485355648536 0.02823529411764706
0 0.7625523012552301 0.38235294117647056 0.03138075313807531 0.02823529411764706
0 0.7217573221757322 0.38235294117647056 0.03765690376569038 0.02823529411764706
0 0.6610878661087866 0.38294117647058823 0.029288702928870293 0.029411764705882353
0 0.6255230125523012 0.38235294117647056 0.03347280334728033 0.02823529411764706
0 0.5836820083682008 0.38176470588235295 0.04184100418410042 0.029411764705882353
0 0.8127615062761506 0.34411764705882353 0.06903765690376569 0.03882352941176471
0 0.6903765690376569 0.34411764705882353 0.03347280334728033 0.03882352941176471
0 0.6516736401673641 0.34352941176470586 0.03556485355648536 0.04
0 0.6129707112970711 0.34294117647058825 0.03765690376569038 0.03882352941176471
0 0.8106694560669456 0.29352941176470587 0.060669456066945605 0.03176470588235294
0 0.8389121338912134 0.22 0.0794979079497908 0.06352941176470588
0 0.5638075313807531 0.21470588235294116 0.0899581589958159 0.05764705882352941
0 0.7677824267782427 0.20941176470588235 0.0794979079497908 0.0611764705882353
0 0.698744769874477 0.20588235294117646 0.02510460251046025 0.05647058823529412
0 0.641213389121339 0.20823529411764705 0.06485355648535565 0.0611764705882353
0 0.647489539748954 0.15 0.1108786610878661 0.012941176470588235
0 0.2625523012552301 0.37 0.09414225941422594 0.4835294117647059
0 0.09414225941422594 0.05823529411764706 0.14644351464435146 0.06470588235294118
