0 0.0502092050209205 0.5752941176470588 0.100418410041841 0.04941176470588235
0 0.07740585774058577 0.5294117647058824 0.05439330543933055 0.03058823529411765
0 0.02301255230125523 0.5152941176470588 0.04602510460251046 0.02588235294117647
0 0.02405857740585774 0.4852941176470588 0.04811715481171548 0.029411764705882353
0 0.04079497907949791 0.40705882352941175 0.08158995815899582 0.03764705882352941
0 0.8828451882845189 0.3423529411764706 0.02510460251046025 0.07294117647058823
0 0.8347280334728033 0.3658823529411765 0.14644351464435146 0.12941176470588237
0 0.35564853556485354 0.20352941176470588 0.07112970711297072 0.07764705882352942
0 0.06276150627615062 0.11235294117647059 0.12552301255230125 0.06235294117647059
0 0.35669456066945604 0.04294117647058823 0.1694560669456067 0.015294117647058824
0 0.9278242677824268 0.00823529411764706 0.14435146443514643 0.01647058823529412
