0 0.3378661087866109 0.9488235294117647 0.18619246861924685 0.10235294117647059
0 0.1087866108786611 0.8717647058823529 0.100418410041841 0.011764705882352941
0 0.7897489539748954 0.8264705882352941 0.056485355648535567 0.015294117647058824
0 0.7834728033472803 0.7852941176470588 0.03556485355648536 0.024705882352941175
0 0.895397489539749 0.78 0.03765690376569038 0.02588235294117647
0 0.8389121338912134 0.7794117647058824 0.07112970711297072 0.03176470588235294
0 0.013598326359832637 0.7547058823529412 0.027196652719665274 0.04823529411764706
0 0.21234309623430964 0.6729411764705883 0.12343096234309624 0.02588235294117647
0 0.7855648535564853 0.5776470588235294 0.20292887029288703 0.11764705882352941
0 0.6610878661087866 0.5194117647058824 0.16736401673640167 0.05058823529411765
0 0.33577405857740583 0.4894117647058824 0.08158995815899582 0.05647058823529412
0 0.4110878661087866 0.4823529411764706 0.06485355648535565 0.05647058823529412
0 0.4895397489539749 0.4758823529411765 0.0794979079497908 0.05529411764705883
0 0.252092050209205 0.4852941176470588 0.10251046025104603 0.08352941176470588
0 0.38702928870292885 0.43058823529411766 0.12133891213389121 0.03294117647058824
0 0.6861924686192469 0.058823529411764705 0.02092050209205021 0.09176470588235294
0 0.7144351464435147 0.029411764705882353 0.02301255230125523 0.058823529411764705
