0 0.3253138075313807 0.7435294117647059 0.15271966527196654 0.18352941176470589
0 0.40690376569037656 0.48470588235294115 0.09832635983263599 0.04470588235294118
0 0.30857740585774057 0.44588235294117645 0.12761506276150628 0.03294117647058824
0 0.0899581589958159 0.42764705882352944 0.1799163179916318 0.08823529411764706
0 0.5324267782426778 0.3664705882352941 0.060669456066945605 0.01764705882352941
0 0.33368200836820083 0.40705882352941175 0.15690376569037656 0.10823529411764705
0 0.5836820083682008 0.31588235294117645 0.029288702928870293 0.052941176470588235
0 0.6558577405857741 0.3111764705882353 0.08577405857740586 0.04823529411764706
0 0.2928870292887029 0.28294117647058825 0.03347280334728033 0.027058823529411764
0 0.4707112970711297 0.3123529411764706 0.18410041841004185 0.10235294117647059
0 0.6820083682008368 0.2676470588235294 0.06694560669456066 0.029411764705882353
0 0.3200836820083682 0.2888235294117647 0.058577405857740586 0.1
0 0.6694560669456067 0.2411764705882353 0.16317991631799164 0.02823529411764706
0 0.26359832635983266 0.23470588235294118 0.04602510460251046 0.02235294117647059
0 0.9215481171548117 0.23588235294117646 0.06485355648535565 0.03176470588235294
0 0.8462343096234309 0.21588235294117647 0.06903765690376569 0.02235294117647059
0 0.9644351464435147 0.20176470588235293 0.07112970711297072 0.03882352941176471
0 0.19560669456066945 0.18823529411764706 0.3912133891213389 0.08705882352941176
0 0.1684100418410042 0.07705882352941176 0.08577405857740586 0.03176470588235294
0 0.303347280334728 0.06588235294117648 0.100418410041841 0.023529411764705882
0 0.5889121338912134 0.06 0.2196652719665272 0.05176470588235294
0 0.03138075313807531 0.03882352941176471 0.06276150627615062 0.0611764705882353
0 0.8922594142259415 0.03 0.15690376569037656 0.06
0 0.7866108786610879 0.033529411764705884 0.0502092050209205 0.06705882352941177
0 0.41841004184100417 0.03176470588235294 0.10460251046025104 0.06352941176470588
0 0.08158995815899582 0.03411764705882353 0.08786610878661087 0.06823529411764706
