0 0.33472803347280333 0.75 0.058577405857740586 0.015294117647058824
0 0.553347280334728 0.7382352941176471 0.1192468619246862 0.012941176470588235
0 0.7845188284518828 0.7247058823529412 0.14644351464435146 0.03764705882352941
0 0.100418410041841 0.6041176470588235 0.0502092050209205 0.11411764705882353
0 0.9006276150627615 0.4929411764705882 0.19874476987447698 0.0611764705882353
0 0.034518828451882845 0.43176470588235294 0.06903765690376569 0.04
0 0.608786610878661 0.33705882352941174 0.09623430962343096 0.03411764705882353
0 0.14748953974895398 0.31588235294117645 0.14853556485355648 0.06235294117647059
0 0.7050209205020921 0.27294117647058824 0.14225941422594143 0.06588235294117648
0 0.29497907949790797 0.1723529411764706 0.06694560669456066 0.01764705882352941
0 0.5972803347280334 0.17470588235294118 0.056485355648535567 0.052941176470588235
0 0.752092050209205 0.06529411764705882 0.1108786610878661 0.029411764705882353
0 0.5606694560669456 0.057058823529411766 0.1589958158995816 0.07882352941176471
0 0.2301255230125523 0.009411764705882352 0.08368200836820083 0.018823529411764704
