0 0.11192468619246862 0.7623529411764706 0.043933054393305436 0.14823529411764705
0 0.7845188284518828 0.6335294117647059 0.06694560669456066 0.02235294117647059
0 0.8169456066945606 0.5941176470588235 0.03138075313807531 0.02588235294117647
0 0.06903765690376569 0.5788235294117647 0.0502092050209205 0.1011764705882353
0 0.9299163179916318 0.3552941176470588 0.1401673640167364 0.07529411764705882
0 0.6485355648535565 0.28294117647058825 0.16736401673640167 0.036470588235294116
0 0.5868200836820083 0.24176470588235294 0.043933054393305436 0.036470588235294116
0 0.07740585774058577 0.1376470588235294 0.15481171548117154 0.0988235294117647
0 0.3912133891213389 0.06764705882352941 0.03765690376569038 0.02235294117647059
0 0.46443514644351463 0.05823529411764706 0.100418410041841 0.03176470588235294
0 0.6924686192468619 0.06588235294117648 0.100418410041841 0.05647058823529412
0 0.5366108786610879 0.08352941176470588 0.07740585774058577 0.12705882352941175
0 0.6610878661087866 0.025294117647058825 0.14644351464435146 0.05058823529411765
