0 0.11438679245283019 0.8619246861924686 0.02122641509433962 0.03765690376569038
0 0.7641509433962265 0.8368200836820083 0.02122641509433962 0.08368200836820083
0 0.47464622641509435 0.6997907949790795 0.04363207547169811 0.07322175732217573
0 0.4204009433962264 0.6725941422594143 0.03891509433962264 0.03556485355648536
0 0.6202830188679245 0.6265690376569037 0.03537735849056604 0.02301255230125523
0 0.6196933962264151 0.5993723849372385 0.0294811320754717 0.027196652719665274
0 0.6810141509433962 0.5585774058577406 0.012971698113207548 0.058577405857740586
0 0.6173349056603774 0.547071129707113 0.024764150943396228 0.060669456066945605
0 0.6762971698113207 0.4916317991631799 0.020047169811320754 0.058577405857740586
0 0.8873820754716981 0.36401673640167365 0.024764150943396228 0.02510460251046025
0 0.933372641509434 0.3598326359832636 0.020047169811320754 0.03347280334728033
0 0.12441037735849056 0.26673640167364016 0.0294811320754717 0.027196652719665274
0 0.012971698113207548 0.25418410041841005 0.025943396226415096 0.07740585774058577
0 0.9811320754716981 0.22280334728033474 0.03773584905660377 0.02301255230125523
0 0.9445754716981132 0.13807531380753138 0.07783018867924528 0.06694560669456066
