0 0.8650627615062761 0.9664705882352941 0.2698744769874477 0.036470588235294116
0 0.8797071129707112 0.9335294117647058 0.04811715481171548 0.02235294117647059
0 0.9476987447698745 0.9164705882352941 0.06276150627615062 0.04470588235294118
0 0.5774058577405857 0.8447058823529412 0.02510460251046025 0.07058823529411765
0 0.9173640167364017 0.85 0.16527196652719664 0.08588235294117647
0 0.8682008368200836 0.8111764705882353 0.12133891213389121 0.024705882352941175
0 0.8002092050209205 0.8411764705882353 0.11506276150627615 0.10588235294117647
0 0.647489539748954 0.77 0.02301255230125523 0.041176470588235294
0 0.8064853556485355 0.7541176470588236 0.056485355648535567 0.01411764705882353
0 0.9560669456066946 0.7505882352941177 0.08786610878661087 0.03529411764705882
0 0.9780334728033473 0.6988235294117647 0.043933054393305436 0.03529411764705882
0 0.8472803347280334 0.7076470588235294 0.11715481171548117 0.09294117647058824
0 0.9895397489539749 0.6052941176470589 0.02092050209205021 0.04352941176470588
0 0.9602510460251046 0.5158823529411765 0.04602510460251046 0.012941176470588235
0 0.8817991631799164 0.5141176470588236 0.07740585774058577 0.01411764705882353
0 0.899581589958159 0.49058823529411766 0.100418410041841 0.01411764705882353
0 0.9759414225941423 0.36764705882352944 0.04811715481171548 0.05764705882352941
0 0.9393305439330544 0.30470588235294116 0.100418410041841 0.03529411764705882
0 0.7709205020920502 0.25470588235294117 0.07740585774058577 0.04588235294117647
0 0.6725941422594143 0.2523529411764706 0.0899581589958159 0.041176470588235294
0 0.9539748953974896 0.20294117647058824 0.09205020920502092 0.05058823529411765
0 0.8765690376569037 0.008823529411764706 0.24686192468619247 0.01764705882352941
0 0.36401673640167365 0.0058823529411764705 0.2719665271966527 0.011764705882352941
