0 0.2709205020920502 0.9376470588235294 0.07322175732217573 0.011764705882352941
0 0.45083682008368203 0.9247058823529412 0.20711297071129708 0.018823529411764704
0 0.9592050209205021 0.6176470588235294 0.06485355648535565 0.01647058823529412
0 0.5418410041841004 0.2988235294117647 0.04184100418410042 0.08705882352941176
0 0.2112970711297071 0.24529411764705883 0.21338912133891214 0.14
0 0.07112970711297072 0.1935294117647059 0.14225941422594143 0.06705882352941177
0 0.18200836820083682 0.14058823529411765 0.03347280334728033 0.08823529411764706
0 0.8650627615062761 0.11411764705882353 0.11506276150627615 0.04
0 0.05543933054393305 0.1111764705882353 0.1108786610878661 0.04352941176470588
0 0.6569037656903766 0.11 0.1087866108786611 0.04352941176470588
0 0.448744769874477 0.11176470588235295 0.10669456066945607 0.047058823529411764
0 0.2604602510460251 0.10882352941176471 0.1108786610878661 0.04352941176470588
0 0.36401673640167365 0.1111764705882353 0.02092050209205021 0.10705882352941176
