0 0.606694560669456 0.8841176470588236 0.2301255230125523 0.04823529411764706
0 0.7771966527196653 0.8394117647058823 0.09832635983263599 0.04823529411764706
0 0.7594142259414226 0.6570588235294118 0.06276150627615062 0.03882352941176471
0 0.1589958158995816 0.4535294117647059 0.3179916317991632 0.04352941176470588
0 0.23640167364016737 0.43529411764705883 0.1506276150627615 0.023529411764705882
0 0.4790794979079498 0.42764705882352944 0.3138075313807531 0.012941176470588235
0 0.058577405857740586 0.42705882352941177 0.11715481171548117 0.03058823529411765
0 0.8901673640167364 0.40294117647058825 0.04811715481171548 0.027058823529411764
0 0.696652719665272 0.37470588235294117 0.08786610878661087 0.07647058823529412
0 0.27719665271966526 0.37529411764705883 0.07740585774058577 0.07764705882352942
0 0.7102510460251046 0.35058823529411764 0.03138075313807531 0.09647058823529411
0 0.4497907949790795 0.29352941176470587 0.18410041841004185 0.01764705882352941
0 0.7154811715481172 0.2288235294117647 0.18828451882845187 0.04352941176470588
0 0.016736401673640166 0.03588235294117647 0.03347280334728033 0.04588235294117647
0 0.5146443514644351 0.01411764705882353 0.08368200836820083 0.02823529411764706
