0 0.47818396226415094 0.9288702928870293 0.020047169811320754 0.06694560669456066
0 0.5 0.9456066945606695 1.0 0.1087866108786611
0 0.19398584905660377 0.895397489539749 0.03891509433962264 0.04184100418410042
0 0.19988207547169812 0.8315899581589958 0.05306603773584906 0.04811715481171548
0 0.3543632075471698 0.34414225941422594 0.1474056603773585 0.0397489539748954
0 0.004127358490566038 0.29811715481171547 0.008254716981132075 0.1192468619246862
0 0.7287735849056604 0.03765690376569038 0.08962264150943396 0.07531380753138076
0 0.6698113207547169 0.0397489539748954 0.02358490566037736 0.0794979079497908
0 0.30365566037735847 0.05230125523012552 0.036556603773584904 0.10460251046025104
0 0.2553066037735849 0.0794979079497908 0.06485849056603774 0.1589958158995816
