0 0.049163179916317995 0.951764705882353 0.09832635983263599 0.09647058823529411
0 0.14958158995815898 0.93 0.14435146443514643 0.14
0 0.49686192468619245 0.8870588235294118 0.5627615062761506 0.07294117647058823
0 0.7416317991631799 0.8288235294117647 0.06485355648535565 0.1
0 0.1788702928870293 0.8223529411764706 0.09832635983263599 0.1011764705882353
0 0.26778242677824265 0.8035294117647059 0.02510460251046025 0.07294117647058823
0 0.7426778242677824 0.7241176470588235 0.06276150627615062 0.1
0 0.5679916317991632 0.5941176470588235 0.1108786610878661 0.03764705882352941
0 0.6014644351464435 0.571764705882353 0.18200836820083682 0.047058823529411764
0 0.600418410041841 0.5558823529411765 0.18410041841004185 0.03882352941176471
0 0.7771966527196653 0.6941176470588235 0.01882845188284519 0.34352941176470586
0 0.600418410041841 0.5370588235294118 0.19665271966527198 0.036470588235294116
0 0.3692468619246862 0.5347058823529411 0.0899581589958159 0.04823529411764706
0 0.2824267782426778 0.5017647058823529 0.04602510460251046 0.09529411764705882
0 0.23640167364016737 0.4411764705882353 0.06694560669456066 0.07294117647058823
0 0.13702928870292888 0.2570588235294118 0.043933054393305436 0.03882352941176471
0 0.07322175732217573 0.24058823529411766 0.0794979079497908 0.05058823529411765
0 0.2280334728033473 0.2011764705882353 0.029288702928870293 0.058823529411764705
0 0.2813807531380753 0.2011764705882353 0.006276150627615063 0.11529411764705882
0 0.7960251046025104 0.1564705882352941 0.0397489539748954 0.07294117647058823
0 0.0794979079497908 0.13352941176470587 0.05439330543933055 0.036470588235294116
0 0.27615062761506276 0.12352941176470589 0.0502092050209205 0.05411764705882353
0 0.02510460251046025 0.10176470588235294 0.0502092050209205 0.04823529411764706
0 0.0899581589958159 0.05647058823529412 0.03765690376569038 0.042352941176470586
0 0.02615062761506276 0.052941176470588235 0.05230125523012552 0.03764705882352941
0 0.5094142259414226 0.05352941176470588 0.01882845188284519 0.10705882352941176
0 0.06380753138075314 0.017058823529411765 0.1108786610878661 0.03411764705882353
