0 0.7382075471698113 0.8713389121338913 0.08490566037735849 0.08577405857740586
0 0.7617924528301887 0.8682008368200836 0.09433962264150944 0.10460251046025104
0 0.7104952830188679 0.8608786610878661 0.11202830188679246 0.09414225941422594
0 0.12205188679245282 0.7761506276150628 0.020047169811320754 0.22594142259414227
0 0.00884433962264151 0.7123430962343096 0.01768867924528302 0.10669456066945607
0 0.2099056603773585 0.5 0.09669811320754718 0.07112970711297072
0 0.9858490566037735 0.4801255230125523 0.02830188679245283 0.10251046025104603
0 0.20695754716981132 0.4320083682008368 0.09551886792452831 0.06903765690376569
0 0.16981132075471697 0.3702928870292887 0.02358490566037736 0.058577405857740586
0 0.9616745283018868 0.2175732217573222 0.024764150943396228 0.03765690376569038
0 0.1792452830188679 0.1297071129707113 0.025943396226415096 0.04602510460251046
0 0.9563679245283019 0.10251046025104603 0.08726415094339622 0.10460251046025104
0 0.3107311320754717 0.02510460251046025 0.036556603773584904 0.04602510460251046
0 0.36615566037735847 0.03347280334728033 0.015330188679245283 0.06694560669456066
