0 0.0660377358490566 0.9665271966527197 0.10141509433962265 0.05439330543933055
0 0.9239386792452831 0.5993723849372385 0.05306603773584906 0.043933054393305436
0 0.8520047169811321 0.5993723849372385 0.07429245283018868 0.056485355648535567
0 0.8119103773584906 0.45397489539748953 0.024764150943396228 0.058577405857740586
0 0.9009433962264151 0.448744769874477 0.02122641509433962 0.056485355648535567
0 0.9298349056603774 0.4476987447698745 0.02240566037735849 0.058577405857740586
0 0.8873820754716981 0.3200836820083682 0.12382075471698113 0.03765690376569038
0 0.6102594339622641 0.2698744769874477 0.2841981132075472 0.012552301255230125
0 0.7040094339622641 0.23326359832635984 0.08726415094339622 0.060669456066945605
0 0.6120283018867925 0.23430962343096234 0.08962264150943396 0.06276150627615062
0 0.4840801886792453 0.23430962343096234 0.024764150943396228 0.06276150627615062
0 0.71875 0.08054393305439331 0.0695754716981132 0.014644351464435146
0 0.5501179245283019 0.12343096234309624 0.08608490566037735 0.1087866108786611
0 0.13797169811320756 0.07426778242677824 0.030660377358490566 0.01882845188284519
