0 0.11715481171548117 0.861764705882353 0.12133891213389121 0.012941176470588235
0 0.35251046025104604 0.7976470588235294 0.0899581589958159 0.018823529411764704
0 0.41631799163179917 0.8235294117647058 0.3054393305439331 0.07294117647058823
0 0.19456066945606695 0.8147058823529412 0.22594142259414227 0.12352941176470589
0 0.9790794979079498 0.5847058823529412 0.04184100418410042 0.08235294117647059
0 0.13912133891213388 0.5123529411764706 0.09414225941422594 0.03882352941176471
0 0.9581589958158996 0.49117647058823527 0.08368200836820083 0.06235294117647059
0 0.4905857740585774 0.21705882352941178 0.0397489539748954 0.03176470588235294
0 0.6820083682008368 0.21294117647058824 0.0794979079497908 0.04
0 0.7625523012552301 0.20705882352941177 0.12343096234309624 0.03058823529411765
0 0.3493723849372385 0.09411764705882353 0.1087866108786611 0.023529411764705882
0 0.6035564853556485 0.0888235294117647 0.1401673640167364 0.06235294117647059
0 0.26673640167364016 0.017058823529411765 0.043933054393305436 0.01764705882352941
0 0.4476987447698745 0.042352941176470586 0.11715481171548117 0.07529411764705882
