0 0.5251046025104602 0.8635294117647059 0.17154811715481172 0.03294117647058824
0 0.07112970711297072 0.6876470588235294 0.06694560669456066 0.03176470588235294
0 0.03138075313807531 0.6711764705882353 0.06276150627615062 0.03882352941176471
0 0.34309623430962344 0.57 0.08368200836820083 0.04588235294117647
0 0.4602510460251046 0.5629411764705883 0.1087866108786611 0.06235294117647059
0 0.7071129707112971 0.23294117647058823 0.11297071129707113 0.02823529411764706
0 0.3598326359832636 0.20470588235294118 0.02510460251046025 0.018823529411764704
0 0.45083682008368203 0.20470588235294118 0.027196652719665274 0.021176470588235293
0 0.3922594142259414 0.20470588235294118 0.027196652719665274 0.021176470588235293
0 0.2688284518828452 0.20470588235294118 0.06485355648535565 0.021176470588235293
0 0.22071129707112971 0.20470588235294118 0.027196652719665274 0.021176470588235293
0 0.41736401673640167 0.17176470588235293 0.060669456066945605 0.021176470588235293
0 0.10146443514644352 0.11823529411764706 0.15271966527196654 0.05058823529411765
0 0.5679916317991632 0.08764705882352941 0.18619246861924685 0.024705882352941175
0 0.08158995815899582 0.07882352941176471 0.16317991631799164 0.02823529411764706
0 0.08472803347280335 0.061764705882352944 0.1694560669456067 0.01764705882352941
