0 0.24790794979079497 0.9764705882352941 0.027196652719665274 0.01647058823529412
0 0.20711297071129708 0.9729411764705882 0.029288702928870293 0.018823529411764704
0 0.40794979079497906 0.9723529411764706 0.06694560669456066 0.03176470588235294
0 0.6589958158995816 0.9705882352941176 0.4309623430962343 0.058823529411764705
0 0.22071129707112971 0.908235294117647 0.14853556485355648 0.03058823529411765
0 0.6506276150627615 0.8929411764705882 0.24686192468619247 0.05647058823529412
0 0.8274058577405857 0.86 0.13598326359832635 0.02588235294117647
0 0.9874476987447699 0.5894117647058823 0.02510460251046025 0.05647058823529412
0 0.5251046025104602 0.43 0.20502092050209206 0.041176470588235294
0 0.9916317991631799 0.4447058823529412 0.016736401673640166 0.07294117647058823
0 0.3514644351464435 0.43529411764705883 0.3179916317991632 0.05411764705882353
0 0.7039748953974896 0.34705882352941175 0.5669456066945606 0.01647058823529412
0 0.8096234309623431 0.32176470588235295 0.08368200836820083 0.02235294117647059
0 0.100418410041841 0.32 0.200836820083682 0.023529411764705882
0 0.03347280334728033 0.25941176470588234 0.06694560669456066 0.01764705882352941
0 0.9037656903765691 0.27 0.19246861924686193 0.1
0 0.7489539748953975 0.19117647058823528 0.13389121338912133 0.0058823529411764705
0 0.4560669456066946 0.11294117647058824 0.04602510460251046 0.05176470588235294
0 0.3472803347280335 0.06352941176470588 0.0502092050209205 0.05176470588235294
0 0.9205020920502092 0.05411764705882353 0.08368200836820083 0.10823529411764705
0 0.3378661087866109 0.018235294117647058 0.0397489539748954 0.036470588235294116
