0 0.9665271966527197 0.9941176470588236 0.06694560669456066 0.011764705882352941
0 0.15271966527196654 0.8441176470588235 0.12552301255230125 0.052941176470588235
0 0.39539748953974896 0.8335294117647059 0.04602510460251046 0.04823529411764706
0 0.24372384937238495 0.7794117647058824 0.04811715481171548 0.024705882352941175
0 0.07112970711297072 0.7388235294117647 0.09205020920502092 0.03058823529411765
0 0.38702928870292885 0.7488235294117647 0.14644351464435146 0.11176470588235295
0 0.1705020920502092 0.7105882352941176 0.07740585774058577 0.07058823529411765
0 0.6778242677824268 0.4958823529411765 0.13389121338912133 0.07176470588235294
0 0.9759414225941423 0.4429411764705882 0.04811715481171548 0.015294117647058824
0 0.8922594142259415 0.4441176470588235 0.10251046025104603 0.027058823529411764
0 0.600418410041841 0.45941176470588235 0.06276150627615062 0.07176470588235294
0 0.7186192468619247 0.42764705882352944 0.07322175732217573 0.04823529411764706
0 0.9236401673640168 0.4047058823529412 0.08577405857740586 0.01411764705882353
0 0.694560669456067 0.3776470588235294 0.16317991631799164 0.0611764705882353
0 0.9414225941422594 0.29294117647058826 0.11715481171548117 0.04941176470588235
0 0.5397489539748954 0.21823529411764706 0.4351464435146444 0.04823529411764706
0 0.36506276150627615 0.19 0.06485355648535565 0.041176470588235294
0 0.4905857740585774 0.19411764705882353 0.13179916317991633 0.05411764705882353
0 0.3891213389121339 0.18941176470588236 0.0794979079497908 0.04941176470588235
0 0.6265690376569037 0.2 0.3493723849372385 0.08235294117647059
0 0.9790794979079498 0.13470588235294118 0.04184100418410042 0.03882352941176471
0 0.9309623430962343 0.0488235294117647 0.0502092050209205 0.0976470588235294
