0 0.6391213389121339 0.8711764705882353 0.3284518828451883 0.08588235294117647
0 0.39330543933054396 0.4264705882352941 0.2175732217573222 0.012941176470588235
0 0.07740585774058577 0.41 0.11715481171548117 0.04823529411764706
0 0.8880753138075314 0.3976470588235294 0.04811715481171548 0.03529411764705882
0 0.7060669456066946 0.3623529411764706 0.04811715481171548 0.09411764705882353
0 0.4131799163179916 0.2911764705882353 0.2824267782426778 0.027058823529411764
0 0.6548117154811716 0.22588235294117648 0.09623430962343096 0.04
0 0.7364016736401674 0.2211764705882353 0.12552301255230125 0.03764705882352941
0 0.01778242677824268 0.036470588235294116 0.03556485355648536 0.047058823529411764
0 0.5094142259414226 0.05058823529411765 0.17364016736401675 0.08470588235294117
0 0.5156903765690377 0.015294117647058824 0.08158995815899582 0.03058823529411765
