0 0.7426778242677824 0.7923529411764706 0.36401673640167365 0.06
0 0.5240585774058577 0.8270588235294117 0.29497907949790797 0.13176470588235295
0 0.7374476987447699 0.5152941176470588 0.06903765690376569 0.02823529411764706
0 0.3891213389121339 0.4717647058823529 0.03765690376569038 0.03764705882352941
0 0.4100418410041841 0.4582352941176471 0.07112970711297072 0.03176470588235294
0 0.50418410041841 0.46176470588235297 0.1506276150627615 0.052941176470588235
0 0.053347280334728034 0.42764705882352944 0.10669456066945607 0.06470588235294118
0 0.39435146443514646 0.4111764705882353 0.043933054393305436 0.03411764705882353
0 0.9424686192468619 0.3652941176470588 0.03556485355648536 0.029411764705882353
0 0.8399581589958159 0.35411764705882354 0.17364016736401675 0.07058823529411765
0 0.3608786610878661 0.3064705882352941 0.0397489539748954 0.027058823529411764
0 0.40690376569037656 0.26941176470588235 0.03556485355648536 0.03764705882352941
0 0.0794979079497908 0.28411764705882353 0.1589958158995816 0.0811764705882353
0 0.9330543933054394 0.3070588235294118 0.13389121338912133 0.1388235294117647
0 0.6621338912133892 0.32529411764705884 0.2112970711297071 0.18
0 0.6976987447698745 0.25176470588235295 0.10251046025104603 0.07529411764705882
0 0.4445606694560669 0.23 0.056485355648535567 0.03882352941176471
0 0.8368200836820083 0.23411764705882354 0.2175732217573222 0.11529411764705882
0 0.08054393305439331 0.17705882352941177 0.07740585774058577 0.04352941176470588
0 0.5930962343096234 0.1476470588235294 0.0899581589958159 0.03882352941176471
