0 0.5 0.9435146443514645 1.0 0.11297071129707113
0 0.2258254716981132 0.9069037656903766 0.03891509433962264 0.043933054393305436
0 0.4693396226415094 0.8870292887029289 0.025943396226415096 0.02510460251046025
0 0.19162735849056603 0.8263598326359832 0.020047169811320754 0.11297071129707113
0 0.27181603773584906 0.7751046025104602 0.11674528301886793 0.1108786610878661
0 0.0076650943396226415 0.4811715481171548 0.015330188679245283 0.100418410041841
0 0.3696933962264151 0.36506276150627615 0.1403301886792453 0.0397489539748954
0 0.010023584905660377 0.3577405857740586 0.020047169811320754 0.1297071129707113
0 0.7293632075471698 0.2719665271966527 0.08136792452830188 0.06694560669456066
0 0.7234669811320755 0.21548117154811716 0.08136792452830188 0.06694560669456066
0 0.6904481132075472 0.1694560669456067 0.01768867924528302 0.0502092050209205
0 0.7222877358490566 0.043933054393305436 0.09316037735849056 0.08786610878661087
0 0.6362028301886793 0.04811715481171548 0.07193396226415094 0.09623430962343096
0 0.4339622641509434 0.036610878661087864 0.03773584905660377 0.07322175732217573
0 0.39976415094339623 0.01882845188284519 0.030660377358490566 0.03765690376569038
0 0.298938679245283 0.08368200836820083 0.036556603773584904 0.16736401673640167
