0 0.10251046025104603 0.9305882352941176 0.06276150627615062 0.03529411764705882
0 0.6506276150627615 0.8735294117647059 0.35564853556485354 0.09058823529411765
0 0.9560669456066946 0.8329411764705882 0.08786610878661087 0.06352941176470588
0 0.7855648535564853 0.8076470588235294 0.05230125523012552 0.03411764705882353
0 0.7625523012552301 0.66 0.056485355648535567 0.04
0 0.3901673640167364 0.42411764705882354 0.23640167364016737 0.015294117647058824
0 0.021966527196652718 0.4076470588235294 0.043933054393305436 0.03882352941176471
0 0.8922594142259415 0.4 0.05230125523012552 0.04
0 0.6621338912133892 0.35705882352941176 0.060669456066945605 0.06
0 0.702928870292887 0.3547058823529412 0.04602510460251046 0.10235294117647059
0 0.9686192468619247 0.3023529411764706 0.04602510460251046 0.02823529411764706
0 0.446652719665272 0.2964705882352941 0.18200836820083682 0.023529411764705882
0 0.4372384937238494 0.2876470588235294 0.1799163179916318 0.02
0 0.7018828451882845 0.22470588235294117 0.19456066945606695 0.042352941176470586
0 0.0198744769874477 0.03411764705882353 0.0397489539748954 0.05647058823529412
0 0.643305439330544 0.033529411764705884 0.12343096234309624 0.06
