0 0.8242677824267782 0.8535294117647059 0.06276150627615062 0.02235294117647059
0 0.5376569037656904 0.7588235294117647 0.06276150627615062 0.01647058823529412
0 0.2698744769874477 0.7405882352941177 0.1506276150627615 0.04823529411764706
0 0.9769874476987448 0.65 0.04602510460251046 0.015294117647058824
0 0.9205020920502092 0.6388235294117647 0.05439330543933055 0.09176470588235294
0 0.06171548117154812 0.5047058823529412 0.12343096234309624 0.03529411764705882
0 0.9790794979079498 0.5305882352941177 0.04184100418410042 0.10588235294117647
0 0.11820083682008369 0.44 0.1694560669456067 0.018823529411764704
0 0.06171548117154812 0.37176470588235294 0.12343096234309624 0.01647058823529412
0 0.2290794979079498 0.3558823529411765 0.08577405857740586 0.01764705882352941
0 0.8451882845188284 0.26294117647058823 0.0502092050209205 0.03882352941176471
0 0.5 0.04941176470588235 1.0 0.004705882352941176
0 0.8797071129707112 0.01 0.09414225941422594 0.02
0 0.5930962343096234 0.011764705882352941 0.10251046025104603 0.023529411764705882
0 0.4382845188284519 0.01588235294117647 0.1192468619246862 0.03176470588235294
0 0.19351464435146443 0.021176470588235293 0.38702928870292885 0.042352941176470586
