0 0.5 0.9173640167364017 1.0 0.02301255230125523
0 0.3785377358490566 0.8399581589958159 0.5094339622641509 0.014644351464435146
0 0.7954009433962265 0.8284518828451883 0.16391509433962265 0.008368200836820083
0 0.036556603773584904 0.7311715481171548 0.07311320754716981 0.010460251046025104
0 0.9834905660377359 0.7081589958158996 0.0330188679245283 0.15690376569037656
0 0.9534198113207547 0.5774058577405857 0.012971698113207548 0.100418410041841
0 0.8844339622641509 0.4225941422594142 0.02358490566037736 0.07112970711297072
0 0.0589622641509434 0.5 0.0330188679245283 0.26778242677824265
0 0.7093160377358491 0.16527196652719664 0.027122641509433963 0.06694560669456066
0 0.8443396226415094 0.16213389121338911 0.09433962264150944 0.06485355648535565
