0 0.5 0.9456066945606695 1.0 0.1087866108786611
0 0.21875 0.9110878661087866 0.03891509433962264 0.043933054393305436
0 0.18808962264150944 0.8305439330543933 0.027122641509433963 0.11297071129707113
0 0.2659198113207547 0.7771966527196653 0.1214622641509434 0.11506276150627615
0 0.3643867924528302 0.36610878661087864 0.14150943396226415 0.04184100418410042
0 0.00884433962264151 0.3608786610878661 0.01768867924528302 0.1192468619246862
0 0.7264150943396226 0.2730125523012552 0.08254716981132075 0.06903765690376569
0 0.7211084905660378 0.21548117154811716 0.08136792452830188 0.06694560669456066
0 0.722877358490566 0.043933054393305436 0.09198113207547169 0.08786610878661087
0 0.6362028301886793 0.04811715481171548 0.07193396226415094 0.09623430962343096
0 0.4339622641509434 0.03765690376569038 0.03773584905660377 0.07531380753138076
0 0.39917452830188677 0.01882845188284519 0.0294811320754717 0.03765690376569038
0 0.298938679245283 0.08368200836820083 0.036556603773584904 0.16736401673640167
