0 0.3305439330543933 0.758235294117647 0.06694560669456066 0.015294117647058824
0 0.5219665271966527 0.7488235294117647 0.17782426778242677 0.02
0 0.14644351464435146 0.741764705882353 0.058577405857740586 0.052941176470588235
0 0.7782426778242678 0.7294117647058823 0.14225941422594143 0.04
0 0.9497907949790795 0.581764705882353 0.04184100418410042 0.015294117647058824
0 0.08577405857740586 0.6035294117647059 0.05439330543933055 0.11529411764705882
0 0.9686192468619247 0.5076470588235295 0.06276150627615062 0.029411764705882353
0 0.8765690376569037 0.48470588235294115 0.1506276150627615 0.04
0 0.02510460251046025 0.43 0.0502092050209205 0.03411764705882353
0 0.600418410041841 0.3341176470588235 0.13807531380753138 0.03529411764705882
0 0.1087866108786611 0.3135294117647059 0.11715481171548117 0.052941176470588235
0 0.7092050209205021 0.27 0.10460251046025104 0.04823529411764706
0 0.5826359832635983 0.17 0.056485355648535567 0.03882352941176471
0 0.9707112970711297 0.1011764705882353 0.058577405857740586 0.023529411764705882
0 0.7353556485355649 0.06294117647058824 0.10251046025104603 0.024705882352941175
0 0.5449790794979079 0.054705882352941174 0.14435146443514643 0.07411764705882352
0 0.3713389121338912 0.07411764705882352 0.14435146443514643 0.14823529411764705
