0 0.5 0.9811715481171548 1.0 0.03765690376569038
0 0.7517688679245284 0.9581589958158996 0.05306603773584906 0.03765690376569038
0 0.2694575471698113 0.8776150627615062 0.024764150943396228 0.04811715481171548
0 0.2641509433962264 0.7196652719665272 0.018867924528301886 0.06694560669456066
0 0.23820754716981132 0.6935146443514645 0.02358490566037736 0.0397489539748954
0 0.21285377358490565 0.6317991631799164 0.05306603773584906 0.07531380753138076
0 0.024174528301886794 0.5700836820083682 0.04834905660377359 0.12761506276150628
0 0.7222877358490566 0.5387029288702929 0.08136792452830188 0.20292887029288703
0 0.43042452830188677 0.2384937238493724 0.3278301886792453 0.1297071129707113
0 0.009433962264150943 0.1684100418410042 0.018867924528301886 0.056485355648535567
0 0.8125 0.02301255230125523 0.09669811320754718 0.04602510460251046
0 0.6544811320754716 0.03138075313807531 0.20518867924528303 0.06276150627615062
