0 0.23640167364016737 0.9611764705882353 0.12552301255230125 0.01647058823529412
0 0.2196652719665272 0.82 0.029288702928870293 0.021176470588235293
0 0.27405857740585776 0.8152941176470588 0.04602510460251046 0.04
0 0.6223849372384938 0.8123529411764706 0.060669456066945605 0.10705882352941176
0 0.8493723849372385 0.7164705882352941 0.04184100418410042 0.04470588235294118
0 0.9361924686192469 0.7 0.12761506276150628 0.0611764705882353
0 0.6841004184100419 0.6605882352941177 0.07531380753138076 0.0976470588235294
0 0.9717573221757322 0.581764705882353 0.056485355648535567 0.05058823529411765
0 0.015690376569037656 0.5535294117647059 0.03138075313807531 0.06470588235294118
0 0.5857740585774058 0.46 0.13389121338912133 0.058823529411764705
0 0.9414225941422594 0.4647058823529412 0.11715481171548117 0.1011764705882353
0 0.41422594142259417 0.43823529411764706 0.20920502092050208 0.06
0 0.32426778242677823 0.41 0.12552301255230125 0.06941176470588235
0 0.8744769874476988 0.3711764705882353 0.2510460251046025 0.13058823529411764
0 0.3169456066945607 0.18588235294117647 0.04811715481171548 0.02588235294117647
0 0.8430962343096234 0.20058823529411765 0.03347280334728033 0.1588235294117647
0 0.8828451882845189 0.07941176470588235 0.02510460251046025 0.027058823529411764
0 0.850418410041841 0.07823529411764706 0.02301255230125523 0.027058823529411764
0 0.8985355648535565 0.03823529411764706 0.02301255230125523 0.029411764705882353
0 0.8629707112970711 0.03705882352941176 0.02301255230125523 0.029411764705882353
0 0.9696652719665272 0.010588235294117647 0.060669456066945605 0.021176470588235293
