0 0.5159198113207547 0.9194560669456067 0.22523584905660377 0.14853556485355648
0 0.9168632075471698 0.8179916317991632 0.060141509433962265 0.0502092050209205
0 0.7411556603773585 0.7322175732217573 0.08136792452830188 0.03347280334728033
0 0.9121462264150944 0.6422594142259415 0.1214622641509434 0.1297071129707113
0 0.29009433962264153 0.45292887029288703 0.10377358490566038 0.060669456066945605
0 0.9257075471698113 0.4205020920502092 0.14858490566037735 0.17154811715481172
0 0.7948113207547169 0.2384937238493724 0.03537735849056604 0.058577405857740586
0 0.785377358490566 0.17468619246861924 0.05188679245283019 0.060669456066945605
0 0.9321933962264151 0.12343096234309624 0.13561320754716982 0.07112970711297072
0 0.7417452830188679 0.10774058577405858 0.018867924528301886 0.04811715481171548
0 0.7045990566037735 0.021966527196652718 0.09551886792452831 0.03556485355648536
0 0.07488207547169812 0.032426778242677826 0.045990566037735846 0.06485355648535565
