0 0.5282426778242678 0.8117647058823529 0.19874476987447698 0.023529411764705882
0 0.9194560669456067 0.7635294117647059 0.16108786610878661 0.02588235294117647
0 0.8682008368200836 0.7111764705882353 0.16317991631799164 0.07176470588235294
0 0.946652719665272 0.6311764705882353 0.10669456066945607 0.027058823529411764
0 0.8430962343096234 0.6276470588235294 0.100418410041841 0.027058823529411764
0 0.8556485355648535 0.5770588235294117 0.11297071129707113 0.01764705882352941
0 0.01778242677824268 0.4123529411764706 0.03556485355648536 0.02235294117647059
0 0.2813807531380753 0.28058823529411764 0.08158995815899582 0.03176470588235294
0 0.12447698744769875 0.27941176470588236 0.10251046025104603 0.036470588235294116
0 0.9100418410041841 0.27176470588235296 0.1799163179916318 0.12470588235294118
0 0.09937238493723849 0.1188235294117647 0.19874476987447698 0.02823529411764706
0 0.027196652719665274 0.09705882352941177 0.05439330543933055 0.010588235294117647
0 0.11401673640167365 0.07823529411764706 0.2280334728033473 0.010588235294117647
0 0.946652719665272 0.020588235294117647 0.06485355648535565 0.041176470588235294
