0 0.8650627615062761 0.9664705882352941 0.2698744769874477 0.036470588235294116
0 0.8797071129707112 0.9329411764705883 0.04811715481171548 0.023529411764705882
0 0.9476987447698745 0.9164705882352941 0.06276150627615062 0.04470588235294118
0 0.5826359832635983 0.8405882352941176 0.01882845188284519 0.05529411764705883
0 0.9173640167364017 0.8494117647058823 0.16527196652719664 0.08705882352941176
0 0.8682008368200836 0.8111764705882353 0.12133891213389121 0.024705882352941175
0 0.8002092050209205 0.84 0.11506276150627615 0.10588235294117647
0 0.8043933054393305 0.7535294117647059 0.05230125523012552 0.015294117647058824
0 0.9560669456066946 0.75 0.08786610878661087 0.036470588235294116
0 0.9780334728033473 0.6988235294117647 0.043933054393305436 0.03529411764705882
0 0.8462343096234309 0.7076470588235294 0.1192468619246862 0.09294117647058824
0 0.9895397489539749 0.6058823529411764 0.02092050209205021 0.042352941176470586
0 0.9612970711297071 0.5158823529411765 0.043933054393305436 0.012941176470588235
0 0.8817991631799164 0.5141176470588236 0.08158995815899582 0.01411764705882353
0 0.8985355648535565 0.49058823529411766 0.10251046025104603 0.01411764705882353
0 0.9759414225941423 0.36764705882352944 0.04811715481171548 0.05764705882352941
0 0.9372384937238494 0.30411764705882355 0.10460251046025104 0.036470588235294116
0 0.7677824267782427 0.2564705882352941 0.07531380753138076 0.04470588235294118
0 0.6694560669456067 0.2523529411764706 0.08786610878661087 0.03882352941176471
0 0.9518828451882845 0.20294117647058824 0.09623430962343096 0.05058823529411765
0 0.8765690376569037 0.008823529411764706 0.24686192468619247 0.01764705882352941
0 0.3702928870292887 0.005294117647058823 0.2594142259414226 0.010588235294117647
