0 0.4006276150627615 0.99 0.027196652719665274 0.02
0 0.8294979079497908 0.558235294117647 0.3410041841004184 0.027058823529411764
0 0.6757322175732218 0.4511764705882353 0.016736401673640166 0.04352941176470588
0 0.9895397489539749 0.4464705882352941 0.02092050209205021 0.06
0 0.7562761506276151 0.4511764705882353 0.10669456066945607 0.10941176470588235
0 0.9163179916317992 0.4047058823529412 0.058577405857740586 0.023529411764705882
0 0.4801255230125523 0.20823529411764705 0.16527196652719664 0.03294117647058824
0 0.6736401673640168 0.17176470588235293 0.1589958158995816 0.07529411764705882
0 0.8849372384937239 0.08588235294117647 0.06276150627615062 0.018823529411764704
0 0.3274058577405858 0.06411764705882353 0.03556485355648536 0.07647058823529412
0 0.49476987447698745 0.05 0.06485355648535565 0.1
0 0.13179916317991633 0.05235294117647059 0.07112970711297072 0.10470588235294118
