0 0.47818396226415094 0.9267782426778243 0.020047169811320754 0.06694560669456066
0 0.5 0.9403765690376569 1.0 0.1192468619246862
0 0.1892688679245283 0.8859832635983264 0.03891509433962264 0.0397489539748954
0 0.27476415094339623 0.7332635983263598 0.04716981132075472 0.06485355648535565
0 0.2641509433962264 0.7081589958158996 0.23113207547169812 0.29497907949790797
0 0.34964622641509435 0.33472803347280333 0.1474056603773585 0.04184100418410042
0 0.7287735849056604 0.03138075313807531 0.08962264150943396 0.06276150627615062
0 0.6715801886792453 0.03347280334728033 0.01768867924528302 0.06694560669456066
0 0.30365566037735847 0.05230125523012552 0.036556603773584904 0.10460251046025104
0 0.25707547169811323 0.07635983263598327 0.06839622641509434 0.15271966527196654
