0 0.058577405857740586 0.971764705882353 0.11715481171548117 0.05647058823529412
0 0.22489539748953974 0.9441176470588235 0.10251046025104603 0.03882352941176471
0 0.9058577405857741 0.8388235294117647 0.18828451882845187 0.047058823529411764
0 0.9027196652719666 0.7323529411764705 0.19456066945606695 0.11647058823529412
0 0.9152719665271967 0.6170588235294118 0.09414225941422594 0.027058823529411764
0 0.8253138075313807 0.6023529411764705 0.02301255230125523 0.05176470588235294
0 0.8294979079497908 0.5564705882352942 0.03138075313807531 0.04
0 0.9079497907949791 0.40941176470588236 0.06276150627615062 0.13647058823529412
0 0.645397489539749 0.26529411764705885 0.19456066945606695 0.05058823529411765
0 0.8399581589958159 0.23 0.03556485355648536 0.04588235294117647
0 0.6307531380753139 0.24 0.2112970711297071 0.11294117647058824
0 0.9309623430962343 0.2111764705882353 0.13807531380753138 0.10470588235294118
0 0.9717573221757322 0.13117647058823528 0.056485355648535567 0.041176470588235294
0 0.9686192468619247 0.04823529411764706 0.06276150627615062 0.04941176470588235
