0 0.9100418410041841 0.6882352941176471 0.08368200836820083 0.02588235294117647
0 0.49476987447698745 0.6770588235294117 0.09414225941422594 0.036470588235294116
0 0.9728033472803347 0.6829411764705883 0.05439330543933055 0.07176470588235294
0 0.4895397489539749 0.5505882352941176 0.3179916317991632 0.06588235294117648
0 0.9884937238493724 0.5341176470588235 0.02301255230125523 0.06352941176470588
0 0.8274058577405857 0.5017647058823529 0.23640167364016737 0.06941176470588235
0 0.6746861924686193 0.35058823529411764 0.4205020920502092 0.06588235294117648
0 0.07322175732217573 0.33 0.058577405857740586 0.029411764705882353
0 0.23117154811715482 0.34647058823529414 0.46234309623430964 0.06470588235294118
0 0.5847280334728033 0.30823529411764705 0.043933054393305436 0.02588235294117647
0 0.8514644351464435 0.31411764705882356 0.18828451882845187 0.04
0 0.8619246861924686 0.2752941176470588 0.0502092050209205 0.01411764705882353
0 0.7311715481171548 0.2911764705882353 0.42887029288702927 0.04588235294117647
0 0.22698744769874477 0.2888235294117647 0.29497907949790797 0.041176470588235294
0 0.28661087866108786 0.26176470588235295 0.3807531380753138 0.04352941176470588
0 0.3807531380753138 0.2288235294117647 0.09623430962343096 0.02
0 0.05230125523012552 0.23647058823529413 0.10460251046025104 0.06823529411764706
0 0.34518828451882844 0.1676470588235294 0.05439330543933055 0.01764705882352941
0 0.5428870292887029 0.1588235294117647 0.2907949790794979 0.06352941176470588
0 0.3912133891213389 0.09705882352941177 0.08368200836820083 0.012941176470588235
0 0.7447698744769874 0.10411764705882352 0.05439330543933055 0.052941176470588235
0 0.8420502092050209 0.01411764705882353 0.16527196652719664 0.02823529411764706
0 0.11715481171548117 0.021176470588235293 0.23430962343096234 0.042352941176470586
