0 0.6715481171548117 0.8535294117647059 0.13389121338912133 0.09529411764705882
0 0.7311715481171548 0.7788235294117647 0.04811715481171548 0.09176470588235294
0 0.9853556485355649 0.7376470588235294 0.029288702928870293 0.06588235294117648
0 0.4592050209205021 0.5652941176470588 0.03556485355648536 0.024705882352941175
0 0.3179916317991632 0.5652941176470588 0.2217573221757322 0.06941176470588235
0 0.5428870292887029 0.5452941176470588 0.05230125523012552 0.03882352941176471
0 0.49476987447698745 0.47352941176470587 0.3200836820083682 0.010588235294117647
0 0.1401673640167364 0.34941176470588237 0.2803347280334728 0.011764705882352941
0 0.4089958158995816 0.33176470588235296 0.23640167364016737 0.02588235294117647
0 0.0700836820083682 0.31941176470588234 0.060669456066945605 0.04352941176470588
0 0.20502092050209206 0.3023529411764706 0.0502092050209205 0.03058823529411765
0 0.34205020920502094 0.3023529411764706 0.08577405857740586 0.05411764705882353
0 0.698744769874477 0.22705882352941176 0.19665271966527198 0.04
0 0.42573221757322177 0.03529411764705882 0.1108786610878661 0.07058823529411765
