0 0.4560669456066946 0.9405882352941176 0.35564853556485354 0.036470588235294116
0 0.5428870292887029 0.8252941176470588 0.043933054393305436 0.03411764705882353
0 0.48430962343096234 0.7864705882352941 0.06903765690376569 0.02235294117647059
0 0.1809623430962343 0.8 0.1192468619246862 0.3129411764705882
0 0.9853556485355649 0.6188235294117647 0.029288702928870293 0.018823529411764704
0 0.850418410041841 0.5405882352941176 0.01882845188284519 0.052941176470588235
0 0.23640167364016737 0.4329411764705882 0.03347280334728033 0.03529411764705882
0 0.19246861924686193 0.3776470588235294 0.1506276150627615 0.05647058823529412
0 0.6548117154811716 0.35352941176470587 0.16317991631799164 0.036470588235294116
0 0.6223849372384938 0.31882352941176473 0.10669456066945607 0.02823529411764706
0 0.4131799163179916 0.31470588235294117 0.10669456066945607 0.027058823529411764
0 0.252092050209205 0.30823529411764705 0.10251046025104603 0.01647058823529412
0 0.11820083682008369 0.31 0.1108786610878661 0.029411764705882353
0 0.9916317991631799 0.20705882352941177 0.016736401673640166 0.05411764705882353
0 0.8305439330543933 0.045294117647058825 0.05439330543933055 0.09058823529411765
0 0.645397489539749 0.11470588235294117 0.03138075313807531 0.22941176470588234
0 0.2709205020920502 0.04294117647058823 0.060669456066945605 0.08588235294117647
