0 0.21443514644351463 0.9841176470588235 0.08158995815899582 0.03176470588235294
0 0.6715481171548117 0.9647058823529412 0.06694560669456066 0.07058823529411765
0 0.8734309623430963 0.9641176470588235 0.0397489539748954 0.07176470588235294
0 0.7866108786610879 0.8735294117647059 0.02092050209205021 0.036470588235294116
0 0.6767782426778243 0.6805882352941176 0.2824267782426778 0.02235294117647059
0 0.47489539748953974 0.5741176470588235 0.13389121338912133 0.03294117647058824
0 0.1684100418410042 0.5776470588235294 0.03138075313807531 0.06588235294117648
0 0.1788702928870293 0.4747058823529412 0.03556485355648536 0.04588235294117647
0 0.5104602510460251 0.22058823529411764 0.1297071129707113 0.03176470588235294
0 0.37343096234309625 0.05764705882352941 0.02301255230125523 0.07529411764705882
0 0.2719665271966527 0.01764705882352941 0.13807531380753138 0.023529411764705882
