0 0.049163179916317995 0.91 0.09832635983263599 0.0811764705882353
0 0.14539748953974896 0.8758823529411764 0.0397489539748954 0.02
0 0.5156903765690377 0.8694117647058823 0.060669456066945605 0.07294117647058823
0 0.698744769874477 0.7917647058823529 0.12552301255230125 0.10352941176470588
0 0.9748953974895398 0.6488235294117647 0.0502092050209205 0.015294117647058824
0 0.9278242677824268 0.6264705882352941 0.060669456066945605 0.07411764705882352
0 0.029288702928870293 0.5735294117647058 0.058577405857740586 0.036470588235294116
0 0.9853556485355649 0.5541176470588235 0.029288702928870293 0.05176470588235294
0 0.11506276150627615 0.47941176470588237 0.08786610878661087 0.03176470588235294
0 0.04602510460251046 0.48176470588235293 0.09205020920502092 0.04823529411764706
0 0.09518828451882845 0.40647058823529414 0.17782426778242677 0.03176470588235294
0 0.8640167364016736 0.35764705882352943 0.06694560669456066 0.021176470588235293
0 0.05439330543933055 0.32941176470588235 0.1087866108786611 0.018823529411764704
0 0.8964435146443515 0.2311764705882353 0.1192468619246862 0.07176470588235294
0 0.643305439330544 0.15411764705882353 0.05230125523012552 0.02823529411764706
0 0.7228033472803347 0.14529411764705882 0.09832635983263599 0.024705882352941175
