0 0.5 0.9633891213389121 1.0 0.07322175732217573
0 0.7558962264150944 0.9288702928870293 0.05660377358490566 0.04184100418410042
0 0.2641509433962264 0.8493723849372385 0.0330188679245283 0.07112970711297072
0 0.96875 0.6328451882845189 0.045990566037735846 0.04811715481171548
0 0.21933962264150944 0.6537656903765691 0.10377358490566038 0.16527196652719664
0 0.03537735849056604 0.6129707112970711 0.07075471698113207 0.18828451882845187
0 0.43337264150943394 0.5177824267782427 0.07429245283018868 0.23221757322175732
0 0.7264150943396226 0.5010460251046025 0.09669811320754718 0.2112970711297071
0 0.808372641509434 0.4299163179916318 0.08844339622641509 0.2615062761506276
0 0.9540094339622641 0.27615062761506276 0.01650943396226415 0.12133891213389121
0 0.020047169811320754 0.2102510460251046 0.04009433962264151 0.10669456066945607
0 0.419811320754717 0.20188284518828453 0.33254716981132076 0.14435146443514643
0 0.3107311320754717 0.02092050209205021 0.267688679245283 0.04184100418410042
