0 0.7523584905660378 0.9424686192468619 0.025943396226415096 0.08577405857740586
0 0.6485849056603774 0.8211297071129707 0.09433962264150944 0.08577405857740586
0 0.49764150943396224 0.7887029288702929 0.06367924528301887 0.07531380753138076
0 0.27299528301886794 0.7112970711297071 0.08372641509433962 0.02510460251046025
0 0.6485849056603774 0.6171548117154811 0.1179245283018868 0.04184100418410042
0 0.8048349056603774 0.5784518828451883 0.07665094339622641 0.05230125523012552
0 0.05778301886792453 0.5083682008368201 0.018867924528301886 0.08368200836820083
0 0.6568396226415094 0.45083682008368203 0.02122641509433962 0.04811715481171548
0 0.6945754716981132 0.4361924686192469 0.018867924528301886 0.06903765690376569
0 0.4404481132075472 0.46234309623430964 0.03419811320754717 0.12552301255230125
0 0.7169811320754716 0.4205020920502092 0.03773584905660377 0.100418410041841
0 0.7759433962264151 0.40585774058577406 0.0589622641509434 0.13807531380753138
0 0.7093160377358491 0.3514644351464435 0.045990566037735846 0.09623430962343096
0 0.6792452830188679 0.38702928870292885 0.01650943396226415 0.16736401673640167
0 0.8461084905660378 0.4225941422594142 0.015330188679245283 0.2510460251046025
0 0.1721698113207547 0.2730125523012552 0.14150943396226415 0.03138075313807531
0 0.18278301886792453 0.2384937238493724 0.04245283018867924 0.04602510460251046
0 0.05188679245283019 0.24267782426778242 0.02830188679245283 0.0794979079497908
0 0.18160377358490565 0.1997907949790795 0.04009433962264151 0.04811715481171548
0 0.78125 0.20711297071129708 0.15212264150943397 0.0794979079497908
0 0.09787735849056604 0.19351464435146443 0.1957547169811321 0.06485355648535565
0 0.24056603773584906 0.20606694560669456 0.09669811320754718 0.09832635983263599
