0 0.4560669456066946 0.6829411764705883 0.17573221757322174 0.027058823529411764
0 0.6684100418410042 0.6652941176470588 0.16527196652719664 0.01764705882352941
0 0.6631799163179917 0.6217647058823529 0.10460251046025104 0.03176470588235294
0 0.38702928870292885 0.6076470588235294 0.07531380753138076 0.041176470588235294
0 0.8493723849372385 0.5682352941176471 0.03347280334728033 0.023529411764705882
0 0.2709205020920502 0.5570588235294117 0.06903765690376569 0.041176470588235294
0 0.060669456066945605 0.5511764705882353 0.12133891213389121 0.029411764705882353
0 0.5397489539748954 0.53 0.04184100418410042 0.03176470588235294
0 0.3608786610878661 0.5276470588235294 0.06903765690376569 0.05529411764705883
0 0.4341004184100418 0.5058823529411764 0.0397489539748954 0.02823529411764706
0 0.9016736401673641 0.2088235294117647 0.19665271966527198 0.052941176470588235
0 0.6799163179916318 0.12823529411764706 0.07531380753138076 0.04
0 0.13179916317991633 0.02588235294117647 0.04602510460251046 0.042352941176470586
