0 0.4693396226415094 0.8347280334728033 0.11320754716981132 0.07112970711297072
0 0.9133254716981132 0.7332635983263598 0.05306603773584906 0.0397489539748954
0 0.8744103773584906 0.5502092050209205 0.08136792452830188 0.11715481171548117
0 0.28773584905660377 0.45502092050209203 0.07783018867924528 0.04811715481171548
0 0.9015330188679245 0.32322175732217573 0.19693396226415094 0.17782426778242677
0 0.7570754716981132 0.21338912133891214 0.02358490566037736 0.05439330543933055
0 0.7470518867924528 0.15481171548117154 0.041273584905660375 0.058577405857740586
0 0.8702830188679245 0.04602510460251046 0.02358490566037736 0.03347280334728033
0 0.9298349056603774 0.038702928870292884 0.1403301886792453 0.06485355648535565
0 0.05837264150943396 0.009414225941422594 0.041273584905660375 0.01882845188284519
