0 0.7594339622641509 0.9832635983263598 0.4811320754716981 0.03347280334728033
0 0.7535377358490566 0.9602510460251046 0.05188679245283019 0.03765690376569038
0 0.27122641509433965 0.8828451882845189 0.025943396226415096 0.05439330543933055
0 0.2653301886792453 0.7280334728033473 0.018867924528301886 0.06694560669456066
0 0.21226415094339623 0.641213389121339 0.054245283018867926 0.07740585774058577
0 0.024764150943396228 0.5742677824267782 0.049528301886792456 0.13179916317991633
0 0.5336084905660378 0.23535564853556484 0.10495283018867925 0.07740585774058577
0 0.43101415094339623 0.24686192468619247 0.3266509433962264 0.1297071129707113
0 0.009433962264150943 0.17364016736401675 0.018867924528301886 0.05439330543933055
0 0.8307783018867925 0.021966527196652718 0.09316037735849056 0.043933054393305436
