0 0.40481171548117156 0.9576470588235294 0.07740585774058577 0.01411764705882353
0 0.3410041841004184 0.9564705882352941 0.0502092050209205 0.018823529411764704
0 0.5271966527196653 0.9529411764705882 0.15481171548117154 0.018823529411764704
0 0.19351464435146443 0.8788235294117647 0.06903765690376569 0.15294117647058825
0 0.11610878661087866 0.691764705882353 0.07740585774058577 0.17882352941176471
0 0.17154811715481172 0.44941176470588234 0.10460251046025104 0.01647058823529412
0 0.3117154811715481 0.42705882352941177 0.06276150627615062 0.03294117647058824
0 0.38702928870292885 0.4223529411764706 0.10460251046025104 0.03058823529411765
0 0.14539748953974896 0.36823529411764705 0.0899581589958159 0.03294117647058824
0 0.6171548117154811 0.3111764705882353 0.09623430962343096 0.03411764705882353
0 0.41631799163179917 0.31470588235294117 0.301255230125523 0.041176470588235294
0 0.10669456066945607 0.30470588235294116 0.09205020920502092 0.023529411764705882
0 0.6223849372384938 0.12117647058823529 0.027196652719665274 0.18352941176470589
0 0.8096234309623431 0.03588235294117647 0.02510460251046025 0.07176470588235294
0 0.2583682008368201 0.03411764705882353 0.03556485355648536 0.06823529411764706
