0 0.049163179916317995 0.9752941176470589 0.09832635983263599 0.04941176470588235
0 0.752092050209205 0.8441176470588235 0.03138075313807531 0.09058823529411765
0 0.893305439330544 0.798235294117647 0.16736401673640167 0.041176470588235294
0 0.897489539748954 0.6694117647058824 0.14225941422594143 0.0611764705882353
0 0.9152719665271967 0.5823529411764706 0.08158995815899582 0.023529411764705882
0 0.8462343096234309 0.5164705882352941 0.027196652719665274 0.03058823529411765
0 0.9864016736401674 0.3311764705882353 0.027196652719665274 0.04352941176470588
0 0.9194560669456067 0.2023529411764706 0.07740585774058577 0.04
0 0.9864016736401674 0.18823529411764706 0.027196652719665274 0.03764705882352941
0 0.5638075313807531 0.19823529411764707 0.2698744769874477 0.06705882352941177
0 0.9100418410041841 0.13470588235294118 0.058577405857740586 0.01764705882352941
0 0.5930962343096234 0.13117647058823528 0.027196652719665274 0.02
0 0.4602510460251046 0.1388235294117647 0.06694560669456066 0.06352941176470588
0 0.5711297071129707 0.13411764705882354 0.24686192468619247 0.07058823529411765
0 0.5585774058577406 0.1511764705882353 0.3179916317991632 0.12588235294117647
0 0.9309623430962343 0.0611764705882353 0.13807531380753138 0.03058823529411765
0 0.9309623430962343 0.020588235294117647 0.13807531380753138 0.041176470588235294
