0 0.90625 0.9142259414225942 0.0625 0.16317991631799164
0 0.08726415094339622 0.8650627615062761 0.12971698113207547 0.11506276150627615
0 0.9740566037735849 0.7238493723849372 0.05188679245283019 0.08368200836820083
0 0.972877358490566 0.6694560669456067 0.054245283018867926 0.06694560669456066
0 0.21108490566037735 0.7050209205020921 0.125 0.19665271966527198
0 0.9604952830188679 0.5794979079497908 0.03891509433962264 0.08786610878661087
0 0.3608490566037736 0.5387029288702929 0.14150943396226415 0.08158995815899582
0 0.8667452830188679 0.6401673640167364 0.07311320754716981 0.3305439330543933
0 0.5996462264150944 0.28451882845188287 0.07665094339622641 0.07112970711297072
0 0.9882075471698113 0.2280334728033473 0.02358490566037736 0.06694560669456066
0 0.5235849056603774 0.20188284518828453 0.02358490566037736 0.060669456066945605
0 0.6444575471698113 0.19351464435146443 0.08372641509433962 0.06485355648535565
0 0.7281839622641509 0.18828451882845187 0.07665094339622641 0.06276150627615062
0 0.9899764150943396 0.16736401673640167 0.020047169811320754 0.06694560669456066
0 0.7441037735849056 0.08158995815899582 0.04245283018867924 0.058577405857740586
0 0.9864386792452831 0.0502092050209205 0.027122641509433963 0.100418410041841
0 0.9433962264150944 0.07217573221757322 0.049528301886792456 0.14435146443514643
