0 0.3054393305439331 0.9847058823529412 0.13807531380753138 0.03058823529411765
0 0.6255230125523012 0.5035294117647059 0.35564853556485354 0.06823529411764706
0 0.7489539748953975 0.4505882352941176 0.3179916317991632 0.06823529411764706
0 0.7144351464435147 0.44 0.1694560669456067 0.06588235294117648
0 0.8106694560669456 0.3870588235294118 0.03556485355648536 0.02823529411764706
0 0.7719665271966527 0.3870588235294118 0.03347280334728033 0.02823529411764706
0 0.7311715481171548 0.3870588235294118 0.0397489539748954 0.02823529411764706
0 0.6694560669456067 0.3870588235294118 0.029288702928870293 0.02823529411764706
0 0.6359832635983264 0.3870588235294118 0.03347280334728033 0.02823529411764706
0 0.5941422594142259 0.38588235294117645 0.04184100418410042 0.02823529411764706
0 0.747907949790795 0.35352941176470587 0.060669456066945605 0.029411764705882353
0 0.8190376569037657 0.3488235294117647 0.07740585774058577 0.03882352941176471
0 0.700836820083682 0.34823529411764703 0.03765690376569038 0.03764705882352941
0 0.6621338912133892 0.34823529411764703 0.03556485355648536 0.03764705882352941
0 0.6213389121338913 0.3476470588235294 0.03765690376569038 0.03882352941176471
0 0.5815899581589958 0.3476470588235294 0.03347280334728033 0.03882352941176471
0 0.8179916317991632 0.29823529411764704 0.06694560669456066 0.03176470588235294
0 0.8493723849372385 0.22470588235294117 0.0794979079497908 0.06352941176470588
0 0.5972803347280334 0.2188235294117647 0.043933054393305436 0.05647058823529412
0 0.7803347280334728 0.21352941176470588 0.07531380753138076 0.06235294117647059
0 0.7102510460251046 0.21058823529411766 0.027196652719665274 0.05647058823529412
0 0.6516736401673641 0.21235294117647058 0.06485355648535565 0.06
0 0.6506276150627615 0.15470588235294117 0.100418410041841 0.015294117647058824
0 0.2698744769874477 0.3723529411764706 0.09623430962343096 0.4858823529411765
0 0.10146443514644352 0.06 0.16108786610878661 0.06823529411764706
