0 0.8531839622641509 0.8943514644351465 0.04834905660377359 0.07740585774058577
0 0.7452830188679245 0.7635983263598326 0.06367924528301887 0.0794979079497908
0 0.7216981132075472 0.6631799163179917 0.030660377358490566 0.03347280334728033
0 0.8219339622641509 0.6715481171548117 0.04716981132075472 0.05439330543933055
0 0.6792452830188679 0.5700836820083682 0.07547169811320754 0.05230125523012552
0 0.298938679245283 0.5062761506276151 0.015330188679245283 0.15481171548117154
0 0.8691037735849056 0.348326359832636 0.08726415094339622 0.060669456066945605
0 0.19929245283018868 0.18723849372384938 0.030660377358490566 0.043933054393305436
0 0.25943396226415094 0.1893305439330544 0.030660377358490566 0.056485355648535567
0 0.45931603773584906 0.1579497907949791 0.024764150943396228 0.09832635983263599
0 0.37264150943396224 0.12761506276150628 0.04716981132075472 0.12133891213389121
0 0.9587264150943396 0.10251046025104603 0.08254716981132075 0.14225941422594143
0 0.20224056603773585 0.08682008368200837 0.031839622641509434 0.1192468619246862
0 0.558372641509434 0.07531380753138076 0.036556603773584904 0.12552301255230125
0 0.9829009433962265 0.01882845188284519 0.03419811320754717 0.03765690376569038
0 0.5058962264150944 0.10355648535564854 0.07075471698113207 0.20711297071129708
0 0.2706367924528302 0.07112970711297072 0.041273584905660375 0.14225941422594143
