0 0.9587264150943396 0.9341004184100419 0.08254716981132075 0.060669456066945605
0 0.9575471698113207 0.899581589958159 0.08490566037735849 0.08368200836820083
0 0.9805424528301887 0.858786610878661 0.0294811320754717 0.0397489539748954
0 0.18691037735849056 0.8472803347280334 0.055424528301886794 0.0502092050209205
0 0.09492924528301887 0.8389121338912134 0.06485849056603774 0.06694560669456066
0 0.9905660377358491 0.7939330543933054 0.018867924528301886 0.06485355648535565
0 0.9575471698113207 0.7751046025104602 0.03773584905660377 0.07322175732217573
0 0.6191037735849056 0.7489539748953975 0.02122641509433962 0.0502092050209205
0 0.6191037735849056 0.6725941422594143 0.01650943396226415 0.06485355648535565
0 0.055424528301886794 0.6778242677824268 0.030660377358490566 0.1589958158995816
0 0.8066037735849056 0.6014644351464435 0.04716981132075472 0.014644351464435146
0 0.4074292452830189 0.6276150627615062 0.04834905660377359 0.0794979079497908
0 0.8036556603773585 0.5815899581589958 0.05778301886792453 0.03347280334728033
0 0.9681603773584906 0.6401673640167364 0.06367924528301887 0.15481171548117154
0 0.8148584905660378 0.37552301255230125 0.07311320754716981 0.01882845188284519
0 0.5742924528301887 0.36610878661087864 0.09433962264150944 0.03765690376569038
0 0.9658018867924528 0.3776150627615063 0.06839622641509434 0.09832635983263599
0 0.8077830188679245 0.33368200836820083 0.08490566037735849 0.06485355648535565
0 0.4681603773584906 0.35251046025104604 0.04245283018867924 0.1108786610878661
0 0.8089622641509434 0.2698744769874477 0.08962264150943396 0.06276150627615062
0 0.9805424528301887 0.24163179916317992 0.03891509433962264 0.03556485355648536
0 0.7045990566037735 0.28765690376569036 0.14504716981132076 0.19456066945606695
0 0.7606132075471698 0.12761506276150628 0.054245283018867926 0.03765690376569038
0 0.5560141509433962 0.11297071129707113 0.045990566037735846 0.03765690376569038
0 0.6079009433962265 0.13284518828451883 0.10731132075471699 0.08577405857740586
0 0.07370283018867925 0.10355648535564854 0.1474056603773585 0.10669456066945607
0 0.4339622641509434 0.10669456066945607 0.11320754716981132 0.1799163179916318
0 0.33077830188679247 0.032426778242677826 0.0625 0.06485355648535565
0 0.20224056603773585 0.034518828451882845 0.07429245283018868 0.06903765690376569
