0 0.3761792452830189 0.9309623430962343 0.04716981132075472 0.029288702928870293
0 0.7352594339622641 0.8556485355648535 0.045990566037735846 0.06276150627615062
0 0.6403301886792453 0.8797071129707112 0.0589622641509434 0.1192468619246862
0 0.7523584905660378 0.7353556485355649 0.0330188679245283 0.04811715481171548
0 0.7564858490566038 0.40690376569037656 0.09551886792452831 0.06903765690376569
0 0.7612028301886793 0.3389121338912134 0.09787735849056604 0.06694560669456066
0 0.8897405660377359 0.30962343096234307 0.041273584905660375 0.07531380753138076
0 0.9905660377358491 0.29497907949790797 0.018867924528301886 0.07112970711297072
0 0.8136792452830188 0.08472803347280335 0.03537735849056604 0.09832635983263599
0 0.6698113207547169 0.04497907949790795 0.08254716981132075 0.0899581589958159
0 0.46285377358490565 0.03347280334728033 0.05306603773584906 0.06694560669456066
0 0.3856132075471698 0.012552301255230125 0.030660377358490566 0.02510460251046025
