0 0.5439330543933054 0.8070588235294117 0.18410041841004185 0.023529411764705882
0 0.9236401673640168 0.7629411764705882 0.15271966527196654 0.027058823529411764
0 0.893305439330544 0.7082352941176471 0.21338912133891214 0.06823529411764706
0 0.9476987447698745 0.6305882352941177 0.10460251046025104 0.02588235294117647
0 0.8430962343096234 0.6264705882352941 0.10460251046025104 0.027058823529411764
0 0.8598326359832636 0.5782352941176471 0.1087866108786611 0.02
0 0.03138075313807531 0.4176470588235294 0.06276150627615062 0.03529411764705882
0 0.28870292887029286 0.2823529411764706 0.09205020920502092 0.03764705882352941
0 0.12656903765690378 0.2782352941176471 0.10251046025104603 0.036470588235294116
0 0.9079497907949791 0.2735294117647059 0.18410041841004185 0.1188235294117647
0 0.14644351464435146 0.11941176470588236 0.100418410041841 0.024705882352941175
0 0.03556485355648536 0.11529411764705882 0.07112970711297072 0.023529411764705882
0 0.5700836820083682 0.0811764705882353 0.303347280334728 0.007058823529411765
0 0.11715481171548117 0.07529411764705882 0.23430962343096234 0.009411764705882352
0 0.9602510460251046 0.019411764705882354 0.0794979079497908 0.03882352941176471
