0 0.6778242677824268 0.7905882352941176 0.07112970711297072 0.018823529411764704
0 0.5376569037656904 0.7576470588235295 0.12552301255230125 0.011764705882352941
0 0.9686192468619247 0.7588235294117647 0.06276150627615062 0.07294117647058823
0 0.8640167364016736 0.6894117647058824 0.13807531380753138 0.06352941176470588
0 0.9476987447698745 0.5764705882352941 0.10460251046025104 0.07058823529411765
0 0.16527196652719664 0.6111764705882353 0.16736401673640167 0.30470588235294116
0 0.20711297071129708 0.3064705882352941 0.0794979079497908 0.04352941176470588
0 0.2918410041841004 0.2876470588235294 0.0899581589958159 0.041176470588235294
0 0.07845188284518828 0.24764705882352941 0.10669456066945607 0.04352941176470588
0 0.6830543933054394 0.17941176470588235 0.10669456066945607 0.012941176470588235
0 0.39644351464435146 0.15764705882352942 0.10251046025104603 0.021176470588235293
0 0.3158995815899582 0.15176470588235294 0.04602510460251046 0.018823529411764704
0 0.21234309623430964 0.14588235294117646 0.10251046025104603 0.023529411764705882
0 0.05230125523012552 0.14352941176470588 0.10460251046025104 0.04470588235294118
