0 0.3023012552301255 0.9847058823529412 0.13598326359832635 0.03058823529411765
0 0.6077405857740585 0.52 0.2112970711297071 0.011764705882352941
0 0.7897489539748954 0.44941176470588234 0.16527196652719664 0.03529411764705882
0 0.6223849372384938 0.43823529411764706 0.14435146443514643 0.06705882352941177
0 0.7719665271966527 0.37411764705882355 0.03347280334728033 0.02823529411764706
0 0.6317991631799164 0.37470588235294117 0.029288702928870293 0.029411764705882353
0 0.5983263598326359 0.37411764705882355 0.03347280334728033 0.02823529411764706
0 0.5585774058577406 0.37411764705882355 0.03347280334728033 0.02823529411764706
0 0.7939330543933054 0.3352941176470588 0.04811715481171548 0.03764705882352941
0 0.6610878661087866 0.33588235294117647 0.03347280334728033 0.03882352941176471
0 0.6223849372384938 0.33588235294117647 0.03556485355648536 0.03882352941176471
0 0.5826359832635983 0.33588235294117647 0.03556485355648536 0.03882352941176471
0 0.7813807531380753 0.2847058823529412 0.056485355648535567 0.03058823529411765
0 0.6757322175732218 0.2852941176470588 0.02510460251046025 0.03176470588235294
0 0.8064853556485355 0.2111764705882353 0.07740585774058577 0.06235294117647059
0 0.5324267782426778 0.21058823529411766 0.0899581589958159 0.06352941176470588
0 0.608786610878661 0.20058823529411765 0.06694560669456066 0.06
0 0.7332635983263598 0.2 0.08158995815899582 0.0611764705882353
0 0.6663179916317992 0.1976470588235294 0.02301255230125523 0.05647058823529412
0 0.6328451882845189 0.14176470588235293 0.1192468619246862 0.012941176470588235
0 0.2395397489539749 0.3664705882352941 0.09414225941422594 0.4764705882352941
0 0.07740585774058577 0.05352941176470588 0.11297071129707113 0.05058823529411765
