0 0.7039748953974896 0.7294117647058823 0.027196652719665274 0.03294117647058824
0 0.9131799163179917 0.5411764705882353 0.17364016736401675 0.06588235294117648
0 0.5209205020920502 0.5017647058823529 0.03765690376569038 0.04823529411764706
0 0.3493723849372385 0.4688235294117647 0.0794979079497908 0.06470588235294118
0 0.5930962343096234 0.4076470588235294 0.3158995815899582 0.06470588235294118
0 0.3598326359832636 0.3905882352941176 0.12133891213389121 0.0611764705882353
0 0.8650627615062761 0.28941176470588237 0.04811715481171548 0.05647058823529412
0 0.8671548117154811 0.14529411764705882 0.0899581589958159 0.06470588235294118
0 0.3912133891213389 0.10352941176470588 0.11297071129707113 0.07529411764705882
0 0.8828451882845189 0.08411764705882353 0.02092050209205021 0.03882352941176471
0 0.40585774058577406 0.04764705882352941 0.04184100418410042 0.027058823529411764
0 0.043933054393305436 0.02176470588235294 0.08786610878661087 0.04352941176470588
