0 0.5 0.9518828451882845 1.0 0.09623430962343096
0 0.24941037735849056 0.6244769874476988 0.04363207547169811 0.08577405857740586
0 0.2623820754716981 0.553347280334728 0.05778301886792453 0.03138075313807531
0 0.6851415094339622 0.33472803347280333 0.07783018867924528 0.06276150627615062
0 0.6910377358490566 0.2709205020920502 0.06839622641509434 0.060669456066945605
0 0.010023584905660377 0.24163179916317992 0.020047169811320754 0.056485355648535567
0 0.038325471698113206 0.2405857740585774 0.031839622641509434 0.058577405857740586
0 0.07547169811320754 0.23640167364016737 0.0330188679245283 0.058577405857740586
0 0.11025943396226415 0.23430962343096234 0.020047169811320754 0.058577405857740586
0 0.20047169811320756 0.2280334728033473 0.018867924528301886 0.058577405857740586
0 0.2258254716981132 0.22698744769874477 0.031839622641509434 0.060669456066945605
0 0.2647405660377358 0.22384937238493724 0.041273584905660375 0.06276150627615062
0 0.31485849056603776 0.22071129707112971 0.018867924528301886 0.060669456066945605
0 0.294811320754717 0.22071129707112971 0.009433962264150943 0.060669456066945605
0 0.357311320754717 0.2175732217573222 0.030660377358490566 0.058577405857740586
0 0.33254716981132076 0.2186192468619247 0.009433962264150943 0.060669456066945605
0 0.6556603773584906 0.2112970711297071 0.02122641509433962 0.05439330543933055
0 0.11379716981132075 0.06276150627615062 0.12853773584905662 0.12552301255230125
0 0.08077830188679246 0.021966527196652718 0.041273584905660375 0.043933054393305436
0 0.03537735849056604 0.0198744769874477 0.06839622641509434 0.0397489539748954
