0 0.34414225941422594 0.8323529411764706 0.04811715481171548 0.024705882352941175
0 0.2709205020920502 0.8247058823529412 0.05230125523012552 0.04
0 0.39748953974895396 0.8235294117647058 0.058577405857740586 0.04
0 0.1809623430962343 0.8229411764705883 0.06903765690376569 0.041176470588235294
0 0.45292887029288703 0.8205882352941176 0.0397489539748954 0.03882352941176471
0 0.1098326359832636 0.8182352941176471 0.060669456066945605 0.04352941176470588
0 0.0397489539748954 0.8135294117647058 0.02092050209205021 0.041176470588235294
0 0.25313807531380755 0.7811764705882352 0.0794979079497908 0.018823529411764704
0 0.20920502092050208 0.6658823529411765 0.21338912133891214 0.08235294117647059
0 0.7395397489539749 0.5523529411764706 0.11506276150627615 0.1376470588235294
0 0.48640167364016734 0.5805882352941176 0.13598326359832635 0.22
0 0.24267782426778242 0.47411764705882353 0.38493723849372385 0.03529411764705882
0 0.6213389121338913 0.3976470588235294 0.13807531380753138 0.05411764705882353
0 0.6317991631799164 0.34352941176470586 0.13807531380753138 0.04
0 0.8294979079497908 0.3335294117647059 0.04811715481171548 0.027058823529411764
0 0.8901673640167364 0.012941176470588235 0.06485355648535565 0.02588235294117647
