0 0.9173640167364017 0.48764705882352943 0.03138075313807531 0.02
0 0.05753138075313807 0.4676470588235294 0.03556485355648536 0.03176470588235294
0 0.03138075313807531 0.3952941176470588 0.03765690376569038 0.10823529411764705
0 0.698744769874477 0.3382352941176471 0.1589958158995816 0.04352941176470588
0 0.6380753138075314 0.30117647058823527 0.04184100418410042 0.03764705882352941
0 0.6642259414225942 0.3205882352941177 0.12761506276150628 0.09294117647058824
0 0.17677824267782427 0.26294117647058823 0.06903765690376569 0.041176470588235294
0 0.5627615062761506 0.2488235294117647 0.07112970711297072 0.04588235294117647
0 0.8315899581589958 0.14470588235294118 0.08158995815899582 0.13176470588235295
0 0.29602510460251047 0.02 0.027196652719665274 0.04
