0 0.21757075471698112 0.8284518828451883 0.04363207547169811 0.07112970711297072
0 0.5047169811320755 0.5794979079497908 0.01650943396226415 0.14225941422594143
0 0.45047169811320753 0.5784518828451883 0.018867924528301886 0.14853556485355648
0 0.3290094339622642 0.5292887029288703 0.018867924528301886 0.17573221757322174
0 0.33490566037735847 0.45083682008368203 0.018867924528301886 0.0899581589958159
0 0.8873820754716981 0.4330543933054393 0.03891509433962264 0.0794979079497908
0 0.7511792452830188 0.4424686192468619 0.04245283018867924 0.18200836820083682
0 0.17747641509433962 0.35460251046025104 0.08136792452830188 0.060669456066945605
0 0.9817216981132075 0.33263598326359833 0.0294811320754717 0.04184100418410042
0 0.6426886792452831 0.32322175732217573 0.09433962264150944 0.060669456066945605
0 0.5088443396226415 0.3169456066945607 0.027122641509433963 0.060669456066945605
0 0.18160377358490565 0.2834728033472803 0.04716981132075472 0.027196652719665274
0 0.1491745283018868 0.2583682008368201 0.03419811320754717 0.060669456066945605
0 0.1957547169811321 0.2615062761506276 0.0660377358490566 0.11297071129707113
0 0.9398584905660378 0.08891213389121339 0.049528301886792456 0.1401673640167364
0 0.7152122641509434 0.009414225941422594 0.03419811320754717 0.01882845188284519
