0 0.05011792452830189 0.8138075313807531 0.055424528301886794 0.029288702928870293
0 0.06367924528301887 0.49476987447698745 0.018867924528301886 0.04811715481171548
0 0.4994103773584906 0.4665271966527197 0.027122641509433963 0.08368200836820083
0 0.03891509433962264 0.4571129707112971 0.07783018867924528 0.07322175732217573
0 0.6049528301886793 0.5052301255230126 0.03537735849056604 0.19456066945606695
0 0.015919811320754717 0.19769874476987448 0.031839622641509434 0.043933054393305436
0 0.24056603773584906 0.2175732217573222 0.03773584905660377 0.08786610878661087
0 0.7258254716981132 0.20711297071129708 0.05306603773584906 0.09205020920502092
0 0.10141509433962265 0.13389121338912133 0.030660377358490566 0.04184100418410042
0 0.5277122641509434 0.100418410041841 0.04363207547169811 0.03765690376569038
0 0.37912735849056606 0.01778242677824268 0.03891509433962264 0.01882845188284519
0 0.47287735849056606 0.06694560669456066 0.0589622641509434 0.13389121338912133
