0 0.6223849372384938 0.94 0.23221757322175732 0.06823529411764706
0 0.8043933054393305 0.908235294117647 0.14853556485355648 0.03294117647058824
0 0.9759414225941423 0.5652941176470588 0.04811715481171548 0.03411764705882353
0 0.5261506276150628 0.44941176470588234 0.1903765690376569 0.03764705882352941
0 0.9832635983263598 0.3864705882352941 0.03347280334728033 0.01764705882352941
0 0.5324267782426778 0.35 0.03556485355648536 0.027058823529411764
0 0.8556485355648535 0.2888235294117647 0.07112970711297072 0.012941176470588235
0 0.9330543933054394 0.23529411764705882 0.13389121338912133 0.08941176470588236
0 0.3797071129707113 0.03529411764705882 0.03556485355648536 0.047058823529411764
0 0.952928870292887 0.03705882352941176 0.07322175732217573 0.07411764705882352
