0 0.5575313807531381 0.9905882352941177 0.03556485355648536 0.018823529411764704
0 0.10564853556485355 0.9505882352941176 0.2112970711297071 0.0988235294117647
0 0.12866108786610878 0.8952941176470588 0.060669456066945605 0.03294117647058824
0 0.5585774058577406 0.8423529411764706 0.02092050209205021 0.021176470588235293
0 0.608786610878661 0.8270588235294117 0.03347280334728033 0.018823529411764704
0 0.44037656903765693 0.6617647058823529 0.20292887029288703 0.041176470588235294
0 0.7154811715481172 0.6052941176470589 0.02092050209205021 0.05058823529411765
0 0.6767782426778243 0.4611764705882353 0.06485355648535565 0.02823529411764706
0 0.9079497907949791 0.47058823529411764 0.18410041841004185 0.06823529411764706
0 0.17573221757322174 0.47941176470588237 0.0502092050209205 0.1588235294117647
0 0.7792887029288703 0.28 0.08577405857740586 0.018823529411764704
0 0.0899581589958159 0.23647058823529413 0.029288702928870293 0.02588235294117647
0 0.9110878661087866 0.20470588235294118 0.10251046025104603 0.0988235294117647
0 0.25732217573221755 0.14352941176470588 0.03765690376569038 0.047058823529411764
0 0.6757322175732218 0.10529411764705883 0.0502092050209205 0.03882352941176471
0 0.8472803347280334 0.015294117647058824 0.1506276150627615 0.03058823529411765
0 0.6276150627615062 0.036470588235294116 0.2510460251046025 0.07294117647058823
