0 0.7960251046025104 0.9211764705882353 0.08158995815899582 0.03529411764705882
0 0.7248953974895398 0.8635294117647059 0.14435146443514643 0.0988235294117647
0 0.14958158995815898 0.7911764705882353 0.11506276150627615 0.07882352941176471
0 0.7960251046025104 0.7964705882352942 0.0397489539748954 0.09176470588235294
0 0.043933054393305436 0.7711764705882352 0.08786610878661087 0.04823529411764706
0 0.6820083682008368 0.788235294117647 0.1506276150627615 0.10823529411764705
0 0.5428870292887029 0.5635294117647058 0.043933054393305436 0.047058823529411764
0 0.35564853556485354 0.5694117647058824 0.1297071129707113 0.0611764705882353
0 0.47280334728033474 0.5635294117647058 0.10460251046025104 0.05647058823529412
0 0.643305439330544 0.5547058823529412 0.09414225941422594 0.04588235294117647
0 0.5857740585774058 0.5511764705882353 0.029288702928870293 0.041176470588235294
0 0.6621338912133892 0.5335294117647059 0.03138075313807531 0.024705882352941175
0 0.14958158995815898 0.5258823529411765 0.13598326359832635 0.03294117647058824
0 0.5972803347280334 0.4852941176470588 0.29916317991631797 0.00823529411764706
0 0.1997907949790795 0.3476470588235294 0.399581589958159 0.01764705882352941
0 0.551255230125523 0.3376470588235294 0.29916317991631797 0.02823529411764706
0 0.32322175732217573 0.3170588235294118 0.05230125523012552 0.04823529411764706
0 0.2604602510460251 0.3176470588235294 0.05230125523012552 0.04941176470588235
0 0.1893305439330544 0.31823529411764706 0.056485355648535567 0.05058823529411765
0 0.12133891213389121 0.31529411764705884 0.0502092050209205 0.04941176470588235
0 0.45188284518828453 0.31176470588235294 0.0794979079497908 0.05176470588235294
0 0.8211297071129707 0.25588235294117645 0.1108786610878661 0.03411764705882353
0 0.7866108786610879 0.24588235294117647 0.13807531380753138 0.03529411764705882
0 0.8828451882845189 0.24529411764705883 0.07531380753138076 0.03882352941176471
0 0.5784518828451883 0.06470588235294118 0.09414225941422594 0.05647058823529412
0 0.4592050209205021 0.026470588235294117 0.10669456066945607 0.052941176470588235
