0 0.9716981132075472 0.854602510460251 0.05660377358490566 0.01882845188284519
0 0.4221698113207547 0.8577405857740585 0.22169811320754718 0.04602510460251046
0 0.16273584905660377 0.8158995815899581 0.0330188679245283 0.200836820083682
0 0.9669811320754716 0.6359832635983264 0.0660377358490566 0.1297071129707113
0 0.32193396226415094 0.48430962343096234 0.08018867924528301 0.07740585774058577
0 0.6079009433962265 0.47489539748953974 0.031839622641509434 0.1506276150627615
0 0.6238207547169812 0.3410041841004184 0.07311320754716981 0.1297071129707113
0 0.3956367924528302 0.29602510460251047 0.05778301886792453 0.04811715481171548
0 0.2865566037735849 0.29916317991631797 0.08962264150943396 0.06276150627615062
0 0.4386792452830189 0.2186192468619247 0.17688679245283018 0.0397489539748954
0 0.9563679245283019 0.2112970711297071 0.03773584905660377 0.0502092050209205
0 0.9781839622641509 0.14853556485355648 0.04363207547169811 0.0502092050209205
0 0.8679245283018868 0.14853556485355648 0.17688679245283018 0.0502092050209205
0 0.09551886792452831 0.1809623430962343 0.18867924528301888 0.11506276150627615
