0 0.446652719665272 0.6888235294117647 0.17364016736401675 0.024705882352941175
0 0.6506276150627615 0.6729411764705883 0.13807531380753138 0.01647058823529412
0 0.649581589958159 0.6311764705882353 0.10669456066945607 0.03176470588235294
0 0.37552301255230125 0.6158823529411764 0.07740585774058577 0.041176470588235294
0 0.8378661087866108 0.5788235294117647 0.03556485355648536 0.023529411764705882
0 0.25313807531380755 0.5664705882352942 0.0794979079497908 0.041176470588235294
0 0.05439330543933055 0.5570588235294117 0.1087866108786611 0.024705882352941175
0 0.5271966527196653 0.5405882352941176 0.04184100418410042 0.03176470588235294
0 0.348326359832636 0.5370588235294118 0.06903765690376569 0.05529411764705883
0 0.4225941422594142 0.5164705882352941 0.04184100418410042 0.02823529411764706
0 0.9456066945606695 0.16 0.03347280334728033 0.01411764705882353
0 0.6778242677824268 0.13176470588235295 0.07531380753138076 0.04941176470588235
0 0.12866108786610878 0.02588235294117647 0.043933054393305436 0.042352941176470586
