0 0.5700836820083682 0.6811764705882353 0.15271966527196654 0.01647058823529412
0 0.5826359832635983 0.6664705882352941 0.08577405857740586 0.012941176470588235
0 0.6286610878661087 0.5770588235294117 0.08158995815899582 0.02235294117647059
0 0.5219665271966527 0.5494117647058824 0.12761506276150628 0.08
0 0.39644351464435146 0.5388235294117647 0.1108786610878661 0.06588235294117648
0 0.2792887029288703 0.5358823529411765 0.10251046025104603 0.06470588235294118
0 0.40585774058577406 0.4676470588235294 0.06276150627615062 0.03411764705882353
0 0.7301255230125523 0.42705882352941177 0.06694560669456066 0.07529411764705882
0 0.12238493723849372 0.4211764705882353 0.060669456066945605 0.06588235294117648
0 0.6652719665271967 0.4052941176470588 0.02510460251046025 0.04588235294117647
0 0.6265690376569037 0.41411764705882353 0.0397489539748954 0.07058823529411765
0 0.19769874476987448 0.41 0.07322175732217573 0.06941176470588235
0 0.5523012552301255 0.4088235294117647 0.07112970711297072 0.07176470588235294
0 0.28661087866108786 0.4047058823529412 0.07531380753138076 0.06823529411764706
0 0.46548117154811713 0.4041176470588235 0.06903765690376569 0.06941176470588235
0 0.3786610878661088 0.40294117647058825 0.07531380753138076 0.06705882352941177
0 0.9853556485355649 0.08235294117647059 0.029288702928870293 0.02823529411764706
