0 0.20695754716981132 0.8556485355648535 0.015330188679245283 0.05439330543933055
0 0.14976415094339623 0.8420502092050209 0.01650943396226415 0.05230125523012552
0 0.16804245283018868 0.8410041841004184 0.01768867924528302 0.05439330543933055
0 0.024174528301886794 0.8399581589958159 0.04834905660377359 0.2280334728033473
0 0.25707547169811323 0.7635983263598326 0.16037735849056603 0.11715481171548117
0 0.01179245283018868 0.6924686192468619 0.02358490566037736 0.09623430962343096
0 0.23761792452830188 0.6673640167364017 0.02240566037735849 0.058577405857740586
0 0.21639150943396226 0.6997907949790795 0.01768867924528302 0.15271966527196654
0 0.8850235849056604 0.5962343096234309 0.08608490566037735 0.03765690376569038
0 0.2983490566037736 0.5418410041841004 0.1320754716981132 0.11715481171548117
0 0.7452830188679245 0.3807531380753138 0.1580188679245283 0.07531380753138076
0 0.3744103773584906 0.29916317991631797 0.07900943396226415 0.0502092050209205
0 0.29068396226415094 0.29497907949790797 0.08136792452830188 0.0502092050209205
0 0.17452830188679244 0.2939330543933054 0.02358490566037736 0.04811715481171548
0 0.3897405660377358 0.19560669456066945 0.036556603773584904 0.07740585774058577
0 0.3561320754716981 0.15690376569037656 0.03773584905660377 0.08786610878661087
0 0.24587264150943397 0.058577405857740586 0.045990566037735846 0.09205020920502092
