0 0.5 0.9236401673640168 1.0 0.02301255230125523
0 0.3178066037735849 0.8451882845188284 0.3856132075471698 0.012552301255230125
0 0.7989386792452831 0.8315899581589958 0.14976415094339623 0.010460251046025104
0 0.03242924528301887 0.7332635983263598 0.06485849056603774 0.010460251046025104
0 0.9823113207547169 0.6935146443514645 0.03537735849056604 0.19456066945606695
0 0.9498820754716981 0.5805439330543933 0.012971698113207548 0.09832635983263599
0 0.05129716981132076 0.502092050209205 0.031839622641509434 0.26778242677824265
0 0.7045990566037735 0.16527196652719664 0.027122641509433963 0.06694560669456066
0 0.8402122641509434 0.16213389121338911 0.09551886792452831 0.06485355648535565
0 0.7441037735849056 0.16422594142259414 0.08962264150943396 0.06903765690376569
0 0.7116745283018868 0.034518828451882845 0.02240566037735849 0.06903765690376569
