0 0.5 0.9843096234309623 1.0 0.03138075313807531
0 0.7535377358490566 0.9644351464435147 0.05188679245283019 0.03765690376569038
0 0.267688679245283 0.8922594142259415 0.025943396226415096 0.04811715481171548
0 0.26297169811320753 0.7364016736401674 0.018867924528301886 0.06694560669456066
0 0.2358490566037736 0.7071129707112971 0.02358490566037736 0.04602510460251046
0 0.20872641509433962 0.649581589958159 0.054245283018867926 0.07740585774058577
0 0.02358490566037736 0.5784518828451883 0.04716981132075472 0.12343096234309624
0 0.42865566037735847 0.2510460251046025 0.3290094339622642 0.13389121338912133
0 0.0076650943396226415 0.1799163179916318 0.015330188679245283 0.0502092050209205
0 0.8213443396226415 0.0198744769874477 0.07429245283018868 0.0397489539748954
