0 0.038325471698113206 0.8357740585774058 0.05778301886792453 0.0397489539748954
0 0.28125 0.6694560669456067 0.04363207547169811 0.04602510460251046
0 0.03419811320754717 0.48430962343096234 0.06839622641509434 0.09832635983263599
0 0.48702830188679247 0.4811715481171548 0.0589622641509434 0.10460251046025104
0 0.5754716981132075 0.33368200836820083 0.06839622641509434 0.14853556485355648
0 0.2258254716981132 0.2583682008368201 0.0294811320754717 0.07322175732217573
0 0.7075471698113207 0.20292887029288703 0.04481132075471698 0.08786610878661087
0 0.5843160377358491 0.19246861924686193 0.20872641509433962 0.0794979079497908
0 0.23054245283018868 0.21443514644351463 0.041273584905660375 0.13598326359832635
0 0.08962264150943396 0.14539748953974896 0.02830188679245283 0.043933054393305436
0 0.5176886792452831 0.10669456066945607 0.04716981132075472 0.04184100418410042
0 0.057193396226415096 0.09518828451882845 0.11438679245283019 0.09414225941422594
0 0.37087264150943394 0.02615062761506276 0.03891509433962264 0.01882845188284519
0 0.5566037735849056 0.03556485355648536 0.009433962264150943 0.07112970711297072
0 0.47582547169811323 0.06694560669456066 0.07900943396226415 0.13389121338912133
0 0.24233490566037735 0.021966527196652718 0.015330188679245283 0.043933054393305436
