0 0.4363207547169811 0.8786610878661087 0.12264150943396226 0.029288702928870293
0 0.6951650943396226 0.7322175732217573 0.03419811320754717 0.06694560669456066
0 0.6668632075471698 0.7353556485355649 0.024764150943396228 0.07322175732217573
0 0.7258254716981132 0.7259414225941423 0.0294811320754717 0.06694560669456066
0 0.18985849056603774 0.2939330543933054 0.025943396226415096 0.06485355648535565
0 0.3331367924528302 0.28870292887029286 0.10023584905660378 0.06694560669456066
0 0.4345518867924528 0.28451882845188287 0.09551886792452831 0.06694560669456066
0 0.17511792452830188 0.16527196652719664 0.19221698113207547 0.09623430962343096
0 0.6538915094339622 0.1589958158995816 0.14976415094339623 0.09205020920502092
0 0.3242924528301887 0.11506276150627615 0.02830188679245283 0.05439330543933055
0 0.08254716981132075 0.11610878661087866 0.1650943396226415 0.1108786610878661
0 0.46462264150943394 0.009414225941422594 0.0330188679245283 0.01882845188284519
