0 0.45502092050209203 0.9429411764705883 0.35355648535564854 0.036470588235294116
0 0.5439330543933054 0.8270588235294117 0.04184100418410042 0.03294117647058824
0 0.48535564853556484 0.788235294117647 0.06694560669456066 0.021176470588235293
0 0.1788702928870293 0.7852941176470588 0.12761506276150628 0.3447058823529412
0 0.9853556485355649 0.6188235294117647 0.029288702928870293 0.018823529411764704
0 0.8472803347280334 0.54 0.02092050209205021 0.05176470588235294
0 0.17573221757322174 0.38235294117647056 0.12552301255230125 0.04941176470588235
0 0.6516736401673641 0.3558823529411765 0.16108786610878661 0.03411764705882353
0 0.6338912133891214 0.32 0.0794979079497908 0.03058823529411765
0 0.4424686192468619 0.3164705882352941 0.17782426778242677 0.03058823529411765
0 0.2489539748953975 0.3076470588235294 0.100418410041841 0.015294117647058824
0 0.11506276150627615 0.3111764705882353 0.1087866108786611 0.029411764705882353
0 0.9895397489539749 0.19411764705882353 0.02092050209205021 0.08470588235294117
0 0.8294979079497908 0.045294117647058825 0.04811715481171548 0.09058823529411765
0 0.641213389121339 0.11294117647058824 0.03138075313807531 0.22588235294117648
0 0.2719665271966527 0.04352941176470588 0.0502092050209205 0.08705882352941176
0 0.24267782426778242 0.02411764705882353 0.03347280334728033 0.04823529411764706
