0 0.008368200836820083 0.7952941176470588 0.016736401673640166 0.08
0 0.8221757322175732 0.56 0.35564853556485354 0.023529411764705882
0 0.6778242677824268 0.45176470588235296 0.016736401673640166 0.04
0 0.7573221757322176 0.4511764705882353 0.1087866108786611 0.10941176470588235
0 0.9288702928870293 0.40588235294117647 0.03347280334728033 0.021176470588235293
0 0.48640167364016734 0.21411764705882352 0.15690376569037656 0.03529411764705882
0 0.6548117154811716 0.18588235294117647 0.13389121338912133 0.03294117647058824
0 0.4246861924686193 0.17294117647058824 0.03765690376569038 0.03529411764705882
0 0.8211297071129707 0.1223529411764706 0.08158995815899582 0.018823529411764704
0 0.8901673640167364 0.08588235294117647 0.056485355648535567 0.018823529411764704
0 0.3305439330543933 0.06411764705882353 0.03347280334728033 0.07647058823529412
0 0.5125523012552301 0.04941176470588235 0.03765690376569038 0.0988235294117647
0 0.13598326359832635 0.051176470588235295 0.07112970711297072 0.10235294117647059
