0 0.27824267782426776 0.8423529411764706 0.0502092050209205 0.021176470588235293
0 0.7573221757322176 0.8558823529411764 0.11297071129707113 0.06941176470588235
0 0.5805439330543933 0.8076470588235294 0.05230125523012552 0.02235294117647059
0 0.20815899581589958 0.8258823529411765 0.08158995815899582 0.058823529411764705
0 0.4372384937238494 0.8035294117647059 0.06276150627615062 0.018823529411764704
0 0.5303347280334728 0.7935294117647059 0.1108786610878661 0.01764705882352941
0 0.6684100418410042 0.7888235294117647 0.056485355648535567 0.02235294117647059
0 0.22071129707112971 0.7935294117647059 0.0899581589958159 0.03411764705882353
0 0.09414225941422594 0.7911764705882353 0.058577405857740586 0.036470588235294116
0 0.3410041841004184 0.7817647058823529 0.14225941422594143 0.05529411764705883
0 0.5962343096234309 0.7623529411764706 0.12133891213389121 0.04
0 0.49686192468619245 0.7676470588235295 0.12343096234309624 0.05764705882352941
0 0.7123430962343096 0.75 0.06485355648535565 0.03411764705882353
0 0.9299163179916318 0.7294117647058823 0.08577405857740586 0.058823529411764705
0 0.058577405857740586 0.5970588235294118 0.06694560669456066 0.05764705882352941
0 0.1307531380753138 0.5894117647058823 0.06903765690376569 0.05647058823529412
0 0.20502092050209206 0.58 0.058577405857740586 0.05647058823529412
0 0.9110878661087866 0.5547058823529412 0.06485355648535565 0.015294117647058824
0 0.26673640167364016 0.5747058823529412 0.06485355648535565 0.05764705882352941
0 0.4330543933054393 0.5705882352941176 0.04184100418410042 0.05176470588235294
0 0.3786610878661088 0.5705882352941176 0.016736401673640166 0.05176470588235294
0 0.33577405857740583 0.57 0.06485355648535565 0.06
0 0.4916317991631799 0.5647058823529412 0.06694560669456066 0.058823529411764705
0 0.6464435146443515 0.5417647058823529 0.04602510460251046 0.04352941176470588
0 0.20397489539748953 0.49529411764705883 0.40794979079497906 0.04470588235294118
0 0.14225941422594143 0.33705882352941174 0.28451882845188287 0.012941176470588235
0 0.7154811715481172 0.3788235294117647 0.2175732217573222 0.17411764705882352
0 0.10669456066945607 0.29352941176470587 0.06694560669456066 0.05764705882352941
0 0.04184100418410042 0.29411764705882354 0.06276150627615062 0.058823529411764705
0 0.17468619246861924 0.2923529411764706 0.060669456066945605 0.05764705882352941
0 0.3723849372384937 0.27 0.06276150627615062 0.06
0 0.4372384937238494 0.2611764705882353 0.06276150627615062 0.0611764705882353
0 0.5 0.24176470588235294 0.06276150627615062 0.04823529411764706
0 0.6725941422594143 0.18235294117647058 0.027196652719665274 0.04941176470588235
0 0.7050209205020921 0.17411764705882352 0.058577405857740586 0.04
0 0.8347280334728033 0.17647058823529413 0.16736401673640167 0.05647058823529412
0 0.6956066945606695 0.10941176470588235 0.060669456066945605 0.03529411764705882
0 0.8085774058577406 0.1111764705882353 0.2405857740585774 0.05058823529411765
0 0.7907949790794979 0.14352941176470588 0.3179916317991632 0.13647058823529412
0 0.1705020920502092 0.04647058823529412 0.1694560669456067 0.01764705882352941
