0 0.6762971698113207 0.9069037656903766 0.08372641509433962 0.0899581589958159
0 0.43337264150943394 0.850418410041841 0.0294811320754717 0.07322175732217573
0 0.5306603773584906 0.8420502092050209 0.06839622641509434 0.1108786610878661
0 0.3154481132075472 0.7635983263598326 0.08136792452830188 0.016736401673640166
0 0.4858490566037736 0.74581589958159 0.08726415094339622 0.02301255230125523
0 0.7152122641509434 0.7050209205020921 0.13561320754716982 0.029288702928870293
0 0.754127358490566 0.5334728033472803 0.020047169811320754 0.07531380753138076
0 0.7240566037735849 0.5303347280334728 0.018867924528301886 0.07740585774058577
0 0.8030660377358491 0.5 0.0589622641509434 0.1589958158995816
0 0.8714622641509434 0.5355648535564853 0.01650943396226415 0.2384937238493724
0 0.7399764150943396 0.4456066945606695 0.036556603773584904 0.06694560669456066
0 0.20872641509433962 0.3493723849372385 0.18160377358490565 0.02510460251046025
0 0.28537735849056606 0.2907949790794979 0.11556603773584906 0.08786610878661087
0 0.16686320754716982 0.2792887029288703 0.16863207547169812 0.06903765690376569
0 0.04658018867924528 0.151673640167364 0.09316037735849056 0.12343096234309624
0 0.39681603773584906 0.09623430962343096 0.04363207547169811 0.04184100418410042
0 0.330188679245283 0.09205020920502092 0.02122641509433962 0.03765690376569038
0 0.12853773584905662 0.02405857740585774 0.07783018867924528 0.04811715481171548
