0 0.8179916317991632 0.8552941176470589 0.05439330543933055 0.01647058823529412
0 0.5407949790794979 0.758235294117647 0.06903765690376569 0.012941176470588235
0 0.2698744769874477 0.7411764705882353 0.15481171548117154 0.04941176470588235
0 0.9769874476987448 0.65 0.04602510460251046 0.015294117647058824
0 0.9246861924686193 0.64 0.0502092050209205 0.09411764705882353
0 0.06380753138075314 0.5047058823529412 0.12761506276150628 0.03529411764705882
0 0.9790794979079498 0.5317647058823529 0.04184100418410042 0.10588235294117647
0 0.1202928870292887 0.44058823529411767 0.17364016736401675 0.02235294117647059
0 0.06171548117154812 0.37058823529411766 0.12343096234309624 0.01647058823529412
0 0.2290794979079498 0.3552941176470588 0.08577405857740586 0.018823529411764704
0 0.8462343096234309 0.26294117647058823 0.05230125523012552 0.03882352941176471
0 0.5 0.0488235294117647 1.0 0.0058823529411764705
0 0.8807531380753139 0.01 0.09623430962343096 0.02
0 0.5962343096234309 0.011764705882352941 0.10460251046025104 0.023529411764705882
0 0.4424686192468619 0.01588235294117647 0.12343096234309624 0.03176470588235294
0 0.19456066945606695 0.021176470588235293 0.3891213389121339 0.042352941176470586
