0 0.7698744769874477 0.9523529411764706 0.4602510460251046 0.06235294117647059
0 0.6914225941422594 0.9117647058823529 0.09832635983263599 0.01647058823529412
0 0.7228033472803347 0.8935294117647059 0.05230125523012552 0.01764705882352941
0 0.4341004184100418 0.8676470588235294 0.04811715481171548 0.06705882352941177
0 0.549163179916318 0.8241176470588235 0.03138075313807531 0.03882352941176471
0 0.7918410041841004 0.7494117647058823 0.1108786610878661 0.018823529411764704
0 0.9602510460251046 0.74 0.0794979079497908 0.05411764705882353
0 0.8410041841004184 0.701764705882353 0.1799163179916318 0.1
0 0.9769874476987448 0.5152941176470588 0.04184100418410042 0.01411764705882353
0 0.8817991631799164 0.5111764705882353 0.12343096234309624 0.015294117647058824
0 0.9048117154811716 0.4894117647058824 0.13179916317991633 0.01647058823529412
0 0.9822175732217573 0.3770588235294118 0.03556485355648536 0.04352941176470588
0 0.9393305439330544 0.30117647058823527 0.12133891213389121 0.04
0 0.6684100418410042 0.25588235294117645 0.09832635983263599 0.041176470588235294
0 0.7573221757322176 0.25529411764705884 0.08368200836820083 0.04470588235294118
0 0.9539748953974896 0.20294117647058824 0.09205020920502092 0.05529411764705883
0 0.899581589958159 0.00823529411764706 0.200836820083682 0.01647058823529412
0 0.41422594142259417 0.0035294117647058825 0.17573221757322174 0.007058823529411765
