0 0.27824267782426776 0.9905882352941177 0.1087866108786611 0.018823529411764704
0 0.3922594142259414 0.7482352941176471 0.2615062761506276 0.02588235294117647
0 0.700836820083682 0.6023529411764705 0.04184100418410042 0.04941176470588235
0 0.35251046025104604 0.39705882352941174 0.4665271966527197 0.06
0 0.1684100418410042 0.35411764705882354 0.043933054393305436 0.02588235294117647
0 0.9330543933054394 0.36941176470588233 0.13389121338912133 0.08
0 0.7207112970711297 0.33 0.17364016736401675 0.036470588235294116
0 0.28556485355648537 0.3076470588235294 0.08577405857740586 0.01764705882352941
0 0.9309623430962343 0.1776470588235294 0.13807531380753138 0.018823529411764704
0 0.41527196652719667 0.011764705882352941 0.043933054393305436 0.023529411764705882
