0 0.4330543933054393 0.7958823529411765 0.07112970711297072 0.015294117647058824
0 0.5690376569037657 0.7752941176470588 0.06694560669456066 0.018823529411764704
0 0.547071129707113 0.6529411764705882 0.07740585774058577 0.04470588235294118
0 0.8964435146443515 0.5388235294117647 0.04811715481171548 0.03764705882352941
0 0.9194560669456067 0.5429411764705883 0.06485355648535565 0.052941176470588235
0 0.8420502092050209 0.5323529411764706 0.043933054393305436 0.03411764705882353
0 0.4874476987447699 0.5141176470588236 0.04184100418410042 0.04941176470588235
0 0.03138075313807531 0.3264705882352941 0.06276150627615062 0.012941176470588235
0 0.10774058577405858 0.3388235294117647 0.07322175732217573 0.042352941176470586
0 0.03556485355648536 0.2164705882352941 0.07112970711297072 0.021176470588235293
0 0.053347280334728034 0.10294117647058823 0.10669456066945607 0.02235294117647059
