0 0.030334728033472803 0.99 0.060669456066945605 0.02
0 0.8797071129707112 0.8223529411764706 0.09414225941422594 0.03529411764705882
0 0.8828451882845189 0.7864705882352941 0.1506276150627615 0.036470588235294116
0 0.899581589958159 0.7382352941176471 0.08786610878661087 0.03176470588235294
0 0.893305439330544 0.611764705882353 0.1297071129707113 0.09411764705882353
0 0.05543933054393305 0.6 0.1108786610878661 0.09647058823529411
0 0.1997907949790795 0.5041176470588236 0.043933054393305436 0.015294117647058824
0 0.9184100418410042 0.4752941176470588 0.16317991631799164 0.03294117647058824
0 0.9497907949790795 0.45647058823529413 0.100418410041841 0.01411764705882353
0 0.48535564853556484 0.4423529411764706 0.07531380753138076 0.11294117647058824
0 0.3891213389121339 0.4376470588235294 0.06694560669456066 0.1223529411764706
0 0.6757322175732218 0.41823529411764704 0.11297071129707113 0.11411764705882353
0 0.23117154811715482 0.4235294117647059 0.08577405857740586 0.14588235294117646
0 0.08891213389121339 0.3623529411764706 0.17782426778242677 0.03294117647058824
0 0.8702928870292888 0.31882352941176473 0.03347280334728033 0.0611764705882353
0 0.9424686192468619 0.32529411764705884 0.11506276150627615 0.08588235294117647
0 0.14853556485355648 0.2876470588235294 0.0794979079497908 0.02
0 0.700836820083682 0.25588235294117645 0.17154811715481172 0.05529411764705883
0 0.549163179916318 0.03882352941176471 0.19874476987447698 0.042352941176470586
