0 0.9811715481171548 0.7164705882352941 0.03765690376569038 0.02823529411764706
0 0.9822175732217573 0.5770588235294117 0.03556485355648536 0.036470588235294116
0 0.9330543933054394 0.5494117647058824 0.13389121338912133 0.03294117647058824
0 0.043933054393305436 0.4470588235294118 0.08786610878661087 0.04
0 0.3064853556485356 0.3458823529411765 0.043933054393305436 0.023529411764705882
0 0.37656903765690375 0.33647058823529413 0.029288702928870293 0.01647058823529412
0 0.030334728033472803 0.3376470588235294 0.060669456066945605 0.02588235294117647
0 0.897489539748954 0.3170588235294118 0.08786610878661087 0.024705882352941175
0 0.02510460251046025 0.2952941176470588 0.0502092050209205 0.021176470588235293
0 0.8493723849372385 0.2858823529411765 0.1087866108786611 0.03058823529411765
0 0.043933054393305436 0.26176470588235295 0.05439330543933055 0.02235294117647059
0 0.06589958158995816 0.2188235294117647 0.13179916317991633 0.047058823529411764
0 0.9435146443514645 0.20176470588235293 0.08368200836820083 0.024705882352941175
0 0.2719665271966527 0.21294117647058824 0.0502092050209205 0.07294117647058823
0 0.13598326359832635 0.14470588235294118 0.2719665271966527 0.03058823529411765
0 0.47489539748953974 0.12058823529411765 0.36401673640167365 0.041176470588235294
0 0.950836820083682 0.06235294117647059 0.09832635983263599 0.021176470588235293
