0 0.34309623430962344 0.9482352941176471 0.1799163179916318 0.10352941176470588
0 0.14748953974895398 0.8429411764705882 0.10669456066945607 0.04352941176470588
0 0.7761506276150628 0.8270588235294117 0.07531380753138076 0.01647058823529412
0 0.7981171548117155 0.7835294117647059 0.07322175732217573 0.02823529411764706
0 0.891213389121339 0.7805882352941177 0.03765690376569038 0.027058823529411764
0 0.852510460251046 0.7770588235294118 0.03556485355648536 0.027058823529411764
0 0.010460251046025104 0.7535294117647059 0.02092050209205021 0.052941176470588235
0 0.7792887029288703 0.5770588235294117 0.20711297071129708 0.11647058823529412
0 0.6652719665271967 0.5158823529411765 0.19246861924686193 0.052941176470588235
0 0.3284518828451883 0.4864705882352941 0.0794979079497908 0.05529411764705883
0 0.40690376569037656 0.47941176470588237 0.07322175732217573 0.05529411764705883
0 0.48221757322175735 0.47352941176470587 0.07740585774058577 0.052941176470588235
0 0.24581589958158995 0.48176470588235293 0.10251046025104603 0.0811764705882353
0 0.8043933054393305 0.44529411764705884 0.16108786610878661 0.04823529411764706
0 0.42677824267782427 0.4264705882352941 0.029288702928870293 0.02
0 0.350418410041841 0.4294117647058823 0.060669456066945605 0.03058823529411765
0 0.7437238493723849 0.4088235294117647 0.043933054393305436 0.03882352941176471
0 0.8002092050209205 0.4252941176470588 0.1903765690376569 0.10235294117647059
0 0.6872384937238494 0.058823529411764705 0.02301255230125523 0.09411764705882353
0 0.7154811715481172 0.029411764705882353 0.02092050209205021 0.058823529411764705
