0 0.18200836820083682 0.658235294117647 0.0502092050209205 0.024705882352941175
0 0.5209205020920502 0.6464705882352941 0.07112970711297072 0.015294117647058824
0 0.08786610878661087 0.6335294117647059 0.06694560669456066 0.02
0 0.6359832635983264 0.5911764705882353 0.058577405857740586 0.029411764705882353
0 0.5857740585774058 0.6188235294117647 0.200836820083682 0.08941176470588236
0 0.649581589958159 0.49941176470588233 0.0397489539748954 0.02235294117647059
0 0.6506276150627615 0.5188235294117647 0.14644351464435146 0.11294117647058824
0 0.6558577405857741 0.45647058823529413 0.0899581589958159 0.042352941176470586
0 0.8420502092050209 0.4723529411764706 0.2698744769874477 0.0811764705882353
0 0.7845188284518828 0.4411764705882353 0.1087866108786611 0.04
0 0.9686192468619247 0.4147058823529412 0.06276150627615062 0.04588235294117647
0 0.553347280334728 0.4023529411764706 0.03556485355648536 0.08470588235294117
0 0.030334728033472803 0.30176470588235293 0.060669456066945605 0.029411764705882353
0 0.4592050209205021 0.2964705882352941 0.16527196652719664 0.04470588235294118
0 0.399581589958159 0.2952941176470588 0.1506276150627615 0.04470588235294118
0 0.3294979079497908 0.23647058823529413 0.043933054393305436 0.01411764705882353
0 0.7102510460251046 0.26294117647058823 0.06903765690376569 0.0811764705882353
0 0.2280334728033473 0.23294117647058823 0.1297071129707113 0.05411764705882353
0 0.38284518828451886 0.19 0.04602510460251046 0.012941176470588235
0 0.043933054393305436 0.18470588235294116 0.08786610878661087 0.06352941176470588
0 0.5575313807531381 0.1188235294117647 0.29497907949790797 0.06352941176470588
0 0.7688284518828452 0.06705882352941177 0.043933054393305436 0.04470588235294118
