0 0.5 0.9801255230125523 1.0 0.027196652719665274
0 0.36910377358490565 0.8985355648535565 0.5448113207547169 0.014644351464435146
0 0.7712264150943396 0.8859832635983264 0.18160377358490565 0.010460251046025104
0 0.024764150943396228 0.7824267782426778 0.049528301886792456 0.012552301255230125
0 0.9770047169811321 0.799163179916318 0.045990566037735846 0.100418410041841
0 0.9392688679245284 0.6359832635983264 0.012971698113207548 0.09623430962343096
0 0.0330188679245283 0.5460251046025104 0.04245283018867924 0.2719665271966527
0 0.8307783018867925 0.22071129707112971 0.09316037735849056 0.06485355648535565
0 0.6969339622641509 0.22071129707112971 0.025943396226415096 0.06485355648535565
0 0.6969339622641509 0.08891213389121339 0.02122641509433962 0.07322175732217573
