0 0.8420502092050209 0.8117647058823529 0.14435146443514643 0.09176470588235294
0 0.7123430962343096 0.6982352941176471 0.07740585774058577 0.11647058823529412
0 0.850418410041841 0.6829411764705883 0.15271966527196654 0.12588235294117647
0 0.350418410041841 0.55 0.1401673640167364 0.07647058823529412
0 0.7573221757322176 0.6994117647058824 0.04602510460251046 0.38941176470588235
0 0.2489539748953975 0.6923529411764706 0.23430962343096234 0.42705882352941177
0 0.2803347280334728 0.47294117647058825 0.06276150627615062 0.02588235294117647
0 0.8284518828451883 0.44529411764705884 0.04184100418410042 0.027058823529411764
0 0.21652719665271966 0.4047058823529412 0.09414225941422594 0.11294117647058824
0 0.15271966527196654 0.40588235294117647 0.016736401673640166 0.16941176470588235
0 0.26464435146443516 0.34941176470588237 0.17364016736401675 0.09176470588235294
0 0.9518828451882845 0.29764705882352943 0.09623430962343096 0.07764705882352942
0 0.06276150627615062 0.20529411764705882 0.12552301255230125 0.10941176470588235
0 0.0596234309623431 0.12 0.1192468619246862 0.09647058823529411
