0 0.16213389121338911 0.7911764705882353 0.04811715481171548 0.09058823529411765
0 0.8723849372384938 0.6129411764705882 0.25523012552301255 0.023529411764705882
0 0.13912133891213388 0.6252941176470588 0.01882845188284519 0.05764705882352941
0 0.797071129707113 0.5423529411764706 0.07531380753138076 0.021176470588235293
0 0.7353556485355649 0.4958823529411765 0.014644351464435146 0.04352941176470588
0 0.8200836820083682 0.4864705882352941 0.1087866108786611 0.07882352941176471
0 0.0502092050209205 0.4229411764705882 0.100418410041841 0.010588235294117647
0 0.05439330543933055 0.40647058823529414 0.1087866108786611 0.015294117647058824
0 0.07217573221757322 0.3517647058823529 0.05230125523012552 0.03058823529411765
0 0.038702928870292884 0.3176470588235294 0.07740585774058577 0.01647058823529412
0 0.9675732217573222 0.27058823529411763 0.06485355648535565 0.04941176470588235
0 0.9728033472803347 0.23647058823529413 0.05439330543933055 0.01647058823529412
0 0.7280334728033473 0.23470588235294118 0.11715481171548117 0.01764705882352941
0 0.8744769874476988 0.23529411764705882 0.11715481171548117 0.021176470588235293
0 0.20502092050209206 0.22647058823529412 0.04184100418410042 0.012941176470588235
0 0.049163179916317995 0.2511764705882353 0.09832635983263599 0.07176470588235294
0 0.4445606694560669 0.10941176470588235 0.02301255230125523 0.08235294117647059
0 0.696652719665272 0.03 0.03765690376569038 0.01764705882352941
0 0.6182008368200836 0.07588235294117647 0.03138075313807531 0.15176470588235294
0 0.24790794979079497 0.07294117647058823 0.07322175732217573 0.14588235294117646
