0 0.008254716981132075 0.7092050209205021 0.01650943396226415 0.1087866108786611
0 0.6079009433962265 0.6642259414225942 0.04834905660377359 0.07740585774058577
0 0.11497641509433962 0.7322175732217573 0.020047169811320754 0.32217573221757323
0 0.20400943396226415 0.49686192468619245 0.09669811320754718 0.06903765690376569
0 0.9882075471698113 0.47280334728033474 0.02358490566037736 0.100418410041841
0 0.20224056603773585 0.4309623430962343 0.09551886792452831 0.06694560669456066
0 0.6591981132075472 0.22384937238493724 0.06367924528301887 0.02092050209205021
0 0.9581367924528302 0.2112970711297071 0.024764150943396228 0.03347280334728033
0 0.1792452830188679 0.12552301255230125 0.025943396226415096 0.04184100418410042
0 0.9451650943396226 0.09832635983263599 0.10966981132075472 0.10460251046025104
0 0.12323113207547169 0.04288702928870293 0.03891509433962264 0.03138075313807531
0 0.3632075471698113 0.0397489539748954 0.01179245283018868 0.0794979079497908
0 0.3089622641509434 0.02615062761506276 0.03537735849056604 0.05230125523012552
