0 0.8514150943396226 0.8734309623430963 0.0660377358490566 0.03556485355648536
0 0.5 0.9121338912133892 1.0 0.17573221757322174
0 0.4363207547169811 0.553347280334728 0.06367924528301887 0.1903765690376569
0 0.9380896226415094 0.3776150627615063 0.05778301886792453 0.03138075313807531
0 0.4970518867924528 0.35355648535564854 0.041273584905660375 0.06694560669456066
0 0.2936320754716981 0.3389121338912134 0.01650943396226415 0.0502092050209205
0 0.8826650943396226 0.3200836820083682 0.0294811320754717 0.03765690376569038
0 0.9233490566037735 0.3158995815899582 0.03537735849056604 0.04602510460251046
0 0.09846698113207547 0.2217573221757322 0.04363207547169811 0.029288702928870293
0 0.9722877358490566 0.17677824267782427 0.055424528301886794 0.03138075313807531
0 0.4834905660377358 0.20397489539748953 0.05660377358490566 0.18200836820083682
0 0.9363207547169812 0.08472803347280335 0.08490566037735849 0.08158995815899582
0 0.6609669811320755 0.027196652719665274 0.027122641509433963 0.0502092050209205
