0 0.5230125523012552 0.29352941176470587 0.2217573221757322 0.041176470588235294
0 0.5146443514644351 0.23823529411764705 0.07112970711297072 0.04823529411764706
0 0.4424686192468619 0.23705882352941177 0.056485355648535567 0.04823529411764706
0 0.37552301255230125 0.23411764705882354 0.02301255230125523 0.047058823529411764
0 0.3274058577405858 0.2323529411764706 0.04811715481171548 0.04588235294117647
0 0.25732217573221755 0.23 0.07112970711297072 0.04823529411764706
0 0.18410041841004185 0.22764705882352942 0.058577405857740586 0.04588235294117647
0 0.11715481171548117 0.2252941176470588 0.058577405857740586 0.04823529411764706
0 0.04602510460251046 0.22294117647058823 0.06694560669456066 0.04588235294117647
0 0.3263598326359833 0.19588235294117648 0.6317991631799164 0.024705882352941175
