0 0.3106694560669456 0.9758823529411764 0.043933054393305436 0.03176470588235294
0 0.4602510460251046 0.9735294117647059 0.09623430962343096 0.052941176470588235
0 0.2719665271966527 0.9423529411764706 0.0502092050209205 0.03058823529411765
0 0.9518828451882845 0.9411764705882353 0.07112970711297072 0.05176470588235294
0 0.2290794979079498 0.91 0.05230125523012552 0.03176470588235294
0 0.35564853556485354 0.9141176470588235 0.11715481171548117 0.0611764705882353
0 0.2384937238493724 0.8611764705882353 0.13807531380753138 0.07529411764705882
0 0.19142259414225943 0.7988235294117647 0.10669456066945607 0.07294117647058823
0 0.74581589958159 0.7929411764705883 0.08577405857740586 0.09411764705882353
0 0.6924686192468619 0.7052941176470588 0.029288702928870293 0.04823529411764706
0 0.46129707112970714 0.6047058823529412 0.06485355648535565 0.018823529411764704
0 0.5920502092050209 0.6223529411764706 0.07531380753138076 0.07764705882352942
0 0.33368200836820083 0.5152941176470588 0.18619246861924685 0.047058823529411764
0 0.1589958158995816 0.3941176470588235 0.04184100418410042 0.01647058823529412
0 0.3713389121338912 0.34352941176470586 0.0397489539748954 0.023529411764705882
0 0.8274058577405857 0.2529411764705882 0.15271966527196654 0.07058823529411765
0 0.21548117154811716 0.13058823529411764 0.04184100418410042 0.023529411764705882
0 0.2510460251046025 0.08352941176470588 0.03347280334728033 0.01647058823529412
0 0.7018828451882845 0.1423529411764706 0.1903765690376569 0.1388235294117647
