0 0.34205020920502094 0.9429411764705883 0.25313807531380755 0.11411764705882353
0 0.11820083682008369 0.8247058823529412 0.10251046025104603 0.047058823529411764
0 0.8723849372384938 0.7770588235294118 0.03765690376569038 0.027058823529411764
0 0.7730125523012552 0.7764705882352941 0.07740585774058577 0.02823529411764706
0 0.8294979079497908 0.7729411764705882 0.03556485355648536 0.02823529411764706
0 0.7353556485355649 0.5641176470588235 0.20292887029288703 0.10470588235294118
0 0.600418410041841 0.4976470588235294 0.15481171548117154 0.047058823529411764
0 0.2803347280334728 0.4623529411764706 0.0794979079497908 0.05411764705882353
0 0.3587866108786611 0.45529411764705885 0.07322175732217573 0.05411764705882353
0 0.4320083682008368 0.44941176470588234 0.07740585774058577 0.05411764705882353
0 0.1997907949790795 0.45705882352941174 0.09832635983263599 0.07882352941176471
0 0.7698744769874477 0.4235294117647059 0.14644351464435146 0.04470588235294118
0 0.3692468619246862 0.40294117647058825 0.0397489539748954 0.02
0 0.75418410041841 0.40294117647058825 0.19874476987447698 0.0976470588235294
0 0.9738493723849372 0.3211764705882353 0.05230125523012552 0.2235294117647059
0 0.696652719665272 0.04823529411764706 0.02092050209205021 0.08235294117647059
0 0.7238493723849372 0.027058823529411764 0.02092050209205021 0.05411764705882353
