0 0.15585774058577406 0.8405882352941176 0.3117154811715481 0.06470588235294118
0 0.38284518828451886 0.8105882352941176 0.07531380753138076 0.01411764705882353
0 0.7374476987447699 0.691764705882353 0.0397489539748954 0.02823529411764706
0 0.06380753138075314 0.6888235294117647 0.03556485355648536 0.024705882352941175
0 0.16213389121338911 0.6811764705882353 0.15271966527196654 0.04
0 0.032426778242677826 0.56 0.03138075313807531 0.018823529411764704
0 0.10355648535564854 0.5558823529411765 0.13179916317991633 0.03882352941176471
0 0.34205020920502094 0.5352941176470588 0.2698744769874477 0.0611764705882353
0 0.29916317991631797 0.48 0.11297071129707113 0.023529411764705882
0 0.694560669456067 0.46941176470588236 0.0794979079497908 0.02823529411764706
0 0.46338912133891214 0.42 0.08158995815899582 0.05411764705882353
0 0.39330543933054396 0.4194117647058824 0.04184100418410042 0.052941176470588235
0 0.26359832635983266 0.4041176470588235 0.03765690376569038 0.029411764705882353
0 0.8117154811715481 0.4041176470588235 0.0502092050209205 0.0811764705882353
0 0.5910041841004184 0.40294117647058825 0.10669456066945607 0.08588235294117647
0 0.3776150627615063 0.38823529411764707 0.29916317991631797 0.058823529411764705
0 0.19874476987447698 0.39941176470588236 0.34309623430962344 0.10705882352941176
0 0.7165271966527197 0.3935294117647059 0.18200836820083682 0.10470588235294118
0 0.8221757322175732 0.3052941176470588 0.14644351464435146 0.03411764705882353
0 0.9602510460251046 0.2858823529411765 0.0794979079497908 0.05411764705882353
0 0.5920502092050209 0.09647058823529411 0.0502092050209205 0.05176470588235294
0 0.9424686192468619 0.11588235294117646 0.10251046025104603 0.09529411764705882
0 0.8179916317991632 0.03470588235294118 0.100418410041841 0.06941176470588235
0 0.6746861924686193 0.009411764705882352 0.07322175732217573 0.018823529411764704
