0 0.26359832635983266 0.8370588235294117 0.03347280334728033 0.02
0 0.3179916317991632 0.8323529411764706 0.03347280334728033 0.036470588235294116
0 0.645397489539749 0.8188235294117647 0.05230125523012552 0.1011764705882353
0 0.8462343096234309 0.7241176470588235 0.03138075313807531 0.029411764705882353
0 0.9476987447698745 0.7011764705882353 0.10460251046025104 0.0611764705882353
0 0.7060669456066946 0.6711764705882353 0.060669456066945605 0.10705882352941176
0 0.9738493723849372 0.5811764705882353 0.05230125523012552 0.04941176470588235
0 0.02615062761506276 0.5694117647058824 0.05230125523012552 0.11764705882352941
0 0.6506276150627615 0.4747058823529412 0.07531380753138076 0.04588235294117647
0 0.06694560669456066 0.48 0.03347280334728033 0.07058823529411765
0 0.5972803347280334 0.4647058823529412 0.06903765690376569 0.04941176470588235
0 0.5334728033472803 0.4588235294117647 0.0502092050209205 0.04
0 0.4989539748953975 0.4511764705882353 0.043933054393305436 0.04352941176470588
0 0.944560669456067 0.4688235294117647 0.1108786610878661 0.09294117647058824
0 0.4121338912133891 0.4423529411764706 0.12552301255230125 0.047058823529411764
0 0.36401673640167365 0.4194117647058824 0.12552301255230125 0.06941176470588235
0 0.893305439330544 0.37823529411764706 0.21338912133891214 0.11647058823529412
0 0.34623430962343094 0.1864705882352941 0.03556485355648536 0.02
0 0.854602510460251 0.15823529411764706 0.01882845188284519 0.07647058823529412
0 0.8859832635983264 0.07823529411764706 0.02301255230125523 0.027058823529411764
0 0.854602510460251 0.07705882352941176 0.02301255230125523 0.027058823529411764
0 0.8671548117154811 0.03588235294117647 0.02301255230125523 0.029411764705882353
0 0.9707112970711297 0.01 0.058577405857740586 0.02
