0 0.8650627615062761 0.9047058823529411 0.06485355648535565 0.04941176470588235
0 0.8734309623430963 0.8188235294117647 0.04811715481171548 0.11764705882352941
0 0.446652719665272 0.7294117647058823 0.05230125523012552 0.04941176470588235
0 0.3807531380753138 0.7241176470588235 0.06694560669456066 0.04823529411764706
0 0.32426778242677823 0.7170588235294117 0.05439330543933055 0.04588235294117647
0 0.948744769874477 0.7170588235294117 0.10251046025104603 0.052941176470588235
0 0.25523012552301255 0.7076470588235294 0.0502092050209205 0.04588235294117647
0 0.18200836820083682 0.7005882352941176 0.05439330543933055 0.04352941176470588
0 0.13389121338912133 0.6952941176470588 0.04602510460251046 0.04470588235294118
0 0.06589958158995816 0.6888235294117647 0.02301255230125523 0.041176470588235294
0 0.3158995815899582 0.6676470588235294 0.029288702928870293 0.02
0 0.23430962343096234 0.66 0.04602510460251046 0.021176470588235293
0 0.17677824267782427 0.5076470588235295 0.027196652719665274 0.029411764705882353
0 0.03765690376569038 0.5035294117647059 0.07531380753138076 0.021176470588235293
0 0.9675732217573222 0.5541176470588235 0.06485355648535565 0.19058823529411764
0 0.5407949790794979 0.40176470588235297 0.10251046025104603 0.10235294117647059
0 0.7594142259414226 0.2911764705882353 0.09623430962343096 0.05529411764705883
0 0.06485355648535565 0.34352941176470586 0.12133891213389121 0.16
0 0.645397489539749 0.2747058823529412 0.1108786610878661 0.052941176470588235
0 0.6380753138075314 0.2211764705882353 0.07112970711297072 0.04
0 0.645397489539749 0.2488235294117647 0.14435146443514643 0.1188235294117647
0 0.950836820083682 0.023529411764705882 0.09414225941422594 0.02823529411764706
0 0.8284518828451883 0.008823529411764706 0.07531380753138076 0.01764705882352941
0 0.7751046025104602 0.02176470588235294 0.13179916317991633 0.04352941176470588
0 0.02301255230125523 0.011176470588235295 0.04602510460251046 0.02235294117647059
