0 0.9675732217573222 0.9923529411764705 0.06485355648535565 0.015294117647058824
0 0.7468619246861925 0.9788235294117648 0.28870292887029286 0.042352941176470586
0 0.013598326359832637 0.9164705882352941 0.027196652719665274 0.02588235294117647
0 0.08263598326359832 0.9247058823529412 0.16527196652719664 0.06588235294117648
0 0.016736401673640166 0.8670588235294118 0.03347280334728033 0.02588235294117647
0 0.3723849372384937 0.7970588235294118 0.100418410041841 0.029411764705882353
0 0.3692468619246862 0.8235294117647058 0.25313807531380755 0.1411764705882353
0 0.35355648535564854 0.7611764705882353 0.12552301255230125 0.02588235294117647
0 0.24581589958158995 0.7670588235294118 0.11506276150627615 0.06823529411764706
0 0.5596234309623431 0.6752941176470588 0.0397489539748954 0.03294117647058824
0 0.32322175732217573 0.6776470588235294 0.16108786610878661 0.03764705882352941
0 0.8640167364016736 0.6470588235294118 0.058577405857740586 0.03294117647058824
0 0.03347280334728033 0.5223529411764706 0.06694560669456066 0.021176470588235293
0 0.9811715481171548 0.47058823529411764 0.03765690376569038 0.023529411764705882
0 0.03765690376569038 0.46588235294117647 0.07531380753138076 0.02823529411764706
0 0.05439330543933055 0.4123529411764706 0.1087866108786611 0.024705882352941175
0 0.9497907949790795 0.3935294117647059 0.100418410041841 0.09294117647058824
0 0.35669456066945604 0.3447058823529412 0.056485355648535567 0.05411764705882353
0 0.027196652719665274 0.3088235294117647 0.05439330543933055 0.02
0 0.16108786610878661 0.29470588235294115 0.02510460251046025 0.02
0 0.09205020920502092 0.29411764705882354 0.04602510460251046 0.018823529411764704
0 0.9832635983263598 0.24058823529411766 0.03347280334728033 0.04352941176470588
0 0.6464435146443515 0.2252941176470588 0.100418410041841 0.03176470588235294
0 0.5700836820083682 0.22470588235294117 0.06903765690376569 0.03058823529411765
0 0.7845188284518828 0.22176470588235295 0.15481171548117154 0.027058823529411764
0 0.060669456066945605 0.23176470588235293 0.12133891213389121 0.08
0 0.7824267782426778 0.14294117647058824 0.20502092050209206 0.02235294117647059
0 0.9696652719665272 0.12941176470588237 0.060669456066945605 0.01411764705882353
