0 0.9435146443514645 0.9764705882352941 0.04602510460251046 0.023529411764705882
0 0.5449790794979079 0.9376470588235294 0.08158995815899582 0.08470588235294117
0 0.6056485355648535 0.7788235294117647 0.12343096234309624 0.08705882352941176
0 0.952928870292887 0.8170588235294117 0.060669456066945605 0.24823529411764705
0 0.06485355648535565 0.768235294117647 0.1297071129707113 0.17647058823529413
0 0.8315899581589958 0.6435294117647059 0.056485355648535567 0.01647058823529412
0 0.694560669456067 0.6158823529411764 0.09205020920502092 0.03411764705882353
0 0.7343096234309623 0.5358823529411765 0.05439330543933055 0.04352941176470588
0 0.9738493723849372 0.5129411764705882 0.05230125523012552 0.03764705882352941
0 0.7949790794979079 0.4711764705882353 0.08368200836820083 0.012941176470588235
0 0.9748953974895398 0.4152941176470588 0.0502092050209205 0.1011764705882353
0 0.6589958158995816 0.38529411764705884 0.0794979079497908 0.05764705882352941
0 0.9330543933054394 0.33647058823529413 0.07531380753138076 0.023529411764705882
0 0.8556485355648535 0.39235294117647057 0.0794979079497908 0.14
0 0.4696652719665272 0.3547058823529412 0.08158995815899582 0.06470588235294118
0 0.8472803347280334 0.3335294117647059 0.05439330543933055 0.029411764705882353
0 0.9832635983263598 0.2847058823529412 0.03347280334728033 0.0611764705882353
0 0.8650627615062761 0.11588235294117646 0.1108786610878661 0.029411764705882353
0 0.6150627615062761 0.10294117647058823 0.05439330543933055 0.024705882352941175
0 0.39435146443514646 0.11470588235294117 0.056485355648535567 0.13529411764705881
0 0.8315899581589958 0.009411764705882352 0.027196652719665274 0.018823529411764704
