0 0.016736401673640166 0.8811764705882353 0.03347280334728033 0.14352941176470588
0 0.8755230125523012 0.5952941176470589 0.2489539748953975 0.023529411764705882
0 0.8127615062761506 0.5229411764705882 0.07322175732217573 0.02
0 0.8661087866108786 0.46941176470588236 0.06694560669456066 0.07764705882352942
0 0.5062761506276151 0.31058823529411766 0.19246861924686193 0.047058823529411764
0 0.4299163179916318 0.27 0.04811715481171548 0.04352941176470588
0 0.946652719665272 0.21176470588235294 0.10669456066945607 0.023529411764705882
0 0.8211297071129707 0.2188235294117647 0.16108786610878661 0.04
0 0.694560669456067 0.2376470588235294 0.08368200836820083 0.08235294117647059
0 0.5397489539748954 0.2023529411764706 0.0794979079497908 0.021176470588235293
0 0.3305439330543933 0.2023529411764706 0.200836820083682 0.05411764705882353
0 0.07426778242677824 0.17470588235294118 0.14853556485355648 0.024705882352941175
0 0.7217573221757322 0.05823529411764706 0.02510460251046025 0.11647058823529412
0 0.34414225941422594 0.04941176470588235 0.0397489539748954 0.0988235294117647
