0 0.6841004184100419 0.8470588235294118 0.13389121338912133 0.10588235294117647
0 0.09205020920502092 0.7976470588235294 0.11715481171548117 0.08235294117647059
0 0.6914225941422594 0.7658823529411765 0.056485355648535567 0.03764705882352941
0 0.74581589958159 0.7770588235294118 0.043933054393305436 0.09294117647058824
0 0.9864016736401674 0.7382352941176471 0.027196652719665274 0.06470588235294118
0 0.1799163179916318 0.5858823529411765 0.02510460251046025 0.03764705882352941
0 0.2615062761506276 0.5664705882352942 0.07112970711297072 0.05058823529411765
0 0.3682008368200837 0.5564705882352942 0.14644351464435146 0.058823529411764705
0 0.08786610878661087 0.5776470588235294 0.13807531380753138 0.10588235294117647
0 0.5575313807531381 0.5394117647058824 0.0397489539748954 0.03176470588235294
0 0.07217573221757322 0.5223529411764706 0.1401673640167364 0.03294117647058824
0 0.15481171548117154 0.3423529411764706 0.30962343096234307 0.011764705882352941
0 0.44037656903765693 0.32529411764705884 0.2280334728033473 0.027058823529411764
0 0.09414225941422594 0.3135294117647059 0.058577405857740586 0.04352941176470588
0 0.6579497907949791 0.22764705882352942 0.07322175732217573 0.03411764705882353
0 0.7583682008368201 0.22647058823529412 0.12761506276150628 0.041176470588235294
0 0.42782426778242677 0.03529411764705882 0.1108786610878661 0.07058823529411765
