0 0.5983263598326359 0.53 0.12552301255230125 0.07647058823529412
0 0.47280334728033474 0.5229411764705882 0.11297071129707113 0.06470588235294118
0 0.35564853556485354 0.5211764705882352 0.1087866108786611 0.06352941176470588
0 0.48221757322175735 0.45294117647058824 0.060669456066945605 0.03294117647058824
0 0.7939330543933054 0.4229411764705882 0.06485355648535565 0.052941176470588235
0 0.7949790794979079 0.3876470588235294 0.058577405857740586 0.024705882352941175
0 0.19142259414225943 0.41 0.06485355648535565 0.06941176470588235
0 0.7102510460251046 0.40058823529411763 0.06903765690376569 0.06941176470588235
0 0.2719665271966527 0.39941176470588236 0.07531380753138076 0.06941176470588235
0 0.6234309623430963 0.39588235294117646 0.07112970711297072 0.06705882352941177
0 0.3619246861924686 0.39294117647058824 0.07531380753138076 0.06588235294117648
0 0.5407949790794979 0.3905882352941176 0.06903765690376569 0.06588235294117648
0 0.45397489539748953 0.39 0.07531380753138076 0.06470588235294118
