0 0.4382845188284519 0.691764705882353 0.1694560669456067 0.023529411764705882
0 0.643305439330544 0.6358823529411765 0.10669456066945607 0.03176470588235294
0 0.3692468619246862 0.6194117647058823 0.07740585774058577 0.041176470588235294
0 0.07322175732217573 0.6205882352941177 0.03347280334728033 0.04352941176470588
0 0.8326359832635983 0.5835294117647059 0.03347280334728033 0.023529411764705882
0 0.24581589958158995 0.57 0.07740585774058577 0.041176470588235294
0 0.051255230125523014 0.5617647058823529 0.10251046025104603 0.024705882352941175
0 0.5209205020920502 0.5447058823529412 0.04184100418410042 0.03294117647058824
0 0.3410041841004184 0.5411764705882353 0.07112970711297072 0.05411764705882353
0 0.41631799163179917 0.5205882352941177 0.04184100418410042 0.029411764705882353
0 0.9456066945606695 0.16058823529411764 0.03347280334728033 0.015294117647058824
0 0.6778242677824268 0.13294117647058823 0.07531380753138076 0.05176470588235294
0 0.12656903765690378 0.02588235294117647 0.0397489539748954 0.042352941176470586
