0 0.5198744769874477 0.9558823529411765 0.1192468619246862 0.01764705882352941
0 0.35355648535564854 0.9476470588235294 0.11297071129707113 0.029411764705882353
0 0.5230125523012552 0.9394117647058824 0.24267782426778242 0.024705882352941175
0 0.5387029288702929 0.8305882352941176 0.043933054393305436 0.03529411764705882
0 0.4801255230125523 0.7911764705882353 0.06903765690376569 0.02235294117647059
0 0.19142259414225943 0.8005882352941176 0.1192468619246862 0.3164705882352941
0 0.854602510460251 0.5347058823529411 0.01882845188284519 0.041176470588235294
0 0.24372384937238495 0.43470588235294116 0.043933054393305436 0.03411764705882353
0 0.20606694560669456 0.37823529411764706 0.15271966527196654 0.05529411764705883
0 0.6663179916317992 0.35294117647058826 0.16527196652719664 0.04
0 0.6297071129707112 0.3176470588235294 0.10460251046025104 0.02588235294117647
0 0.40585774058577406 0.31529411764705884 0.07112970711297072 0.02823529411764706
0 0.25418410041841005 0.3076470588235294 0.10669456066945607 0.01764705882352941
0 0.1202928870292887 0.31058823529411766 0.10669456066945607 0.03058823529411765
0 0.0198744769874477 0.3029411764705882 0.0397489539748954 0.01764705882352941
0 0.9916317991631799 0.21176470588235294 0.016736401673640166 0.04470588235294118
0 0.4696652719665272 0.06705882352941177 0.02301255230125523 0.03529411764705882
0 0.25523012552301255 0.027058823529411764 0.03347280334728033 0.04
0 0.8357740585774058 0.05235294117647059 0.05230125523012552 0.10470588235294118
0 0.649581589958159 0.11411764705882353 0.03138075313807531 0.22823529411764706
0 0.28556485355648537 0.042352941176470586 0.0397489539748954 0.08470588235294117
