0 0.9456066945606695 0.9776470588235294 0.04602510460251046 0.023529411764705882
0 0.5439330543933054 0.9452941176470588 0.09205020920502092 0.08352941176470588
0 0.6108786610878661 0.7770588235294118 0.13807531380753138 0.08588235294117647
0 0.9539748953974896 0.8194117647058824 0.058577405857740586 0.24588235294117647
0 0.07322175732217573 0.7594117647058823 0.14644351464435146 0.18
0 0.8399581589958159 0.6441176470588236 0.043933054393305436 0.01764705882352941
0 0.7081589958158996 0.6105882352941177 0.1108786610878661 0.03294117647058824
0 0.0899581589958159 0.5964705882352941 0.07112970711297072 0.06823529411764706
0 0.9822175732217573 0.5141176470588236 0.03556485355648536 0.03529411764705882
0 0.7510460251046025 0.5217647058823529 0.0502092050209205 0.06705882352941177
0 0.8043933054393305 0.4711764705882353 0.07322175732217573 0.012941176470588235
0 0.9769874476987448 0.4211764705882353 0.04602510460251046 0.09176470588235294
0 0.6788702928870293 0.37411764705882355 0.03556485355648536 0.05647058823529412
0 0.9435146443514645 0.33588235294117647 0.08368200836820083 0.024705882352941175
0 0.8629707112970711 0.39235294117647057 0.08158995815899582 0.1423529411764706
0 0.48430962343096234 0.33647058823529413 0.0899581589958159 0.05176470588235294
0 0.9864016736401674 0.2847058823529412 0.027196652719665274 0.0611764705882353
0 0.8744769874476988 0.11529411764705882 0.1087866108786611 0.02823529411764706
0 0.6234309623430963 0.10235294117647059 0.05439330543933055 0.023529411764705882
0 0.401673640167364 0.10882352941176471 0.05439330543933055 0.12823529411764706
0 0.8410041841004184 0.008823529411764706 0.029288702928870293 0.01764705882352941
