0 0.5240585774058577 0.9552941176470588 0.1192468619246862 0.01647058823529412
0 0.35564853556485354 0.9488235294117647 0.11297071129707113 0.027058823529411764
0 0.5251046025104602 0.9394117647058824 0.2384937238493724 0.024705882352941175
0 0.5407949790794979 0.8305882352941176 0.043933054393305436 0.03529411764705882
0 0.48221757322175735 0.79 0.06903765690376569 0.02235294117647059
0 0.19246861924686193 0.808235294117647 0.11715481171548117 0.30117647058823527
0 0.854602510460251 0.5341176470588235 0.01882845188284519 0.04
0 0.24163179916317992 0.43470588235294116 0.03556485355648536 0.03411764705882353
0 0.44142259414225943 0.42705882352941177 0.058577405857740586 0.021176470588235293
0 0.20815899581589958 0.37823529411764706 0.15271966527196654 0.05529411764705883
0 0.6705020920502092 0.3523529411764706 0.16527196652719664 0.041176470588235294
0 0.6307531380753139 0.3176470588235294 0.10251046025104603 0.02588235294117647
0 0.41422594142259417 0.31529411764705884 0.08368200836820083 0.02823529411764706
0 0.25732217573221755 0.3076470588235294 0.100418410041841 0.01764705882352941
0 0.12343096234309624 0.31 0.1087866108786611 0.029411764705882353
0 0.4707112970711297 0.06352941176470588 0.02092050209205021 0.042352941176470586
0 0.8368200836820083 0.05411764705882353 0.05439330543933055 0.10823529411764705
0 0.6516736401673641 0.11411764705882353 0.03138075313807531 0.22823529411764706
0 0.28870292887029286 0.042352941176470586 0.04184100418410042 0.08470588235294117
