0 0.09100418410041841 0.8864705882352941 0.18200836820083682 0.029411764705882353
0 0.301255230125523 0.8847058823529412 0.06276150627615062 0.05647058823529412
0 0.5784518828451883 0.8688235294117647 0.29916317991631797 0.04823529411764706
0 0.9759414225941423 0.8476470588235294 0.04811715481171548 0.02235294117647059
0 0.5721757322175732 0.8447058823529412 0.2112970711297071 0.03764705882352941
0 0.9853556485355649 0.8182352941176471 0.029288702928870293 0.024705882352941175
0 0.3817991631799163 0.5764705882352941 0.1903765690376569 0.05176470588235294
0 0.0596234309623431 0.5741176470588235 0.1192468619246862 0.05647058823529412
0 0.643305439330544 0.5370588235294118 0.17782426778242677 0.07882352941176471
0 0.5878661087866108 0.44 0.100418410041841 0.04941176470588235
0 0.46129707112970714 0.4188235294117647 0.08158995815899582 0.2823529411764706
0 0.7248953974895398 0.23 0.05230125523012552 0.05058823529411765
0 0.1098326359832636 0.022941176470588236 0.043933054393305436 0.04588235294117647
0 0.06799163179916318 0.025294117647058825 0.04811715481171548 0.05058823529411765
0 0.013598326359832637 0.027647058823529413 0.027196652719665274 0.05529411764705883
