0 0.09309623430962342 0.8252941176470588 0.08158995815899582 0.2811764705882353
0 0.8629707112970711 0.6723529411764706 0.07740585774058577 0.012941176470588235
0 0.8294979079497908 0.5994117647058823 0.06485355648535565 0.01764705882352941
0 0.8828451882845189 0.5476470588235294 0.07531380753138076 0.07647058823529412
0 0.5428870292887029 0.3588235294117647 0.07740585774058577 0.03764705882352941
0 0.602510460251046 0.3547058823529412 0.14225941422594143 0.04352941176470588
0 0.8598326359832636 0.28705882352941176 0.13807531380753138 0.01411764705882353
0 0.7583682008368201 0.3135294117647059 0.056485355648535567 0.07411764705882352
0 0.7845188284518828 0.15176470588235294 0.029288702928870293 0.0988235294117647
0 0.8849372384937239 0.09411764705882353 0.04602510460251046 0.01411764705882353
0 0.4382845188284519 0.0888235294117647 0.03556485355648536 0.1776470588235294
