0 0.8211297071129707 0.9929411764705882 0.1903765690376569 0.01411764705882353
0 0.6297071129707112 0.9929411764705882 0.058577405857740586 0.01411764705882353
0 0.32112970711297073 0.9870588235294118 0.04811715481171548 0.02588235294117647
0 0.9497907949790795 0.98 0.100418410041841 0.04
0 0.038702928870292884 0.9452941176470588 0.07740585774058577 0.024705882352941175
0 0.8294979079497908 0.8047058823529412 0.3410041841004184 0.05176470588235294
0 0.8284518828451883 0.7352941176470589 0.1297071129707113 0.03529411764705882
0 0.8368200836820083 0.7058823529411765 0.09623430962343096 0.023529411764705882
0 0.696652719665272 0.69 0.06694560669456066 0.024705882352941175
0 0.899581589958159 0.6223529411764706 0.200836820083682 0.04
0 0.9707112970711297 0.5823529411764706 0.058577405857740586 0.018823529411764704
0 0.8598326359832636 0.5588235294117647 0.21338912133891214 0.03529411764705882
0 0.7949790794979079 0.35058823529411764 0.06694560669456066 0.04470588235294118
