0 0.3127615062761506 0.9811764705882353 0.1694560669456067 0.03764705882352941
0 0.3901673640167364 0.8005882352941176 0.0899581589958159 0.01764705882352941
0 0.9288702928870293 0.8188235294117647 0.14225941422594143 0.05647058823529412
0 0.8713389121338913 0.5141176470588236 0.05230125523012552 0.03058823529411765
0 0.7981171548117155 0.4641176470588235 0.08577405857740586 0.03176470588235294
0 0.5376569037656904 0.4258823529411765 0.15481171548117154 0.17176470588235293
0 0.5209205020920502 0.3276470588235294 0.13807531380753138 0.04352941176470588
0 0.5836820083682008 0.2735294117647059 0.20502092050209206 0.07176470588235294
0 0.060669456066945605 0.24058823529411766 0.12133891213389121 0.029411764705882353
0 0.26569037656903766 0.20941176470588235 0.12133891213389121 0.02823529411764706
0 0.3702928870292887 0.21941176470588236 0.7405857740585774 0.09058823529411765
