0 0.9100418410041841 0.6994117647058824 0.16736401673640167 0.01764705882352941
0 0.9790794979079498 0.61 0.04184100418410042 0.041176470588235294
0 0.7918410041841004 0.6041176470588235 0.056485355648535567 0.04352941176470588
0 0.9738493723849372 0.5735294117647058 0.05230125523012552 0.036470588235294116
0 0.18410041841004185 0.6747058823529412 0.016736401673640166 0.24352941176470588
0 0.891213389121339 0.571764705882353 0.07531380753138076 0.1223529411764706
0 0.8378661087866108 0.48 0.12761506276150628 0.02823529411764706
0 0.2834728033472803 0.4641176470588235 0.06903765690376569 0.01764705882352941
0 0.02405857740585774 0.48705882352941177 0.04811715481171548 0.09411764705882353
0 0.09518828451882845 0.35823529411764704 0.1903765690376569 0.07176470588235294
0 0.8368200836820083 0.31411764705882356 0.09205020920502092 0.02588235294117647
0 0.5951882845188284 0.27705882352941175 0.1192468619246862 0.03176470588235294
0 0.4665271966527197 0.2723529411764706 0.12552301255230125 0.03176470588235294
0 0.9341004184100419 0.21058823529411766 0.10669456066945607 0.07058823529411765
0 0.8849372384937239 0.16294117647058823 0.10460251046025104 0.03882352941176471
0 0.9612970711297071 0.09529411764705882 0.07740585774058577 0.02588235294117647
0 0.9100418410041841 0.6994117647058824 0.16736401673640167 0.01764705882352941
0 0.9790794979079498 0.61 0.04184100418410042 0.041176470588235294
0 0.7918410041841004 0.6041176470588235 0.056485355648535567 0.04352941176470588
0 0.9738493723849372 0.5735294117647058 0.05230125523012552 0.036470588235294116
0 0.18410041841004185 0.6747058823529412 0.016736401673640166 0.24352941176470588
0 0.891213389121339 0.571764705882353 0.07531380753138076 0.1223529411764706
0 0.8378661087866108 0.48 0.12761506276150628 0.02823529411764706
0 0.2834728033472803 0.4641176470588235 0.06903765690376569 0.01764705882352941
0 0.02405857740585774 0.48705882352941177 0.04811715481171548 0.09411764705882353
0 0.09518828451882845 0.35823529411764704 0.1903765690376569 0.07176470588235294
0 0.8368200836820083 0.31411764705882356 0.09205020920502092 0.02588235294117647
0 0.5951882845188284 0.27705882352941175 0.1192468619246862 0.03176470588235294
0 0.4665271966527197 0.2723529411764706 0.12552301255230125 0.03176470588235294
0 0.9341004184100419 0.21058823529411766 0.10669456066945607 0.07058823529411765
0 0.8849372384937239 0.16294117647058823 0.10460251046025104 0.03882352941176471
0 0.9612970711297071 0.09529411764705882 0.07740585774058577 0.02588235294117647
