0 0.32322175732217573 0.9211764705882353 0.5 0.07294117647058823
0 0.03556485355648536 0.888235294117647 0.07112970711297072 0.12470588235294118
0 0.8117154811715481 0.7611764705882353 0.11297071129707113 0.12
0 0.9079497907949791 0.66 0.18410041841004185 0.023529411764705882
0 0.8608786610878661 0.44 0.0899581589958159 0.018823529411764704
0 0.18200836820083682 0.4335294117647059 0.36401673640167365 0.06
0 0.9100418410041841 0.39235294117647057 0.1799163179916318 0.10941176470588235
0 0.25732217573221755 0.3488235294117647 0.0502092050209205 0.05529411764705883
0 0.6579497907949791 0.34823529411764703 0.060669456066945605 0.06352941176470588
0 0.5700836820083682 0.35294117647058826 0.25732217573221755 0.08470588235294117
0 0.6244769874476988 0.2723529411764706 0.09832635983263599 0.052941176470588235
0 0.11297071129707113 0.27058823529411763 0.04602510460251046 0.04941176470588235
0 0.20606694560669456 0.26529411764705885 0.043933054393305436 0.04823529411764706
0 0.5774058577405857 0.27176470588235296 0.2217573221757322 0.06823529411764706
0 0.24581589958158995 0.26 0.043933054393305436 0.047058823529411764
0 0.28870292887029286 0.25529411764705884 0.04602510460251046 0.047058823529411764
0 0.6663179916317992 0.18411764705882352 0.18200836820083682 0.04823529411764706
0 0.9937238493723849 0.17647058823529413 0.012552301255230125 0.07058823529411765
0 0.5993723849372385 0.1411764705882353 0.04811715481171548 0.04470588235294118
0 0.6537656903765691 0.16176470588235295 0.18619246861924685 0.10705882352941176
0 0.9131799163179917 0.05 0.12761506276150628 0.015294117647058824
