0 0.9740566037735849 0.7719665271966527 0.05188679245283019 0.03347280334728033
0 0.0589622641509434 0.8023012552301255 0.1179245283018868 0.10669456066945607
0 0.8248820754716981 0.7290794979079498 0.04834905660377359 0.05230125523012552
0 0.9593160377358491 0.6705020920502092 0.08136792452830188 0.09414225941422594
0 0.6662735849056604 0.3723849372384937 0.08962264150943396 0.06276150627615062
0 0.6662735849056604 0.3054393305439331 0.08962264150943396 0.058577405857740586
0 0.6645047169811321 0.33577405857740583 0.10023584905660378 0.15690376569037656
0 0.3891509433962264 0.1600418410041841 0.0330188679245283 0.03138075313807531
0 0.07547169811320754 0.056485355648535567 0.025943396226415096 0.04602510460251046
0 0.9551886792452831 0.016736401673640166 0.03773584905660377 0.03347280334728033
0 0.8266509433962265 0.028242677824267783 0.030660377358490566 0.056485355648535567
0 0.022995283018867923 0.036610878661087864 0.0294811320754717 0.07322175732217573
