0 0.2818396226415094 0.8880753138075314 0.10613207547169812 0.03556485355648536
0 0.6591981132075472 0.8305439330543933 0.5047169811320755 0.1297071129707113
0 0.13797169811320756 0.6956066945606695 0.014150943396226415 0.08158995815899582
0 0.9805424528301887 0.7154811715481172 0.03891509433962264 0.20502092050209206
0 0.620872641509434 0.48535564853556484 0.031839622641509434 0.08368200836820083
0 0.9817216981132075 0.22384937238493724 0.036556603773584904 0.18410041841004185
0 0.25648584905660377 0.13284518828451883 0.03419811320754717 0.05230125523012552
0 0.9127358490566038 0.1412133891213389 0.05660377358490566 0.13179916317991633
0 0.8567216981132075 0.11820083682008369 0.0294811320754717 0.08577405857740586
0 0.8632075471698113 0.038702928870292884 0.02358490566037736 0.056485355648535567
0 0.3136792452830189 0.08263598326359832 0.049528301886792456 0.16527196652719664
