0 0.35669456066945604 0.7529411764705882 0.06903765690376569 0.021176470588235293
0 0.8284518828451883 0.6935294117647058 0.0502092050209205 0.06941176470588235
0 0.6119246861924686 0.6905882352941176 0.05230125523012552 0.07058823529411765
0 0.7280334728033473 0.6717647058823529 0.08368200836820083 0.03764705882352941
0 0.9027196652719666 0.6535294117647059 0.06485355648535565 0.012941176470588235
0 0.6119246861924686 0.37 0.1401673640167364 0.041176470588235294
0 0.7698744769874477 0.31176470588235294 0.09623430962343096 0.01411764705882353
0 0.22594142259414227 0.2817647058823529 0.07112970711297072 0.052941176470588235
0 0.30962343096234307 0.2747058823529412 0.09205020920502092 0.05764705882352941
0 0.1705020920502092 0.27588235294117647 0.056485355648535567 0.07647058823529412
0 0.44142259414225943 0.26294117647058823 0.09205020920502092 0.05764705882352941
0 0.5292887029288703 0.25470588235294117 0.08786610878661087 0.05529411764705883
0 0.3692468619246862 0.25882352941176473 0.043933054393305436 0.07529411764705882
0 0.856694560669456 0.17294117647058824 0.060669456066945605 0.009411764705882352
0 0.8357740585774058 0.13705882352941176 0.06903765690376569 0.01764705882352941
0 0.9100418410041841 0.16294117647058823 0.04602510460251046 0.12588235294117647
