0 0.9740566037735849 0.7719665271966527 0.05188679245283019 0.03347280334728033
0 0.05837264150943396 0.803347280334728 0.11674528301886793 0.100418410041841
0 0.8248820754716981 0.7322175732217573 0.04834905660377359 0.04602510460251046
0 0.8337264150943396 0.6684100418410042 0.0589622641509434 0.02301255230125523
0 0.9593160377358491 0.6705020920502092 0.08136792452830188 0.09414225941422594
0 0.6621462264150944 0.36715481171548114 0.09080188679245282 0.060669456066945605
0 0.6633254716981132 0.3002092050209205 0.09080188679245282 0.060669456066945605
0 0.6615566037735849 0.33263598326359833 0.10141509433962265 0.1589958158995816
0 0.3897405660377358 0.1589958158995816 0.03419811320754717 0.03347280334728033
0 0.07252358490566038 0.05543933054393305 0.0294811320754717 0.04811715481171548
0 0.9551886792452831 0.016736401673640166 0.03773584905660377 0.03347280334728033
0 0.8266509433962265 0.02615062761506276 0.030660377358490566 0.05230125523012552
0 0.10731132075471699 0.011506276150627616 0.04481132075471698 0.02301255230125523
0 0.022995283018867923 0.036610878661087864 0.0294811320754717 0.07322175732217573
