0 0.852510460251046 0.7288235294117648 0.03556485355648536 0.03411764705882353
0 0.893305439330544 0.7041176470588235 0.21338912133891214 0.06470588235294118
0 0.9790794979079498 0.5941176470588235 0.04184100418410042 0.042352941176470586
0 0.8807531380753139 0.5788235294117647 0.12133891213389121 0.09411764705882353
0 0.2186192468619247 0.508235294117647 0.10669456066945607 0.11764705882352941
0 0.8096234309623431 0.34647058823529414 0.03347280334728033 0.024705882352941175
0 0.9016736401673641 0.07823529411764706 0.02510460251046025 0.027058823529411764
0 0.8682008368200836 0.07705882352941176 0.02510460251046025 0.027058823529411764
0 0.9184100418410042 0.03588235294117647 0.02510460251046025 0.029411764705882353
0 0.8828451882845189 0.03529411764705882 0.02510460251046025 0.03058823529411765
0 0.9801255230125523 0.009411764705882352 0.0397489539748954 0.018823529411764704
0 0.8378661087866108 0.058823529411764705 0.0397489539748954 0.11764705882352941
