0 0.4696652719665272 0.7541176470588236 0.7384937238493724 0.11058823529411765
0 0.8734309623430963 0.6794117647058824 0.05230125523012552 0.029411764705882353
0 0.8284518828451883 0.5270588235294118 0.17573221757322174 0.02823529411764706
0 0.9665271966527197 0.508235294117647 0.06694560669456066 0.03764705882352941
0 0.36297071129707115 0.5105882352941177 0.16108786610878661 0.07058823529411765
0 0.24476987447698745 0.4935294117647059 0.10460251046025104 0.05764705882352941
0 0.3880753138075314 0.4535294117647059 0.16527196652719664 0.07176470588235294
0 0.26569037656903766 0.4364705882352941 0.09623430962343096 0.058823529411764705
0 0.9497907949790795 0.42 0.100418410041841 0.09647058823529411
0 0.8096234309623431 0.3976470588235294 0.16736401673640167 0.08235294117647059
0 0.8284518828451883 0.36058823529411765 0.0794979079497908 0.01764705882352941
0 0.26778242677824265 0.37470588235294117 0.05439330543933055 0.04588235294117647
0 0.7039748953974896 0.2535294117647059 0.14435146443514643 0.06941176470588235
0 0.06485355648535565 0.21352941176470588 0.10460251046025104 0.015294117647058824
0 0.50418410041841 0.16117647058823528 0.497907949790795 0.08235294117647059
0 0.1297071129707113 0.1011764705882353 0.2594142259414226 0.04941176470588235
