0 0.7928870292887029 0.9147058823529411 0.0794979079497908 0.10470588235294118
0 0.4341004184100418 0.5805882352941176 0.24476987447698745 0.05529411764705883
0 0.9633891213389121 0.5570588235294117 0.06903765690376569 0.024705882352941175
0 0.6338912133891214 0.5447058823529412 0.06694560669456066 0.021176470588235293
0 0.9424686192468619 0.4776470588235294 0.11506276150627615 0.14823529411764705
0 0.49686192468619245 0.3788235294117647 0.19456066945606695 0.023529411764705882
0 0.3263598326359833 0.3411764705882353 0.06276150627615062 0.04470588235294118
0 0.6746861924686193 0.34 0.043933054393305436 0.04470588235294118
0 0.3985355648535565 0.34 0.060669456066945605 0.04470588235294118
0 0.6255230125523012 0.3388235294117647 0.04184100418410042 0.04470588235294118
0 0.5679916317991632 0.3382352941176471 0.05230125523012552 0.04352941176470588
0 0.5010460251046025 0.3388235294117647 0.06903765690376569 0.04470588235294118
0 0.446652719665272 0.3388235294117647 0.01882845188284519 0.04470588235294118
0 0.9633891213389121 0.31 0.07322175732217573 0.024705882352941175
0 0.4372384937238494 0.29352941176470587 0.11715481171548117 0.027058823529411764
0 0.5763598326359832 0.29294117647058826 0.12761506276150628 0.02823529411764706
0 0.9665271966527197 0.2676470588235294 0.06694560669456066 0.05058823529411765
0 0.649581589958159 0.2188235294117647 0.056485355648535567 0.05647058823529412
0 0.3817991631799163 0.22058823529411764 0.09414225941422594 0.06470588235294118
0 0.5564853556485355 0.2076470588235294 0.02510460251046025 0.05529411764705883
0 0.4592050209205021 0.2088235294117647 0.06903765690376569 0.06
0 0.5177824267782427 0.20588235294117646 0.027196652719665274 0.05647058823529412
0 0.29602510460251047 0.21352941176470588 0.06903765690376569 0.10705882352941176
0 0.04602510460251046 0.14058823529411765 0.09205020920502092 0.07411764705882352
