0 0.08549528301886793 0.9006276150627615 0.055424528301886794 0.04811715481171548
0 0.5347877358490566 0.8462343096234309 0.027122641509433963 0.1192468619246862
0 0.6586084905660378 0.7876569037656904 0.060141509433962265 0.07740585774058577
0 0.6037735849056604 0.7635983263598326 0.02122641509433962 0.06276150627615062
0 0.8413915094339622 0.696652719665272 0.024764150943396228 0.029288702928870293
0 0.6362028301886793 0.6976987447698745 0.036556603773584904 0.04811715481171548
0 0.7995283018867925 0.6924686192468619 0.03773584905660377 0.05439330543933055
0 0.09905660377358491 0.645397489539749 0.01650943396226415 0.05230125523012552
0 0.9834905660377359 0.5763598326359832 0.02830188679245283 0.060669456066945605
0 0.7193396226415094 0.6307531380753139 0.06132075471698113 0.3075313807531381
0 0.7983490566037735 0.4571129707112971 0.06839622641509434 0.056485355648535567
0 0.8620283018867925 0.5261506276150628 0.125 0.3075313807531381
0 0.07606132075471699 0.3472803347280335 0.036556603773584904 0.02510460251046025
0 0.5507075471698113 0.3148535564853556 0.04009433962264151 0.056485355648535567
0 0.5518867924528302 0.24790794979079497 0.03773584905660377 0.043933054393305436
0 0.10436320754716981 0.16108786610878661 0.05306603773584906 0.0502092050209205
0 0.01945754716981132 0.1297071129707113 0.03891509433962264 0.04184100418410042
0 0.42865566037735847 0.04288702928870293 0.13561320754716982 0.08577405857740586
0 0.31957547169811323 0.20815899581589958 0.07075471698113207 0.41631799163179917
