0 0.606694560669456 0.8276470588235294 0.11297071129707113 0.027058823529411764
0 0.4393305439330544 0.6076470588235294 0.46443514644351463 0.027058823529411764
0 0.8347280334728033 0.4988235294117647 0.09623430962343096 0.02588235294117647
0 0.4769874476987448 0.4464705882352941 0.08368200836820083 0.029411764705882353
0 0.6903765690376569 0.44588235294117645 0.24267782426778242 0.0988235294117647
0 0.38493723849372385 0.3905882352941176 0.3598326359832636 0.018823529411764704
0 0.5836820083682008 0.3711764705882353 0.06276150627615062 0.027058823529411764
0 0.46338912133891214 0.37058823529411766 0.03138075313807531 0.02588235294117647
0 0.301255230125523 0.37058823529411766 0.02510460251046025 0.02588235294117647
0 0.7405857740585774 0.3711764705882353 0.03347280334728033 0.029411764705882353
0 0.9194560669456067 0.15411764705882353 0.16108786610878661 0.05411764705882353
0 0.7939330543933054 0.16176470588235295 0.3284518828451883 0.09294117647058824
0 0.5564853556485355 0.12705882352941175 0.058577405857740586 0.042352941176470586
0 0.9205020920502092 0.11294117647058824 0.1589958158995816 0.042352941176470586
0 0.13389121338912133 0.04823529411764706 0.2301255230125523 0.011764705882352941
0 0.6317991631799164 0.054705882352941174 0.11297071129707113 0.027058823529411764
0 0.48326359832635984 0.04588235294117647 0.3807531380753138 0.04470588235294118
0 0.7604602510460251 0.023529411764705882 0.13598326359832635 0.01411764705882353
0 0.9142259414225942 0.02 0.17154811715481172 0.04
