0 0.47287735849056606 0.8389121338912134 0.10613207547169812 0.07112970711297072
0 0.9245283018867925 0.7426778242677824 0.030660377358490566 0.029288702928870293
0 0.7517688679245284 0.5742677824267782 0.03891509433962264 0.08577405857740586
0 0.9044811320754716 0.5596234309623431 0.08962264150943396 0.10669456066945607
0 0.847877358490566 0.5240585774058577 0.025943396226415096 0.056485355648535567
0 0.2694575471698113 0.46338912133891214 0.13797169811320756 0.06903765690376569
0 0.9056603773584906 0.33158995815899583 0.18867924528301888 0.17782426778242677
0 0.7700471698113207 0.2112970711297071 0.014150943396226415 0.05439330543933055
0 0.7564858490566038 0.14958158995815898 0.041273584905660375 0.056485355648535567
0 0.9304245283018868 0.04288702928870293 0.1391509433962264 0.06485355648535565
0 0.05955188679245283 0.010460251046025104 0.041273584905660375 0.02092050209205021
