0 0.9110878661087866 0.6982352941176471 0.16527196652719664 0.01764705882352941
0 0.9790794979079498 0.6094117647058823 0.04184100418410042 0.04
0 0.7949790794979079 0.6029411764705882 0.05439330543933055 0.04352941176470588
0 0.9748953974895398 0.5723529411764706 0.0502092050209205 0.036470588235294116
0 0.1893305439330544 0.6741176470588235 0.01882845188284519 0.2447058823529412
0 0.893305439330544 0.5705882352941176 0.07531380753138076 0.1223529411764706
0 0.8399581589958159 0.4811764705882353 0.12343096234309624 0.02588235294117647
0 0.28661087866108786 0.46176470588235297 0.06694560669456066 0.01764705882352941
0 0.02615062761506276 0.4923529411764706 0.05230125523012552 0.10705882352941176
0 0.09832635983263599 0.3588235294117647 0.19665271966527198 0.07294117647058823
0 0.8378661087866108 0.3135294117647059 0.0899581589958159 0.027058823529411764
0 0.5972803347280334 0.2752941176470588 0.1192468619246862 0.03058823529411765
0 0.4895397489539749 0.2711764705882353 0.08368200836820083 0.029411764705882353
0 0.4320083682008368 0.26823529411764707 0.056485355648535567 0.02823529411764706
0 0.9424686192468619 0.21352941176470588 0.11506276150627615 0.07176470588235294
0 0.8849372384937239 0.1635294117647059 0.10460251046025104 0.04
0 0.9612970711297071 0.09529411764705882 0.07740585774058577 0.02588235294117647
0 0.015690376569037656 0.09529411764705882 0.03138075313807531 0.02823529411764706
0 0.9110878661087866 0.6982352941176471 0.16527196652719664 0.01764705882352941
0 0.9790794979079498 0.6094117647058823 0.04184100418410042 0.04
0 0.7949790794979079 0.6029411764705882 0.05439330543933055 0.04352941176470588
0 0.9748953974895398 0.5723529411764706 0.0502092050209205 0.036470588235294116
0 0.1893305439330544 0.6741176470588235 0.01882845188284519 0.2447058823529412
0 0.893305439330544 0.5705882352941176 0.07531380753138076 0.1223529411764706
0 0.8399581589958159 0.4811764705882353 0.12343096234309624 0.02588235294117647
0 0.28661087866108786 0.46176470588235297 0.06694560669456066 0.01764705882352941
0 0.02615062761506276 0.4923529411764706 0.05230125523012552 0.10705882352941176
0 0.09832635983263599 0.3588235294117647 0.19665271966527198 0.07294117647058823
0 0.8378661087866108 0.3135294117647059 0.0899581589958159 0.027058823529411764
0 0.5972803347280334 0.2752941176470588 0.1192468619246862 0.03058823529411765
0 0.4895397489539749 0.2711764705882353 0.08368200836820083 0.029411764705882353
0 0.4320083682008368 0.26823529411764707 0.056485355648535567 0.02823529411764706
0 0.9424686192468619 0.21352941176470588 0.11506276150627615 0.07176470588235294
0 0.8849372384937239 0.1635294117647059 0.10460251046025104 0.04
0 0.9612970711297071 0.09529411764705882 0.07740585774058577 0.02588235294117647
0 0.015690376569037656 0.09529411764705882 0.03138075313807531 0.02823529411764706
