0 0.5 0.8849372384937239 1.0 0.2301255230125523
0 0.02830188679245283 0.7416317991631799 0.05660377358490566 0.10251046025104603
0 0.011202830188679245 0.6297071129707112 0.02240566037735849 0.05439330543933055
0 0.02535377358490566 0.5596234309623431 0.05070754716981132 0.060669456066945605
0 0.5518867924528302 0.5031380753138075 0.03773584905660377 0.06485355648535565
0 0.6167452830188679 0.4707112970711297 0.030660377358490566 0.0502092050209205
0 0.7906839622641509 0.5271966527196653 0.09551886792452831 0.20920502092050208
0 0.7075471698113207 0.4299163179916318 0.0330188679245283 0.043933054393305436
0 0.7558962264150944 0.4121338912133891 0.030660377358490566 0.04184100418410042
0 0.9846698113207547 0.3514644351464435 0.030660377358490566 0.04602510460251046
0 0.041273584905660375 0.25313807531380755 0.08254716981132075 0.058577405857740586
0 0.8932783018867925 0.13702928870292888 0.09551886792452831 0.07322175732217573
0 0.2116745283018868 0.04707112970711297 0.01768867924528302 0.05230125523012552
0 0.6533018867924528 0.012552301255230125 0.125 0.02510460251046025
0 0.5713443396226415 0.015690376569037656 0.027122641509433963 0.03138075313807531
0 0.3402122641509434 0.032426778242677826 0.10966981132075472 0.06485355648535565
