0 0.11438679245283019 0.8619246861924686 0.02122641509433962 0.04184100418410042
0 0.7529481132075472 0.8734309623430963 0.02240566037735849 0.06903765690376569
0 0.3891509433962264 0.7677824267782427 0.0330188679245283 0.07112970711297072
0 0.6314858490566038 0.608786610878661 0.08608490566037735 0.06276150627615062
0 0.41509433962264153 0.5721757322175732 0.06367924528301887 0.06485355648535565
0 0.6020047169811321 0.5355648535564853 0.0294811320754717 0.05439330543933055
0 0.9298349056603774 0.3598326359832636 0.02240566037735849 0.03347280334728033
0 0.24941037735849056 0.29497907949790797 0.036556603773584904 0.05439330543933055
0 0.12028301886792453 0.26673640167364016 0.03773584905660377 0.027196652719665274
0 0.01179245283018868 0.25313807531380755 0.02358490566037736 0.07531380753138076
0 0.9799528301886793 0.22384937238493724 0.04009433962264151 0.02092050209205021
0 0.5165094339622641 0.2918410041841004 0.05660377358490566 0.16527196652719664
0 0.6031839622641509 0.3179916317991632 0.027122641509433963 0.2217573221757322
0 0.9433962264150944 0.13912133891213388 0.08018867924528301 0.06485355648535565
