0 0.6462264150943396 0.8410041841004184 0.07311320754716981 0.08786610878661087
0 0.4852594339622642 0.8043933054393305 0.060141509433962265 0.08577405857740586
0 0.9893867924528302 0.7845188284518828 0.02122641509433962 0.100418410041841
0 0.26120283018867924 0.7343096234309623 0.08608490566037735 0.02510460251046025
0 0.4115566037735849 0.7050209205020921 0.04009433962264151 0.02092050209205021
0 0.4581367924528302 0.6924686192468619 0.04834905660377359 0.02092050209205021
0 0.6474056603773585 0.6359832635983264 0.08018867924528301 0.03347280334728033
0 0.7900943396226415 0.602510460251046 0.07311320754716981 0.0502092050209205
0 0.3755896226415094 0.5397489539748954 0.024764150943396228 0.06694560669456066
0 0.027712264150943397 0.5073221757322176 0.01768867924528302 0.07322175732217573
0 0.486438679245283 0.4895397489539749 0.041273584905660375 0.11715481171548117
0 0.6792452830188679 0.4592050209205021 0.018867924528301886 0.06903765690376569
0 0.7022405660377359 0.4393305439330544 0.03419811320754717 0.1087866108786611
0 0.7564858490566038 0.41631799163179917 0.06485849056603774 0.16317991631799164
0 0.6957547169811321 0.36715481171548114 0.04245283018867924 0.07322175732217573
0 0.8295990566037735 0.448744769874477 0.015330188679245283 0.2489539748953975
0 0.15742924528301888 0.29811715481171547 0.14504716981132076 0.03138075313807531
0 0.04009433962264151 0.26673640167364016 0.02830188679245283 0.07740585774058577
0 0.7612028301886793 0.20920502092050208 0.1403301886792453 0.02510460251046025
0 0.21226415094339623 0.23640167364016737 0.12735849056603774 0.10460251046025104
0 0.14681603773584906 0.20815899581589958 0.27004716981132076 0.08158995815899582
0 0.4964622641509434 0.012552301255230125 0.1320754716981132 0.02510460251046025
0 0.28596698113207547 0.02301255230125523 0.027122641509433963 0.04602510460251046
