0 0.21933962264150944 0.8284518828451883 0.04481132075471698 0.07112970711297072
0 0.5082547169811321 0.5805439330543933 0.01650943396226415 0.1401673640167364
0 0.4528301886792453 0.5815899581589958 0.018867924528301886 0.1506276150627615
0 0.3319575471698113 0.5303347280334728 0.020047169811320754 0.17364016736401675
0 0.3384433962264151 0.45083682008368203 0.01650943396226415 0.08577405857740586
0 0.8873820754716981 0.4351464435146444 0.03891509433962264 0.08368200836820083
0 0.7523584905660378 0.4424686192468619 0.04481132075471698 0.18200836820083682
0 0.1792452830188679 0.35564853556485354 0.08254716981132075 0.06276150627615062
0 0.9817216981132075 0.33263598326359833 0.0294811320754717 0.04184100418410042
0 0.6468160377358491 0.3253138075313807 0.09316037735849056 0.060669456066945605
0 0.5123820754716981 0.3190376569037657 0.024764150943396228 0.060669456066945605
0 0.18101415094339623 0.2834728033472803 0.04363207547169811 0.027196652719665274
0 0.19693396226415094 0.2625523012552301 0.06839622641509434 0.11506276150627615
0 0.9398584905660378 0.08891213389121339 0.049528301886792456 0.1401673640167364
0 0.714622641509434 0.009414225941422594 0.03537735849056604 0.01882845188284519
