0 0.9801255230125523 0.6529411764705882 0.0397489539748954 0.04
0 0.8870292887029289 0.571764705882353 0.0502092050209205 0.03058823529411765
0 0.9602510460251046 0.5252941176470588 0.05439330543933055 0.024705882352941175
0 0.9089958158995816 0.5005882352941177 0.06903765690376569 0.04588235294117647
0 0.7343096234309623 0.45941176470588235 0.04602510460251046 0.029411764705882353
0 0.08054393305439331 0.44882352941176473 0.056485355648535567 0.16117647058823528
0 0.7311715481171548 0.3723529411764706 0.16108786610878661 0.03882352941176471
0 0.49686192468619245 0.3347058823529412 0.060669456066945605 0.02235294117647059
0 0.39748953974895396 0.2911764705882353 0.05439330543933055 0.024705882352941175
0 0.301255230125523 0.29294117647058826 0.08786610878661087 0.02823529411764706
0 0.22071129707112971 0.28941176470588237 0.06903765690376569 0.04
0 0.5962343096234309 0.28294117647058825 0.0794979079497908 0.04588235294117647
0 0.9665271966527197 0.26823529411764707 0.0502092050209205 0.023529411764705882
0 0.9612970711297071 0.15 0.07740585774058577 0.024705882352941175
0 0.858786610878661 0.1776470588235294 0.07740585774058577 0.1811764705882353
