0 0.8537735849056604 0.895397489539749 0.04716981132075472 0.07531380753138076
0 0.7564858490566038 0.7719665271966527 0.04363207547169811 0.058577405857740586
0 0.8266509433962265 0.6778242677824268 0.04481132075471698 0.05439330543933055
0 0.7264150943396226 0.6642259414225942 0.030660377358490566 0.027196652719665274
0 0.6839622641509434 0.5732217573221757 0.07547169811320754 0.05439330543933055
0 0.2818396226415094 0.5575313807531381 0.01650943396226415 0.06903765690376569
0 0.3001179245283019 0.5115062761506276 0.015330188679245283 0.15271966527196654
0 0.875 0.3493723849372385 0.08962264150943396 0.058577405857740586
0 0.19929245283018868 0.1893305439330544 0.030660377358490566 0.043933054393305436
0 0.26002358490566035 0.19142259414225943 0.0294811320754717 0.056485355648535567
0 0.46167452830188677 0.16108786610878661 0.02240566037735849 0.09623430962343096
0 0.3744103773584906 0.1307531380753138 0.045990566037735846 0.12343096234309624
0 0.9593160377358491 0.10251046025104603 0.08136792452830188 0.14644351464435146
0 0.20224056603773585 0.08891213389121339 0.031839622641509434 0.1192468619246862
