0 0.20292887029288703 0.8452941176470589 0.0502092050209205 0.02
0 0.07845188284518828 0.8505882352941176 0.15690376569037656 0.08
0 0.7248953974895398 0.7717647058823529 0.014644351464435146 0.03529411764705882
0 0.7730125523012552 0.7658823529411765 0.014644351464435146 0.03529411764705882
0 0.6171548117154811 0.7717647058823529 0.016736401673640166 0.05647058823529412
0 0.27824267782426776 0.6982352941176471 0.06276150627615062 0.02
0 0.7949790794979079 0.7041176470588235 0.07531380753138076 0.041176470588235294
0 0.05543933054393305 0.6552941176470588 0.09414225941422594 0.03294117647058824
0 0.4476987447698745 0.4958823529411765 0.2803347280334728 0.05764705882352941
0 0.7071129707112971 0.38823529411764707 0.06694560669456066 0.01411764705882353
0 0.16108786610878661 0.38235294117647056 0.03765690376569038 0.02588235294117647
0 0.01882845188284519 0.36705882352941177 0.03765690376569038 0.01647058823529412
0 0.37656903765690375 0.37823529411764706 0.100418410041841 0.08352941176470588
0 0.06276150627615062 0.3547058823529412 0.04184100418410042 0.04352941176470588
0 0.4895397489539749 0.36470588235294116 0.11297071129707113 0.08941176470588236
0 0.6485355648535565 0.3517647058823529 0.1087866108786611 0.10352941176470588
0 0.5899581589958159 0.30411764705882355 0.0794979079497908 0.024705882352941175
0 0.9246861924686193 0.2876470588235294 0.1506276150627615 0.1
0 0.6861924686192469 0.24294117647058824 0.09623430962343096 0.03882352941176471
0 0.7897489539748954 0.23294117647058823 0.027196652719665274 0.03529411764705882
0 0.9246861924686193 0.13470588235294118 0.08368200836820083 0.08823529411764706
0 0.6548117154811716 0.018235294117647058 0.08368200836820083 0.036470588235294116
