0 0.044221698113207544 0.9278242677824268 0.08844339622641509 0.0397489539748954
0 0.020636792452830188 0.8221757322175732 0.031839622641509434 0.02092050209205021
0 0.2099056603773585 0.6652719665271967 0.08490566037735849 0.1087866108786611
0 0.8195754716981132 0.5711297071129707 0.06132075471698113 0.04184100418410042
0 0.9009433962264151 0.5638075313807531 0.030660377358490566 0.043933054393305436
0 0.7110849056603774 0.5638075313807531 0.07075471698113207 0.10669456066945607
0 0.7659198113207547 0.41527196652719667 0.0294811320754717 0.060669456066945605
0 0.7977594339622641 0.40585774058577406 0.027122641509433963 0.04602510460251046
0 0.8290094339622641 0.4121338912133891 0.02830188679245283 0.06276150627615062
0 0.8614386792452831 0.4089958158995816 0.027122641509433963 0.060669456066945605
0 0.9215801886792453 0.40690376569037656 0.024764150943396228 0.060669456066945605
0 0.8926886792452831 0.3985355648535565 0.025943396226415096 0.043933054393305436
0 0.808372641509434 0.348326359832636 0.01768867924528302 0.043933054393305436
0 0.8891509433962265 0.34518828451882844 0.01650943396226415 0.04184100418410042
0 0.847877358490566 0.27615062761506276 0.13443396226415094 0.03765690376569038
0 0.5560141509433962 0.19769874476987448 0.2983490566037736 0.07322175732217573
0 0.4233490566037736 0.19142259414225943 0.025943396226415096 0.06485355648535565
0 0.6538915094339622 0.1893305439330544 0.09316037735849056 0.06485355648535565
0 0.5571933962264151 0.1893305439330544 0.09316037735849056 0.06485355648535565
0 0.46167452830188677 0.1903765690376569 0.08844339622641509 0.06694560669456066
0 0.7753537735849056 0.09728033472803348 0.2606132075471698 0.060669456066945605
0 0.7370283018867925 0.07322175732217573 0.06367924528301887 0.016736401673640166
0 0.5713443396226415 0.09728033472803348 0.08844339622641509 0.06485355648535565
0 0.1615566037735849 0.07322175732217573 0.0330188679245283 0.02092050209205021
