0 0.9299163179916318 0.9594117647058824 0.10669456066945607 0.0811764705882353
0 0.1579497907949791 0.9476470588235294 0.027196652719665274 0.10470588235294118
0 0.07740585774058577 0.9117647058823529 0.15481171548117154 0.06823529411764706
0 0.04079497907949791 0.46352941176470586 0.08158995815899582 0.07294117647058823
0 0.9414225941422594 0.46705882352941175 0.11715481171548117 0.11058823529411765
0 0.060669456066945605 0.4111764705882353 0.12133891213389121 0.06705882352941177
0 0.7928870292887029 0.37411764705882355 0.05439330543933055 0.03058823529411765
0 0.3179916317991632 0.3564705882352941 0.19665271966527198 0.04
0 0.6851464435146444 0.35823529411764704 0.06903765690376569 0.06
0 0.6317991631799164 0.19647058823529412 0.03765690376569038 0.023529411764705882
