0 0.38089622641509435 0.7207112970711297 0.049528301886792456 0.0397489539748954
0 0.3419811320754717 0.6830543933054394 0.03537735849056604 0.04811715481171548
0 0.9109669811320755 0.6589958158995816 0.04834905660377359 0.0794979079497908
0 0.7417452830188679 0.5794979079497908 0.04009433962264151 0.0794979079497908
0 0.4634433962264151 0.5763598326359832 0.02830188679245283 0.11506276150627615
0 0.8030660377358491 0.6150627615062761 0.04481132075471698 0.20920502092050208
0 0.13974056603773585 0.5753138075313807 0.0294811320754717 0.13389121338912133
0 0.7724056603773585 0.5679916317991632 0.03537735849056604 0.18200836820083682
0 0.12735849056603774 0.4581589958158996 0.014150943396226415 0.06276150627615062
0 0.8891509433962265 0.4874476987447699 0.05188679245283019 0.2175732217573222
0 0.4652122641509434 0.4382845188284519 0.0294811320754717 0.12343096234309624
0 0.20577830188679244 0.3807531380753138 0.01768867924528302 0.08368200836820083
0 0.6727594339622641 0.47175732217573224 0.08844339622641509 0.34518828451882844
0 0.14622641509433962 0.3043933054393305 0.030660377358490566 0.02301255230125523
0 0.3767688679245283 0.3169456066945607 0.05070754716981132 0.13598326359832635
0 0.9870283018867925 0.3305439330543933 0.025943396226415096 0.20502092050209206
0 0.8643867924528302 0.25 0.04716981132075472 0.22384937238493724
0 0.16568396226415094 0.1589958158995816 0.01768867924528302 0.08368200836820083
0 0.047759433962264154 0.10355648535564854 0.045990566037735846 0.1401673640167364
0 0.7989386792452831 0.11401673640167365 0.04363207547169811 0.20292887029288703
0 0.9604952830188679 0.1108786610878661 0.031839622641509434 0.2217573221757322
0 0.9375 0.0794979079497908 0.02122641509433962 0.1589958158995816
0 0.8431603773584906 0.06276150627615062 0.03773584905660377 0.12552301255230125
0 0.11379716981132075 0.03138075313807531 0.0625 0.06276150627615062
