0 0.5460251046025104 0.30411764705882355 0.07112970711297072 0.04823529411764706
0 0.4686192468619247 0.3023529411764706 0.06694560669456066 0.04941176470588235
0 0.39644351464435146 0.2988235294117647 0.0397489539748954 0.047058823529411764
0 0.350418410041841 0.29764705882352943 0.0397489539748954 0.047058823529411764
0 0.2824267782426778 0.29470588235294115 0.07112970711297072 0.04823529411764706
0 0.20606694560669456 0.29058823529411765 0.060669456066945605 0.047058823529411764
0 0.13493723849372385 0.2888235294117647 0.060669456066945605 0.04823529411764706
0 0.06589958158995816 0.28411764705882353 0.056485355648535567 0.04588235294117647
0 0.5198744769874477 0.2664705882352941 0.3200836820083682 0.012941176470588235
0 0.6610878661087866 0.24294117647058824 0.03765690376569038 0.024705882352941175
0 0.6213389121338913 0.24176470588235294 0.03347280334728033 0.024705882352941175
0 0.2395397489539749 0.2311764705882353 0.03556485355648536 0.03411764705882353
0 0.1788702928870293 0.2252941176470588 0.03556485355648536 0.024705882352941175
0 0.09205020920502092 0.22058823529411764 0.03765690376569038 0.024705882352941175
0 0.7165271966527197 0.14411764705882352 0.12761506276150628 0.02235294117647059
0 0.4560669456066946 0.13470588235294118 0.12552301255230125 0.015294117647058824
0 0.6767782426778243 0.07941176470588235 0.060669456066945605 0.06235294117647059
0 0.5889121338912134 0.08235294117647059 0.06903765690376569 0.07058823529411765
