0 0.7217573221757322 0.7905882352941176 0.37656903765690375 0.058823529411764705
0 0.5052301255230126 0.821764705882353 0.2907949790794979 0.12823529411764706
0 0.7343096234309623 0.5164705882352941 0.07112970711297072 0.02588235294117647
0 0.9320083682008368 0.48823529411764705 0.13598326359832635 0.04470588235294118
0 0.38284518828451886 0.4711764705882353 0.04184100418410042 0.03411764705882353
0 0.399581589958159 0.4582352941176471 0.07531380753138076 0.036470588235294116
0 0.5062761506276151 0.4547058823529412 0.13807531380753138 0.04352941176470588
0 0.04811715481171548 0.4229411764705882 0.09623430962343096 0.052941176470588235
0 0.805439330543933 0.3711764705882353 0.0794979079497908 0.03176470588235294
0 0.7604602510460251 0.3611764705882353 0.04811715481171548 0.03529411764705882
0 0.8085774058577406 0.32588235294117646 0.14435146443514643 0.021176470588235293
0 0.07531380753138076 0.28352941176470586 0.1506276150627615 0.08
0 0.9225941422594143 0.30470588235294116 0.08786610878661087 0.15058823529411763
0 0.7039748953974896 0.24294117647058824 0.10251046025104603 0.07647058823529412
0 0.8305439330543933 0.22058823529411764 0.09623430962343096 0.11411764705882353
0 0.060669456066945605 0.17705882352941177 0.04602510460251046 0.04352941176470588
0 0.6035564853556485 0.13294117647058823 0.09414225941422594 0.0611764705882353
0 0.747907949790795 0.023529411764705882 0.50418410041841 0.047058823529411764
