0 0.013598326359832637 0.788235294117647 0.027196652719665274 0.05411764705882353
0 0.1401673640167364 0.7741176470588236 0.11297071129707113 0.05411764705882353
0 0.14644351464435146 0.7235294117647059 0.12552301255230125 0.05176470588235294
0 0.7594142259414226 0.6982352941176471 0.029288702928870293 0.029411764705882353
0 0.9518828451882845 0.5323529411764706 0.09623430962343096 0.03882352941176471
0 0.33263598326359833 0.44176470588235295 0.18410041841004185 0.06235294117647059
0 0.8985355648535565 0.43941176470588234 0.03138075313807531 0.06470588235294118
0 0.1799163179916318 0.41294117647058826 0.2510460251046025 0.03764705882352941
0 0.7301255230125523 0.32176470588235295 0.16317991631799164 0.04588235294117647
0 0.6652719665271967 0.29 0.03765690376569038 0.036470588235294116
0 0.7259414225941423 0.3029411764705882 0.19246861924686193 0.09529411764705882
