0 0.9748953974895398 0.6076470588235294 0.03347280334728033 0.027058823529411764
0 0.8336820083682008 0.5976470588235294 0.06903765690376569 0.04470588235294118
0 0.7175732217573222 0.6052941176470589 0.14644351464435146 0.07176470588235294
0 0.9738493723849372 0.5711764705882353 0.05230125523012552 0.01764705882352941
0 0.7081589958158996 0.5729411764705883 0.1192468619246862 0.03058823529411765
0 0.9257322175732218 0.5564705882352942 0.01882845188284519 0.11764705882352941
0 0.29811715481171547 0.4188235294117647 0.07740585774058577 0.01411764705882353
0 0.9811715481171548 0.4047058823529412 0.03765690376569038 0.06588235294117648
0 0.9048117154811716 0.20176470588235293 0.043933054393305436 0.04588235294117647
0 0.8221757322175732 0.1935294117647059 0.11297071129707113 0.04588235294117647
0 0.5868200836820083 0.1888235294117647 0.05230125523012552 0.03882352941176471
0 0.7897489539748954 0.08647058823529412 0.05230125523012552 0.07411764705882352
0 0.7981171548117155 0.02 0.09414225941422594 0.021176470588235293
0 0.08368200836820083 0.02823529411764706 0.029288702928870293 0.04470588235294118
