0 0.9610849056603774 0.9341004184100419 0.07783018867924528 0.056485355648535567
0 0.9581367924528302 0.899581589958159 0.08372641509433962 0.0794979079497908
0 0.9834905660377359 0.8608786610878661 0.025943396226415096 0.0397489539748954
0 0.1857311320754717 0.8410041841004184 0.05778301886792453 0.0502092050209205
0 0.09198113207547169 0.8357740585774058 0.06839622641509434 0.056485355648535567
0 0.9569575471698113 0.7761506276150628 0.041273584905660375 0.07531380753138076
0 0.4852594339622642 0.7416317991631799 0.06721698113207547 0.06485355648535565
0 0.625 0.7123430962343096 0.018867924528301886 0.13179916317991633
0 0.7051886792452831 0.6150627615062761 0.09905660377358491 0.012552301255230125
0 0.05129716981132076 0.6652719665271967 0.031839622641509434 0.1589958158995816
0 0.8077830188679245 0.5941422594142259 0.05660377358490566 0.029288702928870293
0 0.9681603773584906 0.6401673640167364 0.06367924528301887 0.15481171548117154
0 0.49351415094339623 0.6255230125523012 0.07193396226415094 0.16317991631799164
0 0.6992924528301887 0.399581589958159 0.10377358490566038 0.016736401673640166
0 0.5819575471698113 0.3723849372384937 0.09551886792452831 0.03347280334728033
0 0.9681603773584906 0.3776150627615063 0.06367924528301887 0.09832635983263599
0 0.8136792452830188 0.348326359832636 0.08254716981132075 0.060669456066945605
0 0.47464622641509435 0.35460251046025104 0.04363207547169811 0.10669456066945607
0 0.8148584905660378 0.28556485355648537 0.08726415094339622 0.060669456066945605
0 0.9811320754716981 0.2384937238493724 0.03773584905660377 0.03765690376569038
0 0.7600235849056604 0.12447698744769875 0.05306603773584906 0.04811715481171548
0 0.5560141509433962 0.11297071129707113 0.045990566037735846 0.03765690376569038
0 0.6073113207547169 0.13702928870292888 0.10849056603773585 0.09414225941422594
0 0.07429245283018868 0.10355648535564854 0.14858490566037735 0.10669456066945607
0 0.4339622641509434 0.10564853556485355 0.11320754716981132 0.18200836820083682
0 0.33077830188679247 0.032426778242677826 0.0625 0.06485355648535565
0 0.20106132075471697 0.034518828451882845 0.07665094339622641 0.06903765690376569
