0 0.6892688679245284 0.946652719665272 0.0625 0.05230125523012552
0 0.5 0.948744769874477 1.0 0.10251046025104603
0 0.6226415094339622 0.9048117154811716 0.0589622641509434 0.05230125523012552
0 0.5601415094339622 0.8838912133891214 0.0589622641509434 0.05230125523012552
0 0.392688679245283 0.8671548117154811 0.03537735849056604 0.043933054393305436
0 0.4380896226415094 0.8640167364016736 0.045990566037735846 0.04602510460251046
0 0.7535377358490566 0.8462343096234309 0.054245283018867926 0.056485355648535567
0 0.49233490566037735 0.8190376569037657 0.04834905660377359 0.0397489539748954
0 0.03773584905660377 0.5962343096234309 0.07547169811320754 0.05439330543933055
0 0.13148584905660377 0.4905857740585774 0.07665094339622641 0.05230125523012552
0 0.9581367924528302 0.48221757322175735 0.03419811320754717 0.0397489539748954
0 0.8514150943396226 0.4121338912133891 0.018867924528301886 0.03765690376569038
0 0.4988207547169811 0.3985355648535565 0.01179245283018868 0.2196652719665272
0 0.44339622641509435 0.3682008368200837 0.01179245283018868 0.2175732217573222
0 0.5760613207547169 0.26569037656903766 0.015330188679245283 0.08786610878661087
0 0.3915094339622642 0.21548117154811716 0.01650943396226415 0.029288702928870293
0 0.24587264150943397 0.1401673640167364 0.024764150943396228 0.04602510460251046
0 0.022995283018867923 0.07322175732217573 0.045990566037735846 0.09623430962343096
