0 0.6633254716981132 0.9707112970711297 0.027122641509433963 0.029288702928870293
0 0.6650943396226415 0.9361924686192469 0.025943396226415096 0.027196652719665274
0 0.9923349056603774 0.8870292887029289 0.015330188679245283 0.11715481171548117
0 0.07841981132075472 0.7960251046025104 0.08372641509433962 0.07322175732217573
0 0.015919811320754717 0.7489539748953975 0.031839622641509434 0.10460251046025104
0 0.1509433962264151 0.7196652719665272 0.07311320754716981 0.07112970711297072
0 0.7505896226415094 0.7207112970711297 0.020047169811320754 0.10251046025104603
0 0.5147405660377359 0.8253138075313807 0.08844339622641509 0.3493723849372385
0 0.011202830188679245 0.6443514644351465 0.02240566037735849 0.06694560669456066
0 0.754127358490566 0.6192468619246861 0.02240566037735849 0.07112970711297072
0 0.13089622641509435 0.5753138075313807 0.07783018867924528 0.10460251046025104
0 0.01061320754716981 0.5156903765690377 0.02122641509433962 0.09414225941422594
0 0.40389150943396224 0.3493723849372385 0.02240566037735849 0.07112970711297072
0 0.4386792452830189 0.3138075313807531 0.0330188679245283 0.14644351464435146
0 0.6226415094339622 0.28451882845188287 0.10849056603773585 0.12133891213389121
0 0.05365566037735849 0.20920502092050208 0.036556603773584904 0.02092050209205021
0 0.47523584905660377 0.17364016736401675 0.04481132075471698 0.04184100418410042
0 0.24705188679245282 0.1788702928870293 0.036556603773584904 0.060669456066945605
0 0.33549528301886794 0.14958158995815898 0.09316037735849056 0.056485355648535567
0 0.8549528301886793 0.2175732217573222 0.02358490566037736 0.23430962343096234
0 0.20872641509433962 0.13179916317991633 0.03773584905660377 0.06276150627615062
0 0.2806603773584906 0.100418410041841 0.08254716981132075 0.06276150627615062
0 0.6137971698113207 0.12133891213389121 0.08136792452830188 0.1087866108786611
0 0.6786556603773585 0.12133891213389121 0.05070754716981132 0.16317991631799164
0 0.6037735849056604 0.03556485355648536 0.12264150943396226 0.06276150627615062
0 0.5660377358490566 0.02092050209205021 0.08962264150943396 0.04184100418410042
0 0.4846698113207547 0.02092050209205021 0.049528301886792456 0.04184100418410042
0 0.045990566037735846 0.02301255230125523 0.09198113207547169 0.04602510460251046
