0 0.5135983263598326 0.8158823529411765 0.21548117154811716 0.02235294117647059
0 0.9225941422594143 0.7635294117647059 0.15481171548117154 0.02823529411764706
0 0.8891213389121339 0.7105882352941176 0.2217573221757322 0.07058823529411765
0 0.946652719665272 0.6317647058823529 0.10669456066945607 0.02588235294117647
0 0.8389121338912134 0.6276470588235294 0.10460251046025104 0.027058823529411764
0 0.850418410041841 0.5794117647058824 0.0899581589958159 0.02
0 0.2803347280334728 0.28058823529411764 0.08368200836820083 0.03176470588235294
0 0.12343096234309624 0.28058823529411764 0.100418410041841 0.036470588235294116
0 0.9079497907949791 0.2711764705882353 0.18410041841004185 0.12823529411764706
0 0.09937238493723849 0.11941176470588236 0.19874476987447698 0.029411764705882353
0 0.06276150627615062 0.0976470588235294 0.12552301255230125 0.011764705882352941
0 0.5638075313807531 0.0888235294117647 0.34518828451882844 0.01764705882352941
0 0.11401673640167365 0.07882352941176471 0.2280334728033473 0.009411764705882352
0 0.9403765690376569 0.021176470588235293 0.056485355648535567 0.042352941176470586
