0 0.033608490566037735 0.8410041841004184 0.05778301886792453 0.03765690376569038
0 0.2706367924528302 0.6631799163179917 0.04363207547169811 0.04602510460251046
0 0.04893867924528302 0.5146443514644351 0.027122641509433963 0.04602510460251046
0 0.03125 0.47384937238493724 0.0625 0.07322175732217573
0 0.47877358490566035 0.47384937238493724 0.0589622641509434 0.10669456066945607
0 0.566627358490566 0.3263598326359833 0.07193396226415094 0.1506276150627615
0 0.2134433962264151 0.25 0.030660377358490566 0.07322175732217573
0 0.6963443396226415 0.19769874476987448 0.04363207547169811 0.08158995815899582
0 0.5790094339622641 0.18619246861924685 0.19339622641509435 0.07112970711297072
0 0.2169811320754717 0.20711297071129708 0.04245283018867924 0.13389121338912133
0 0.0866745283018868 0.14644351464435146 0.03419811320754717 0.0502092050209205
0 0.5135613207547169 0.10564853556485355 0.04834905660377359 0.0397489539748954
0 0.05070754716981132 0.09623430962343096 0.10141509433962265 0.09623430962343096
0 0.36674528301886794 0.02615062761506276 0.04009433962264151 0.01882845188284519
0 0.5524764150943396 0.036610878661087864 0.01061320754716981 0.07322175732217573
0 0.47346698113207547 0.06485355648535565 0.07900943396226415 0.1297071129707113
0 0.23879716981132076 0.021966527196652718 0.015330188679245283 0.043933054393305436
