0 0.05230125523012552 0.9741176470588235 0.10460251046025104 0.05176470588235294
0 0.22071129707112971 0.9482352941176471 0.10251046025104603 0.03764705882352941
0 0.9037656903765691 0.8388235294117647 0.19246861924686193 0.047058823529411764
0 0.7374476987447699 0.8 0.07740585774058577 0.15529411764705883
0 0.6725941422594143 0.8529411764705882 0.2824267782426778 0.29411764705882354
0 0.9016736401673641 0.7323529411764705 0.19665271966527198 0.11647058823529412
0 0.9142259414225942 0.6182352941176471 0.09205020920502092 0.027058823529411764
0 0.8294979079497908 0.5523529411764706 0.03138075313807531 0.029411764705882353
0 0.9069037656903766 0.41 0.060669456066945605 0.1376470588235294
0 0.6443514644351465 0.27058823529411763 0.19665271966527198 0.05176470588235294
0 0.8410041841004184 0.2311764705882353 0.029288702928870293 0.04588235294117647
0 0.5700836820083682 0.22411764705882353 0.05230125523012552 0.04588235294117647
0 0.6307531380753139 0.21470588235294116 0.2112970711297071 0.052941176470588235
0 0.9309623430962343 0.21176470588235294 0.13807531380753138 0.10588235294117647
0 0.9707112970711297 0.13058823529411764 0.058577405857740586 0.04
0 0.9696652719665272 0.0488235294117647 0.060669456066945605 0.04823529411764706
