0 0.5868200836820083 0.8594117647058823 0.11506276150627615 0.027058823529411764
0 0.40690376569037656 0.7129411764705882 0.06485355648535565 0.05411764705882353
0 0.4497907949790795 0.4788235294117647 0.07531380753138076 0.03058823529411765
0 0.752092050209205 0.4011764705882353 0.027196652719665274 0.03058823529411765
0 0.7186192468619247 0.40058823529411763 0.03556485355648536 0.029411764705882353
0 0.555439330543933 0.4 0.06485355648535565 0.02823529411764706
0 0.42782426778242677 0.39941176470588236 0.03556485355648536 0.029411764705882353
0 0.2594142259414226 0.3976470588235294 0.029288702928870293 0.02823529411764706
0 0.48430962343096234 0.45 0.6506276150627615 0.1564705882352941
0 0.7960251046025104 0.32294117647058823 0.1192468619246862 0.1
