0 0.6056485355648535 0.9723529411764706 0.06485355648535565 0.05529411764705883
0 0.8922594142259415 0.8929411764705882 0.056485355648535567 0.04
0 0.5230125523012552 0.7152941176470589 0.0502092050209205 0.04941176470588235
0 0.4571129707112971 0.7105882352941176 0.06485355648535565 0.047058823529411764
0 0.944560669456067 0.7676470588235295 0.1108786610878661 0.17294117647058824
0 0.4006276150627615 0.7035294117647058 0.056485355648535567 0.04470588235294118
0 0.3284518828451883 0.6964705882352941 0.05439330543933055 0.047058823529411764
0 0.252092050209205 0.6888235294117647 0.056485355648535567 0.04352941176470588
0 0.19769874476987448 0.6847058823529412 0.05230125523012552 0.04470588235294118
0 0.12133891213389121 0.678235294117647 0.029288702928870293 0.041176470588235294
