0 0.2405857740585774 0.9829411764705882 0.02510460251046025 0.01764705882352941
0 0.19874476987447698 0.9794117647058823 0.029288702928870293 0.02
0 0.4006276150627615 0.9770588235294118 0.06485355648535565 0.03411764705882353
0 0.7050209205020921 0.9735294117647059 0.3305439330543933 0.052941176470588235
0 0.5031380753138075 0.97 0.09414225941422594 0.06
0 0.649581589958159 0.8935294117647059 0.2280334728033473 0.05764705882352941
0 0.8190376569037657 0.8582352941176471 0.13598326359832635 0.02235294117647059
0 0.37552301255230125 0.7647058823529411 0.14853556485355648 0.021176470588235293
0 0.9748953974895398 0.5811764705882353 0.0502092050209205 0.0611764705882353
0 0.50418410041841 0.4288235294117647 0.19665271966527198 0.041176470588235294
0 0.9748953974895398 0.44529411764705884 0.0502092050209205 0.08823529411764706
0 0.6830543933054394 0.34352941176470586 0.5376569037656904 0.01647058823529412
0 0.8127615062761506 0.3170588235294118 0.08158995815899582 0.02235294117647059
0 0.13389121338912133 0.31882352941176473 0.26778242677824265 0.03058823529411765
0 0.034518828451882845 0.2541176470588235 0.06903765690376569 0.021176470588235293
0 0.9016736401673641 0.26529411764705885 0.19665271966527198 0.10235294117647059
0 0.4592050209205021 0.10588235294117647 0.043933054393305436 0.04470588235294118
0 0.3493723849372385 0.05764705882352941 0.0502092050209205 0.05176470588235294
0 0.9225941422594143 0.051176470588235295 0.08368200836820083 0.10235294117647059
0 0.3378661087866109 0.015294117647058824 0.0397489539748954 0.03058823529411765
