0 0.3619246861924686 0.7388235294117647 0.07112970711297072 0.018823529411764704
0 0.6997907949790795 0.7023529411764706 0.027196652719665274 0.03058823529411765
0 0.38493723849372385 0.68 0.016736401673640166 0.042352941176470586
0 0.6129707112970711 0.6752941176470588 0.04602510460251046 0.06588235294117648
0 0.8315899581589958 0.6741176470588235 0.05230125523012552 0.06823529411764706
0 0.7343096234309623 0.6564705882352941 0.07112970711297072 0.03529411764705882
0 0.9058577405857741 0.6329411764705882 0.06276150627615062 0.011764705882352941
0 0.07845188284518828 0.5088235294117647 0.13179916317991633 0.2858823529411765
0 0.3378661087866109 0.28411764705882353 0.09832635983263599 0.06235294117647059
0 0.4811715481171548 0.2747058823529412 0.09623430962343096 0.06235294117647059
0 0.18723849372384938 0.28352941176470586 0.056485355648535567 0.08235294117647059
0 0.5794979079497908 0.26823529411764707 0.09205020920502092 0.0611764705882353
0 0.24790794979079497 0.2788235294117647 0.07740585774058577 0.08235294117647059
0 0.40481171548117156 0.26823529411764707 0.043933054393305436 0.08235294117647059
0 0.8347280334728033 0.15941176470588236 0.06276150627615062 0.010588235294117647
0 0.8096234309623431 0.12058823529411765 0.07112970711297072 0.024705882352941175
0 0.8870292887029289 0.14941176470588236 0.04184100418410042 0.12470588235294118
