0 0.4456066945606695 0.9929411764705882 0.09205020920502092 0.01411764705882353
0 0.944560669456067 0.9623529411764706 0.0397489539748954 0.01647058823529412
0 0.9330543933054394 0.8376470588235294 0.02092050209205021 0.17176470588235293
0 0.7845188284518828 0.6305882352941177 0.09623430962343096 0.01411764705882353
0 0.952928870292887 0.49176470588235294 0.07740585774058577 0.04470588235294118
0 0.7887029288702929 0.4958823529411765 0.18828451882845187 0.08588235294117647
0 0.06694560669456066 0.35705882352941176 0.13389121338912133 0.04588235294117647
0 0.9822175732217573 0.33 0.03556485355648536 0.027058823529411764
0 0.9361924686192469 0.38235294117647056 0.06485355648535565 0.13647058823529412
0 0.8828451882845189 0.3235294117647059 0.09623430962343096 0.02588235294117647
0 0.803347280334728 0.3788235294117647 0.06694560669456066 0.1411764705882353
0 0.7583682008368201 0.3205882352941177 0.1108786610878661 0.03176470588235294
0 0.6956066945606695 0.3629411764705882 0.043933054393305436 0.12117647058823529
0 0.9843096234309623 0.2811764705882353 0.027196652719665274 0.042352941176470586
0 0.9194560669456067 0.2676470588235294 0.03138075313807531 0.06235294117647059
0 0.952928870292887 0.26529411764705885 0.03138075313807531 0.07176470588235294
0 0.20815899581589958 0.26705882352941174 0.0397489539748954 0.12470588235294118
0 0.9874476987447699 0.23 0.02510460251046025 0.07176470588235294
0 0.7845188284518828 0.10058823529411764 0.11297071129707113 0.03176470588235294
0 0.5251046025104602 0.09117647058823529 0.05439330543933055 0.02235294117647059
0 0.28870292887029286 0.09117647058823529 0.06276150627615062 0.1
