0 0.9069037656903766 0.9629411764705882 0.11506276150627615 0.05764705882352941
0 0.5481171548117155 0.9164705882352941 0.14225941422594143 0.06352941176470588
0 0.5993723849372385 0.46058823529411763 0.23640167364016737 0.027058823529411764
0 0.5930962343096234 0.42058823529411765 0.06903765690376569 0.03882352941176471
0 0.3786610878661088 0.3352941176470588 0.03765690376569038 0.03294117647058824
0 0.23117154811715482 0.3341176470588235 0.0397489539748954 0.03294117647058824
0 0.8389121338912134 0.19 0.03765690376569038 0.03176470588235294
0 0.6192468619246861 0.18411764705882352 0.3263598326359833 0.04352941176470588
0 0.6098326359832636 0.12529411764705883 0.34518828451882844 0.06
0 0.1705020920502092 0.09588235294117647 0.3200836820083682 0.052941176470588235
0 0.852510460251046 0.11058823529411765 0.07740585774058577 0.08941176470588236
0 0.948744769874477 0.027647058823529413 0.10251046025104603 0.03411764705882353
0 0.5763598326359832 0.007647058823529412 0.03138075313807531 0.015294117647058824
0 0.5282426778242678 0.009411764705882352 0.027196652719665274 0.018823529411764704
0 0.42677824267782427 0.01411764705882353 0.03347280334728033 0.02823529411764706
0 0.37656903765690375 0.01647058823529412 0.03347280334728033 0.03294117647058824
0 0.2803347280334728 0.020588235294117647 0.029288702928870293 0.041176470588235294
0 0.23744769874476987 0.02235294117647059 0.02301255230125523 0.04470588235294118
