0 0.3200836820083682 0.9870588235294118 0.0502092050209205 0.02588235294117647
0 0.7813807531380753 0.9158823529411765 0.2196652719665272 0.14470588235294118
0 0.5763598326359832 0.691764705882353 0.03556485355648536 0.023529411764705882
0 0.3064853556485356 0.5170588235294118 0.0899581589958159 0.01764705882352941
0 0.9330543933054394 0.5323529411764706 0.13389121338912133 0.06
0 0.12447698744769875 0.49941176470588233 0.1108786610878661 0.012941176470588235
0 0.6757322175732218 0.5 0.06276150627615062 0.01647058823529412
0 0.2102510460251046 0.4688235294117647 0.043933054393305436 0.041176470588235294
0 0.1192468619246862 0.4676470588235294 0.03765690376569038 0.03882352941176471
0 0.16631799163179917 0.46647058823529414 0.05230125523012552 0.03882352941176471
0 0.3368200836820084 0.45235294117647057 0.100418410041841 0.02
0 0.6767782426778243 0.45 0.07740585774058577 0.02
0 0.897489539748954 0.42823529411764705 0.04184100418410042 0.01647058823529412
0 0.02615062761506276 0.3788235294117647 0.05230125523012552 0.03294117647058824
0 0.6548117154811716 0.39705882352941174 0.16317991631799164 0.07176470588235294
0 0.4372384937238494 0.33588235294117647 0.200836820083682 0.02
0 0.9361924686192469 0.34647058823529414 0.12761506276150628 0.11411764705882353
0 0.05543933054393305 0.25882352941176473 0.0899581589958159 0.06588235294117648
0 0.1506276150627615 0.11294117647058824 0.06276150627615062 0.06823529411764706
