0 0.9456066945606695 0.9852941176470589 0.1087866108786611 0.029411764705882353
0 0.854602510460251 0.8552941176470589 0.05230125523012552 0.08
0 0.6108786610878661 0.6770588235294117 0.3682008368200837 0.07882352941176471
0 0.7635983263598326 0.6235294117647059 0.09623430962343096 0.03294117647058824
0 0.1809623430962343 0.6252941176470588 0.027196652719665274 0.04588235294117647
0 0.5209205020920502 0.6070588235294118 0.08368200836820083 0.02588235294117647
0 0.04079497907949791 0.5741176470588235 0.08158995815899582 0.08941176470588236
0 0.9633891213389121 0.5435294117647059 0.07322175732217573 0.05176470588235294
0 0.04497907949790795 0.3611764705882353 0.043933054393305436 0.021176470588235293
0 0.48640167364016734 0.3594117647058824 0.03138075313807531 0.052941176470588235
0 0.5251046025104602 0.3588235294117647 0.058577405857740586 0.05411764705882353
0 0.08891213389121339 0.3488235294117647 0.03556485355648536 0.036470588235294116
0 0.9341004184100419 0.2252941176470588 0.05230125523012552 0.03882352941176471
0 0.9633891213389121 0.2741176470588235 0.07322175732217573 0.23529411764705882
0 0.26569037656903766 0.13294117647058823 0.04602510460251046 0.03529411764705882
0 0.2280334728033473 0.10941176470588235 0.08368200836820083 0.01647058823529412
