0 0.4299163179916318 0.9805882352941176 0.08577405857740586 0.03882352941176471
0 0.07426778242677824 0.9323529411764706 0.09832635983263599 0.04823529411764706
0 0.5794979079497908 0.84 0.09623430962343096 0.13647058823529412
0 0.8713389121338913 0.7676470588235295 0.20292887029288703 0.041176470588235294
0 0.604602510460251 0.7641176470588236 0.03765690376569038 0.041176470588235294
0 0.752092050209205 0.72 0.01882845188284519 0.03764705882352941
0 0.8274058577405857 0.6452941176470588 0.2489539748953975 0.07176470588235294
0 0.899581589958159 0.5523529411764706 0.0794979079497908 0.02235294117647059
0 0.9592050209205021 0.3076470588235294 0.0397489539748954 0.05529411764705883
0 0.5376569037656904 0.24352941176470588 0.2301255230125523 0.058823529411764705
0 0.45502092050209203 0.19058823529411764 0.06485355648535565 0.05411764705882353
0 0.8880753138075314 0.17058823529411765 0.07322175732217573 0.04
0 0.5439330543933054 0.2111764705882353 0.26778242677824265 0.12117647058823529
0 0.9696652719665272 0.14058823529411765 0.060669456066945605 0.09058823529411765
0 0.8765690376569037 0.10176470588235294 0.058577405857740586 0.015294117647058824
0 0.9089958158995816 0.021176470588235293 0.15690376569037656 0.042352941176470586
