0 0.6129707112970711 0.6688235294117647 0.10460251046025104 0.041176470588235294
0 0.33577405857740583 0.6423529411764706 0.07740585774058577 0.03764705882352941
0 0.0397489539748954 0.6411764705882353 0.058577405857740586 0.04
0 0.8096234309623431 0.6123529411764705 0.03347280334728033 0.02235294117647059
0 0.21443514644351463 0.5952941176470589 0.07322175732217573 0.03764705882352941
0 0.03138075313807531 0.5876470588235294 0.06276150627615062 0.02235294117647059
0 0.4884937238493724 0.5747058823529412 0.043933054393305436 0.029411764705882353
0 0.3075313807531381 0.5682352941176471 0.07112970711297072 0.04941176470588235
0 0.3807531380753138 0.5494117647058824 0.04184100418410042 0.02588235294117647
0 0.8870292887029289 0.2782352941176471 0.22594142259414227 0.02
0 0.8870292887029289 0.25 0.22594142259414227 0.03882352941176471
0 0.5742677824267782 0.25176470588235295 0.15690376569037656 0.06352941176470588
0 0.549163179916318 0.24294117647058824 0.07322175732217573 0.04823529411764706
0 0.6788702928870293 0.13352941176470587 0.06903765690376569 0.05058823529411765
0 0.12866108786610878 0.026470588235294117 0.03556485355648536 0.03882352941176471
