0 0.47287735849056606 0.8347280334728033 0.10613207547169812 0.07112970711297072
0 0.9109669811320755 0.7290794979079498 0.05306603773584906 0.0397489539748954
0 0.8732311320754716 0.5502092050209205 0.08136792452830188 0.12133891213389121
0 0.2647405660377358 0.45502092050209203 0.10495283018867925 0.06903765690376569
0 0.90625 0.35460251046025104 0.03419811320754717 0.07740585774058577
0 0.8997641509433962 0.32322175732217573 0.20047169811320756 0.18200836820083682
0 0.7405660377358491 0.21234309623430964 0.049528301886792456 0.056485355648535567
0 0.7405660377358491 0.15271966527196654 0.04716981132075472 0.06276150627615062
0 0.8685141509433962 0.0397489539748954 0.02240566037735849 0.03765690376569038
0 0.9386792452830188 0.03765690376569038 0.12264150943396226 0.058577405857740586
0 0.057193396226415096 0.009414225941422594 0.041273584905660375 0.01882845188284519
