0 0.028242677824267783 0.9911764705882353 0.043933054393305436 0.01764705882352941
0 0.4309623430962343 0.9670588235294117 0.0794979079497908 0.06588235294117648
0 0.10251046025104603 0.9188235294117647 0.10460251046025104 0.04941176470588235
0 0.8640167364016736 0.7670588235294118 0.21338912133891214 0.04
0 0.5658995815899581 0.8070588235294117 0.09414225941422594 0.15764705882352942
0 0.7447698744769874 0.7158823529411765 0.02092050209205021 0.04588235294117647
0 0.8127615062761506 0.6458823529411765 0.28661087866108786 0.07058823529411765
0 0.8901673640167364 0.5541176470588235 0.07740585774058577 0.023529411764705882
0 0.7092050209205021 0.5547058823529412 0.03347280334728033 0.03176470588235294
0 0.8138075313807531 0.48411764705882354 0.04184100418410042 0.01764705882352941
0 0.06694560669456066 0.36705882352941177 0.02092050209205021 0.07764705882352942
0 0.9518828451882845 0.3088235294117647 0.04184100418410042 0.05764705882352941
0 0.45188284518828453 0.19647058823529412 0.06276150627615062 0.05176470588235294
0 0.5376569037656904 0.22058823529411764 0.26359832635983266 0.12588235294117647
0 0.8786610878661087 0.17058823529411765 0.07531380753138076 0.042352941176470586
0 0.8535564853556485 0.1011764705882353 0.08786610878661087 0.018823529411764704
0 0.9654811715481172 0.13705882352941176 0.06903765690376569 0.1
0 0.9058577405857741 0.021176470588235293 0.1506276150627615 0.042352941176470586
