0 0.053347280334728034 0.9882352941176471 0.060669456066945605 0.023529411764705882
0 0.4424686192468619 0.9582352941176471 0.0899581589958159 0.08352941176470588
0 0.1192468619246862 0.9141176470588235 0.100418410041841 0.047058823529411764
0 0.8682008368200836 0.7664705882352941 0.20502092050209206 0.041176470588235294
0 0.5857740585774058 0.7988235294117647 0.09205020920502092 0.14823529411764705
0 0.7447698744769874 0.7158823529411765 0.02092050209205021 0.04588235294117647
0 0.8211297071129707 0.6458823529411765 0.2698744769874477 0.07294117647058823
0 0.8922594142259415 0.5529411764705883 0.08158995815899582 0.023529411764705882
0 0.8138075313807531 0.4835294117647059 0.04184100418410042 0.018823529411764704
0 0.9518828451882845 0.30823529411764705 0.04184100418410042 0.058823529411764705
0 0.47594142259414224 0.18764705882352942 0.06485355648535565 0.052941176470588235
0 0.8786610878661087 0.16941176470588235 0.07531380753138076 0.042352941176470586
0 0.5596234309623431 0.21294117647058824 0.2615062761506276 0.12941176470588237
0 0.8671548117154811 0.10176470588235294 0.060669456066945605 0.01764705882352941
0 0.9654811715481172 0.13705882352941176 0.06903765690376569 0.1
0 0.9142259414225942 0.020588235294117647 0.13389121338912133 0.041176470588235294
