0 0.348326359832636 0.8094117647058824 0.04811715481171548 0.02823529411764706
0 0.801255230125523 0.7135294117647059 0.07531380753138076 0.1188235294117647
0 0.11506276150627615 0.6658823529411765 0.07112970711297072 0.11294117647058824
0 0.549163179916318 0.5858823529411765 0.04811715481171548 0.023529411764705882
0 0.6098326359832636 0.5676470588235294 0.07740585774058577 0.036470588235294116
0 0.797071129707113 0.5947058823529412 0.07531380753138076 0.10941176470588235
0 0.7960251046025104 0.5476470588235294 0.07322175732217573 0.03176470588235294
0 0.7583682008368201 0.7182352941176471 0.17782426778242677 0.38235294117647056
0 0.6370292887029289 0.5376470588235294 0.20711297071129708 0.05647058823529412
0 0.6767782426778243 0.5058823529411764 0.12761506276150628 0.02823529411764706
0 0.9278242677824268 0.5105882352941177 0.09832635983263599 0.05411764705882353
0 0.5355648535564853 0.4823529411764706 0.03765690376569038 0.023529411764705882
0 0.4581589958158996 0.47352941176470587 0.03765690376569038 0.02
0 0.9853556485355649 0.4364705882352941 0.029288702928870293 0.03058823529411765
0 0.41841004184100417 0.5088235294117647 0.23430962343096234 0.18941176470588236
0 0.944560669456067 0.4041176470588235 0.060669456066945605 0.027058823529411764
0 0.2834728033472803 0.35823529411764704 0.0397489539748954 0.015294117647058824
0 0.9456066945606695 0.3788235294117647 0.1087866108786611 0.06588235294117648
0 0.2719665271966527 0.4364705882352941 0.12133891213389121 0.25176470588235295
0 0.2824267782426778 0.3247058823529412 0.06694560669456066 0.042352941176470586
0 0.9100418410041841 0.29294117647058826 0.13807531380753138 0.08235294117647059
0 0.0596234309623431 0.23 0.1192468619246862 0.11647058823529412
0 0.09100418410041841 0.15764705882352942 0.18200836820083682 0.12705882352941175
0 0.8326359832635983 0.05529411764705883 0.016736401673640166 0.06823529411764706
0 0.05439330543933055 0.03294117647058824 0.058577405857740586 0.03294117647058824
0 0.8535564853556485 0.033529411764705884 0.06694560669456066 0.06705882352941177
