0 0.17364016736401675 0.99 0.02510460251046025 0.02
0 0.13284518828451883 0.9852941176470589 0.027196652719665274 0.024705882352941175
0 0.5774058577405857 0.9194117647058824 0.22594142259414227 0.06470588235294118
0 0.7531380753138075 0.8847058823529412 0.14644351464435146 0.02823529411764706
0 0.9341004184100419 0.5605882352941176 0.13179916317991633 0.04352941176470588
0 0.45397489539748953 0.44882352941176473 0.18410041841004185 0.03882352941176471
0 0.9330543933054394 0.3864705882352941 0.13389121338912133 0.03176470588235294
0 0.49372384937238495 0.34823529411764703 0.12552301255230125 0.04
0 0.8483263598326359 0.2888235294117647 0.06903765690376569 0.010588235294117647
0 0.9309623430962343 0.23411764705882354 0.13807531380753138 0.08470588235294117
0 0.37447698744769875 0.03705882352941176 0.03347280334728033 0.04588235294117647
0 0.9456066945606695 0.03764705882352941 0.07531380753138076 0.07529411764705882
