0 0.2594142259414226 0.8164705882352942 0.058577405857740586 0.03294117647058824
0 0.4592050209205021 0.8282352941176471 0.17782426778242677 0.07058823529411765
0 0.5251046025104602 0.7494117647058823 0.12552301255230125 0.08470588235294117
0 0.7165271966527197 0.7323529411764705 0.11506276150627615 0.08588235294117647
0 0.23430962343096234 0.678235294117647 0.07112970711297072 0.06705882352941177
0 0.11192468619246862 0.44058823529411767 0.0397489539748954 0.03882352941176471
0 0.9424686192468619 0.4429411764705882 0.11506276150627615 0.06
0 0.8807531380753139 0.4176470588235294 0.03347280334728033 0.047058823529411764
0 0.9811715481171548 0.37823529411764706 0.03765690376569038 0.03411764705882353
0 0.9728033472803347 0.3288235294117647 0.03347280334728033 0.03411764705882353
0 0.9173640167364017 0.32 0.08158995815899582 0.02823529411764706
0 0.9131799163179917 0.1711764705882353 0.17364016736401675 0.04588235294117647
0 0.6882845188284519 0.1688235294117647 0.15481171548117154 0.04588235294117647
0 0.6851464435146444 0.16941176470588235 0.1694560669456067 0.06352941176470588
