0 0.2698744769874477 0.8070588235294117 0.05439330543933055 0.03294117647058824
0 0.33472803347280333 0.7952941176470588 0.02510460251046025 0.047058823529411764
0 0.3786610878661088 0.7176470588235294 0.04184100418410042 0.018823529411764704
0 0.7709205020920502 0.7205882352941176 0.0397489539748954 0.027058823529411764
0 0.49476987447698745 0.7723529411764706 0.2112970711297071 0.15411764705882353
0 0.303347280334728 0.6941176470588235 0.04602510460251046 0.018823529411764704
0 0.7133891213389121 0.7141176470588235 0.08786610878661087 0.08235294117647059
0 0.7269874476987448 0.6535294117647059 0.03556485355648536 0.036470588235294116
0 0.25 0.6694117647058824 0.07322175732217573 0.06823529411764706
0 0.5324267782426778 0.6323529411764706 0.07322175732217573 0.01764705882352941
0 0.17573221757322174 0.62 0.016736401673640166 0.07294117647058823
0 0.9382845188284519 0.42470588235294116 0.12343096234309624 0.06823529411764706
0 0.9790794979079498 0.36411764705882355 0.04184100418410042 0.04588235294117647
0 0.9748953974895398 0.31588235294117645 0.0502092050209205 0.029411764705882353
0 0.9163179916317992 0.31058823529411766 0.0794979079497908 0.023529411764705882
0 0.9121338912133892 0.16647058823529412 0.17573221757322174 0.04588235294117647
0 0.702928870292887 0.16411764705882353 0.1506276150627615 0.04588235294117647
0 0.643305439330544 0.16117647058823528 0.056485355648535567 0.04
0 0.6903765690376569 0.1652941176470588 0.17573221757322174 0.06235294117647059
0 0.3410041841004184 0.009411764705882352 0.09623430962343096 0.018823529411764704
