0 0.4581589958158996 0.941764705882353 0.35564853556485354 0.036470588235294116
0 0.5428870292887029 0.8264705882352941 0.043933054393305436 0.03411764705882353
0 0.48430962343096234 0.7864705882352941 0.06903765690376569 0.02235294117647059
0 0.18723849372384938 0.8 0.12343096234309624 0.3129411764705882
0 0.8514644351464435 0.5423529411764706 0.02092050209205021 0.05647058823529412
0 0.23430962343096234 0.4335294117647059 0.029288702928870293 0.03411764705882353
0 0.19456066945606695 0.37941176470588234 0.1506276150627615 0.052941176470588235
0 0.6600418410041841 0.35294117647058826 0.16108786610878661 0.03764705882352941
0 0.6286610878661087 0.31823529411764706 0.09832635983263599 0.027058823529411764
0 0.39330543933054396 0.31470588235294117 0.04602510460251046 0.027058823529411764
0 0.25418410041841005 0.30823529411764705 0.10251046025104603 0.01647058823529412
0 0.1192468619246862 0.31 0.1087866108786611 0.029411764705882353
0 0.9916317991631799 0.20823529411764705 0.016736401673640166 0.05176470588235294
0 0.8315899581589958 0.04647058823529412 0.05230125523012552 0.09294117647058824
0 0.645397489539749 0.11470588235294117 0.03138075313807531 0.22941176470588234
0 0.26673640167364016 0.04294117647058823 0.07322175732217573 0.08588235294117647
