0 0.22464622641509435 0.9194560669456067 0.04363207547169811 0.056485355648535567
0 0.4068396226415094 0.899581589958159 0.05188679245283019 0.05439330543933055
0 0.09316037735849056 0.8734309623430963 0.07547169811320754 0.060669456066945605
0 0.27476415094339623 0.8294979079497908 0.13679245283018868 0.027196652719665274
0 0.45872641509433965 0.8242677824267782 0.18396226415094338 0.04602510460251046
0 0.6798349056603774 0.797071129707113 0.15212264150943397 0.11715481171548117
0 0.6981132075471698 0.7489539748953975 0.0330188679245283 0.0502092050209205
0 0.8490566037735849 0.5062761506276151 0.04716981132075472 0.06276150627615062
0 0.8997641509433962 0.4801255230125523 0.02830188679245283 0.03556485355648536
0 0.8048349056603774 0.5125523012552301 0.06721698113207547 0.15481171548117154
0 0.7895047169811321 0.4696652719665272 0.03419811320754717 0.07740585774058577
0 0.8272405660377359 0.348326359832636 0.05306603773584906 0.05230125523012552
0 0.6733490566037735 0.30962343096234307 0.02830188679245283 0.0502092050209205
0 0.7234669811320755 0.30857740585774057 0.04363207547169811 0.05230125523012552
0 0.6739386792452831 0.24581589958158995 0.027122641509433963 0.05230125523012552
0 0.7258254716981132 0.24267782426778242 0.041273584905660375 0.0502092050209205
0 0.07841981132075472 0.09728033472803348 0.027122641509433963 0.03138075313807531
0 0.19929245283018868 0.07845188284518828 0.02122641509433962 0.043933054393305436
0 0.5094339622641509 0.06589958158995816 0.04716981132075472 0.056485355648535567
0 0.9722877358490566 0.056485355648535567 0.055424528301886794 0.05439330543933055
0 0.45577830188679247 0.058577405857740586 0.036556603773584904 0.08368200836820083
0 0.3419811320754717 0.05753138075313807 0.08962264150943396 0.08158995815899582
0 0.8537735849056604 0.06276150627615062 0.04716981132075472 0.1087866108786611
0 0.7063679245283019 0.04811715481171548 0.09669811320754718 0.09623430962343096
0 0.683372641509434 0.012552301255230125 0.0294811320754717 0.02510460251046025
0 0.5524764150943396 0.032426778242677826 0.036556603773584904 0.06485355648535565
0 0.4994103773584906 0.04707112970711297 0.045990566037735846 0.09414225941422594
0 0.3419811320754717 0.036610878661087864 0.08018867924528301 0.07322175732217573
0 0.2275943396226415 0.05230125523012552 0.04716981132075472 0.10460251046025104
