0 0.7110849056603774 0.9403765690376569 0.04245283018867924 0.043933054393305436
0 0.6969339622641509 0.9288702928870293 0.04481132075471698 0.04602510460251046
0 0.6698113207547169 0.9121338912133892 0.08254716981132075 0.058577405857740586
0 0.00884433962264151 0.7018828451882845 0.01768867924528302 0.10669456066945607
0 0.6114386792452831 0.6642259414225942 0.05070754716981132 0.06903765690376569
0 0.11969339622641509 0.7311715481171548 0.020047169811320754 0.3284518828451883
0 0.2116745283018868 0.49267782426778245 0.09551886792452831 0.06903765690376569
0 0.9876179245283019 0.4665271966527197 0.024764150943396228 0.100418410041841
0 0.20931603773584906 0.4351464435146444 0.09551886792452831 0.0502092050209205
0 0.2240566037735849 0.4205020920502092 0.06132075471698113 0.0502092050209205
0 0.17511792452830188 0.3587866108786611 0.020047169811320754 0.043933054393305436
0 0.5424528301886793 0.24476987447698745 0.0660377358490566 0.029288702928870293
0 0.6415094339622641 0.22698744769874477 0.10141509433962265 0.0397489539748954
0 0.9557783018867925 0.20815899581589958 0.024764150943396228 0.03556485355648536
0 0.8956367924528302 0.19560669456066945 0.060141509433962265 0.05230125523012552
0 0.17983490566037735 0.12133891213389121 0.027122641509433963 0.04602510460251046
0 0.9363207547169812 0.09728033472803348 0.11320754716981132 0.09832635983263599
0 0.36674528301886794 0.04602510460251046 0.01650943396226415 0.09205020920502092
0 0.31014150943396224 0.02405857740585774 0.03537735849056604 0.04811715481171548
