0 0.6673640167364017 0.8511764705882353 0.13389121338912133 0.10470588235294118
0 0.7290794979079498 0.7805882352941177 0.04811715481171548 0.09058823529411765
0 0.9853556485355649 0.7376470588235294 0.029288702928870293 0.06588235294117648
0 0.3127615062761506 0.5670588235294117 0.2196652719665272 0.07058823529411765
0 0.5387029288702929 0.5452941176470588 0.05230125523012552 0.041176470588235294
0 0.49686192468619245 0.5376470588235294 0.027196652719665274 0.03294117647058824
0 0.5125523012552301 0.4752941176470588 0.2803347280334728 0.009411764705882352
0 0.13598326359832635 0.3517647058823529 0.2719665271966527 0.011764705882352941
0 0.4215481171548117 0.33 0.27824267782426776 0.03176470588235294
0 0.3368200836820084 0.30411764705882355 0.08368200836820083 0.052941176470588235
0 0.694560669456067 0.22823529411764706 0.19665271966527198 0.04
0 0.5209205020920502 0.06647058823529411 0.04184100418410042 0.01764705882352941
0 0.42573221757322177 0.03529411764705882 0.1108786610878661 0.07058823529411765
