0 0.7060669456066946 0.7276470588235294 0.027196652719665274 0.03411764705882353
0 0.5115062761506276 0.5552941176470588 0.06903765690376569 0.02823529411764706
0 0.9131799163179917 0.54 0.17364016736401675 0.06588235294117648
0 0.5658995815899581 0.5011764705882353 0.04811715481171548 0.03764705882352941
0 0.5198744769874477 0.5017647058823529 0.043933054393305436 0.05058823529411765
0 0.3493723849372385 0.4688235294117647 0.0794979079497908 0.06470588235294118
0 0.7228033472803347 0.41 0.060669456066945605 0.05764705882352941
0 0.5700836820083682 0.4023529411764706 0.2698744769874477 0.05647058823529412
0 0.3598326359832636 0.39 0.12133891213389121 0.06
0 0.8640167364016736 0.28941176470588237 0.0502092050209205 0.05647058823529412
0 0.8650627615062761 0.14529411764705882 0.08577405857740586 0.06470588235294118
0 0.3901673640167364 0.10352941176470588 0.1108786610878661 0.07529411764705882
0 0.8828451882845189 0.08294117647058824 0.02092050209205021 0.036470588235294116
0 0.40481171548117156 0.04764705882352941 0.043933054393305436 0.027058823529411764
0 0.043933054393305436 0.02176470588235294 0.08786610878661087 0.04352941176470588
