0 0.9375 0.9048117154811716 0.06132075471698113 0.10251046025104603
0 0.84375 0.7656903765690377 0.045990566037735846 0.07112970711297072
0 0.8408018867924528 0.6171548117154811 0.0330188679245283 0.03347280334728033
0 0.6981132075471698 0.555439330543933 0.07547169811320754 0.04811715481171548
0 0.3130896226415094 0.5125523012552301 0.020047169811320754 0.14644351464435146
0 0.8891509433962265 0.32426778242677823 0.08726415094339622 0.06694560669456066
0 0.35495283018867924 0.12656903765690378 0.025943396226415096 0.056485355648535567
0 0.24528301886792453 0.1307531380753138 0.05660377358490566 0.14435146443514643
0 0.9752358490566038 0.028242677824267783 0.049528301886792456 0.056485355648535567
0 0.5742924528301887 0.02092050209205021 0.02358490566037736 0.04184100418410042
0 0.4834905660377358 0.04811715481171548 0.030660377358490566 0.09623430962343096
0 0.39504716981132076 0.038702928870292884 0.025943396226415096 0.07740585774058577
0 0.3490566037735849 0.04184100418410042 0.04716981132075472 0.08368200836820083
0 0.298938679245283 0.08786610878661087 0.041273584905660375 0.17573221757322174
0 0.23643867924528303 0.02092050209205021 0.0294811320754717 0.04184100418410042
0 0.16981132075471697 0.02301255230125523 0.030660377358490566 0.04602510460251046
