0 0.5801886792452831 0.7928870292887029 0.16981132075471697 0.08786610878661087
0 0.9239386792452831 0.7834728033472803 0.03419811320754717 0.07322175732217573
0 0.28832547169811323 0.803347280334728 0.055424528301886794 0.14225941422594143
0 0.9345518867924528 0.7217573221757322 0.020047169811320754 0.04602510460251046
0 0.5088443396226415 0.6652719665271967 0.027122641509433963 0.10460251046025104
0 0.47877358490566035 0.6600418410041841 0.025943396226415096 0.09832635983263599
0 0.39976415094339623 0.6506276150627615 0.18867924528301888 0.2301255230125523
0 0.5866745283018868 0.553347280334728 0.01768867924528302 0.043933054393305436
0 0.5790094339622641 0.4696652719665272 0.06839622641509434 0.04811715481171548
0 0.5147405660377359 0.44142259414225943 0.055424528301886794 0.029288702928870293
0 0.29245283018867924 0.39644351464435146 0.009433962264150943 0.10669456066945607
