0 0.6244769874476988 0.9811764705882353 0.22384937238493724 0.03764705882352941
0 0.26673640167364016 0.8582352941176471 0.0397489539748954 0.05058823529411765
0 0.5543933054393305 0.7452941176470588 0.029288702928870293 0.01764705882352941
0 0.6161087866108786 0.7141176470588235 0.03138075313807531 0.01647058823529412
0 0.5575313807531381 0.7123529411764706 0.03138075313807531 0.01764705882352941
0 0.5230125523012552 0.6676470588235294 0.2594142259414226 0.052941176470588235
0 0.5251046025104602 0.6241176470588236 0.24686192468619247 0.03176470588235294
0 0.7782426778242678 0.6311764705882353 0.12133891213389121 0.06
0 0.18828451882845187 0.5870588235294117 0.37656903765690375 0.011764705882352941
0 0.8117154811715481 0.5882352941176471 0.07112970711297072 0.02588235294117647
0 0.7468619246861925 0.5858823529411765 0.0502092050209205 0.023529411764705882
0 0.797071129707113 0.4823529411764706 0.1799163179916318 0.047058823529411764
0 0.8472803347280334 0.4388235294117647 0.09623430962343096 0.01647058823529412
0 0.8901673640167364 0.2611764705882353 0.16527196652719664 0.058823529411764705
0 0.6391213389121339 0.26705882352941174 0.14853556485355648 0.09411764705882353
0 0.252092050209205 0.2252941176470588 0.04811715481171548 0.05058823529411765
0 0.19874476987447698 0.14470588235294118 0.1799163179916318 0.042352941176470586
0 0.200836820083682 0.10176470588235294 0.1799163179916318 0.04352941176470588
0 0.8326359832635983 0.10529411764705883 0.03347280334728033 0.06235294117647059
0 0.13912133891213388 0.05588235294117647 0.04811715481171548 0.036470588235294116
0 0.8859832635983264 0.021176470588235293 0.2112970711297071 0.042352941176470586
0 0.4905857740585774 0.017058823529411765 0.12761506276150628 0.03411764705882353
