0 0.895397489539749 0.9694117647058823 0.20920502092050208 0.0611764705882353
0 0.5826359832635983 0.9305882352941176 0.35355648535564854 0.004705882352941176
0 0.6380753138075314 0.8676470588235294 0.08786610878661087 0.01764705882352941
0 0.7322175732217573 0.6329411764705882 0.100418410041841 0.04941176470588235
0 0.7573221757322176 0.5247058823529411 0.16736401673640167 0.042352941176470586
0 0.6077405857740585 0.34647058823529414 0.14853556485355648 0.015294117647058824
0 0.7196652719665272 0.34058823529411764 0.100418410041841 0.00823529411764706
0 0.08158995815899582 0.3611764705882353 0.08786610878661087 0.06352941176470588
0 0.3598326359832636 0.34941176470588237 0.08368200836820083 0.058823529411764705
0 0.4382845188284519 0.33588235294117647 0.07322175732217573 0.05058823529411765
0 0.502092050209205 0.3270588235294118 0.0502092050209205 0.04
0 0.747907949790795 0.31588235294117645 0.056485355648535567 0.024705882352941175
0 0.5648535564853556 0.3076470588235294 0.04602510460251046 0.02235294117647059
0 0.6317991631799164 0.31058823529411766 0.05439330543933055 0.04470588235294118
0 0.6872384937238494 0.30823529411764705 0.05230125523012552 0.04470588235294118
0 0.75 0.29411764705882354 0.060669456066945605 0.021176470588235293
0 0.547071129707113 0.25058823529411767 0.15271966527196654 0.03294117647058824
0 0.7081589958158996 0.2464705882352941 0.15271966527196654 0.03411764705882353
