0 0.25412735849056606 0.9769874476987448 0.11674528301886793 0.02092050209205021
0 0.20754716981132076 0.8472803347280334 0.01650943396226415 0.05439330543933055
0 0.16804245283018868 0.8347280334728033 0.01768867924528302 0.05439330543933055
0 0.1509433962264151 0.8347280334728033 0.01650943396226415 0.05439330543933055
0 0.024174528301886794 0.8399581589958159 0.04834905660377359 0.2280334728033473
0 0.25589622641509435 0.7782426778242678 0.15566037735849056 0.16317991631799164
0 0.01179245283018868 0.6924686192468619 0.02358490566037736 0.09623430962343096
0 0.23820754716981132 0.6600418410041841 0.02358490566037736 0.060669456066945605
0 0.2169811320754717 0.6924686192468619 0.018867924528301886 0.15481171548117154
0 0.8844339622641509 0.5920502092050209 0.08254716981132075 0.03765690376569038
0 0.29952830188679247 0.5366108786610879 0.1320754716981132 0.1192468619246862
0 0.7936320754716981 0.39539748953974896 0.054245283018867926 0.03765690376569038
0 0.71875 0.3598326359832636 0.0695754716981132 0.03347280334728033
0 0.375 0.29602510460251047 0.08018867924528301 0.04811715481171548
0 0.29068396226415094 0.2939330543933054 0.08136792452830188 0.04811715481171548
0 0.17688679245283018 0.2918410041841004 0.02358490566037736 0.04811715481171548
0 0.3903301886792453 0.19142259414225943 0.03537735849056604 0.06903765690376569
0 0.357311320754717 0.1589958158995816 0.04009433962264151 0.08368200836820083
0 0.24587264150943397 0.058577405857740586 0.045990566037735846 0.09205020920502092
