0 0.8148535564853556 0.7564705882352941 0.14853556485355648 0.04
0 0.9142259414225942 0.7376470588235294 0.07531380753138076 0.023529411764705882
0 0.9707112970711297 0.7276470588235294 0.058577405857740586 0.027058823529411764
0 0.029288702928870293 0.7541176470588236 0.058577405857740586 0.11058823529411765
0 0.4131799163179916 0.678235294117647 0.13179916317991633 0.04352941176470588
0 0.553347280334728 0.6505882352941177 0.16527196652719664 0.02823529411764706
0 0.7751046025104602 0.6217647058823529 0.06485355648535565 0.02
0 0.7123430962343096 0.6217647058823529 0.07322175732217573 0.027058823529411764
0 0.41736401673640167 0.6029411764705882 0.07740585774058577 0.015294117647058824
0 0.5104602510460251 0.5941176470588235 0.200836820083682 0.03294117647058824
0 0.6171548117154811 0.5776470588235294 0.06694560669456066 0.01411764705882353
0 0.7510460251046025 0.5423529411764706 0.08786610878661087 0.058823529411764705
0 0.39644351464435146 0.5041176470588236 0.1694560669456067 0.06235294117647059
0 0.3075313807531381 0.48823529411764705 0.05439330543933055 0.042352941176470586
0 0.8451882845188284 0.47294117647058825 0.11715481171548117 0.05176470588235294
0 0.04602510460251046 0.45529411764705885 0.09205020920502092 0.02823529411764706
0 0.7761506276150628 0.4547058823529412 0.0794979079497908 0.04588235294117647
0 0.33472803347280333 0.4435294117647059 0.06276150627615062 0.03529411764705882
0 0.28765690376569036 0.44588235294117645 0.0899581589958159 0.20470588235294118
0 0.23117154811715482 0.3076470588235294 0.13179916317991633 0.05529411764705883
0 0.32112970711297073 0.2858823529411765 0.03556485355648536 0.04941176470588235
0 0.41841004184100417 0.1588235294117647 0.0502092050209205 0.03764705882352941
