0 0.6255230125523012 0.9523529411764706 0.04184100418410042 0.029411764705882353
0 0.9539748953974896 0.9405882352941176 0.09205020920502092 0.08823529411764706
0 0.5669456066945606 0.8941176470588236 0.03347280334728033 0.021176470588235293
0 0.5209205020920502 0.87 0.03765690376569038 0.027058823529411764
0 0.8357740585774058 0.9017647058823529 0.10669456066945607 0.0976470588235294
0 0.4801255230125523 0.851764705882353 0.043933054393305436 0.023529411764705882
0 0.7426778242677824 0.8547058823529412 0.0794979079497908 0.06235294117647059
0 0.4299163179916318 0.8323529411764706 0.0899581589958159 0.05529411764705883
0 0.4110878661087866 0.7976470588235294 0.06485355648535565 0.03294117647058824
0 0.3776150627615063 0.7717647058823529 0.060669456066945605 0.03294117647058824
0 0.9686192468619247 0.7817647058823529 0.06276150627615062 0.07411764705882352
0 0.8880753138075314 0.7335294117647059 0.11506276150627615 0.0811764705882353
0 0.3054393305439331 0.7064705882352941 0.06276150627615062 0.027058823529411764
0 0.36297071129707115 0.6629411764705883 0.09414225941422594 0.052941176470588235
0 0.14958158995815898 0.56 0.1192468619246862 0.04
0 0.3598326359832636 0.5511764705882353 0.2175732217573222 0.07882352941176471
0 0.10564853556485355 0.5194117647058824 0.06485355648535565 0.015294117647058824
0 0.6851464435146444 0.5358823529411765 0.05230125523012552 0.052941176470588235
0 0.5742677824267782 0.51 0.06485355648535565 0.02
0 0.19246861924686193 0.49058823529411766 0.15481171548117154 0.05647058823529412
0 0.4581589958158996 0.43588235294117644 0.1589958158995816 0.06235294117647059
0 0.5638075313807531 0.4117647058823529 0.08577405857740586 0.01647058823529412
0 0.4299163179916318 0.3776470588235294 0.03138075313807531 0.03529411764705882
0 0.06799163179916318 0.36823529411764705 0.13598326359832635 0.09176470588235294
0 0.3127615062761506 0.3311764705882353 0.06903765690376569 0.02
0 0.1684100418410042 0.31411764705882356 0.1401673640167364 0.05176470588235294
0 0.9707112970711297 0.3347058823529412 0.058577405857740586 0.10705882352941176
0 0.4989539748953975 0.29 0.0397489539748954 0.02235294117647059
0 0.23221757322175732 0.28705882352941176 0.06276150627615062 0.05176470588235294
0 0.7866108786610879 0.25588235294117645 0.05439330543933055 0.0811764705882353
0 0.9048117154811716 0.21411764705882352 0.16527196652719664 0.06588235294117648
0 0.09937238493723849 0.21764705882352942 0.19874476987447698 0.09647058823529411
0 0.37552301255230125 0.14176470588235293 0.07322175732217573 0.04588235294117647
0 0.35564853556485354 0.10411764705882352 0.04184100418410042 0.02
0 0.3891213389121339 0.06294117647058824 0.03347280334728033 0.01764705882352941
0 0.06485355648535565 0.013529411764705882 0.1297071129707113 0.027058823529411764
