0 0.23113207547169812 0.8179916317991632 0.04481132075471698 0.06694560669456066
0 0.5253537735849056 0.5794979079497908 0.01768867924528302 0.13807531380753138
0 0.4693396226415094 0.5784518828451883 0.018867924528301886 0.14853556485355648
0 0.35082547169811323 0.5073221757322176 0.027122641509433963 0.20711297071129708
0 0.7517688679245284 0.4445606694560669 0.045990566037735846 0.17782426778242677
0 0.19516509433962265 0.348326359832636 0.08372641509433962 0.060669456066945605
0 0.9823113207547169 0.33368200836820083 0.02830188679245283 0.0397489539748954
0 0.6668632075471698 0.3263598326359833 0.09551886792452831 0.06276150627615062
0 0.53125 0.3179916317991632 0.027122641509433963 0.058577405857740586
0 0.16273584905660377 0.24686192468619247 0.0330188679245283 0.06276150627615062
0 0.21226415094339623 0.25523012552301255 0.06839622641509434 0.11715481171548117
0 0.9404481132075472 0.09100418410041841 0.04834905660377359 0.1401673640167364
0 0.714622641509434 0.009414225941422594 0.03537735849056604 0.01882845188284519
