0 0.20397489539748953 0.9511764705882353 0.08158995815899582 0.01764705882352941
0 0.6464435146443515 0.8305882352941176 0.0502092050209205 0.03764705882352941
0 0.6820083682008368 0.8088235294117647 0.05439330543933055 0.05058823529411765
0 0.5993723849372385 0.7911764705882353 0.08158995815899582 0.036470588235294116
0 0.19351464435146443 0.778235294117647 0.07740585774058577 0.06470588235294118
0 0.5596234309623431 0.7523529411764706 0.06903765690376569 0.027058823529411764
0 0.5031380753138075 0.7376470588235294 0.09832635983263599 0.018823529411764704
0 0.21548117154811716 0.7435294117647059 0.08786610878661087 0.03058823529411765
0 0.08472803347280335 0.7482352941176471 0.060669456066945605 0.04
0 0.4006276150627615 0.7429411764705882 0.08577405857740586 0.03176470588235294
0 0.6234309623430963 0.7335294117647059 0.0502092050209205 0.02235294117647059
0 0.3169456066945607 0.7264705882352941 0.11506276150627615 0.04823529411764706
0 0.5774058577405857 0.7076470588235294 0.0502092050209205 0.03176470588235294
0 0.4769874476987448 0.7129411764705882 0.10460251046025104 0.05647058823529412
0 0.9236401673640168 0.6705882352941176 0.0899581589958159 0.05647058823529412
0 0.07635983263598327 0.5517647058823529 0.060669456066945605 0.05647058823529412
0 0.20920502092050208 0.5417647058823529 0.0502092050209205 0.04588235294117647
0 0.8169456066945606 0.5241176470588236 0.04811715481171548 0.012941176470588235
0 0.14330543933054393 0.5452941176470588 0.060669456066945605 0.05529411764705883
0 0.27615062761506276 0.5347058823529411 0.04184100418410042 0.05058823529411765
0 0.33472803347280333 0.5276470588235294 0.06276150627615062 0.05529411764705883
0 0.4801255230125523 0.5188235294117647 0.056485355648535567 0.05411764705882353
0 0.1401673640167364 0.4623529411764706 0.2803347280334728 0.03294117647058824
0 0.14748953974895398 0.30941176470588233 0.29497907949790797 0.009411764705882352
0 0.7374476987447699 0.35058823529411764 0.0397489539748954 0.14352941176470588
0 0.4361924686192469 0.24764705882352941 0.04811715481171548 0.05529411764705883
0 0.7635983263598326 0.18411764705882352 0.1506276150627615 0.04588235294117647
0 0.6569037656903766 0.18058823529411766 0.05439330543933055 0.03882352941176471
0 0.6621338912133892 0.12176470588235294 0.04811715481171548 0.027058823529411764
0 0.5606694560669456 0.014705882352941176 0.2301255230125523 0.029411764705882353
0 0.4089958158995816 0.018823529411764704 0.01882845188284519 0.03764705882352941
0 0.17677824267782427 0.022941176470588236 0.32426778242677823 0.04588235294117647
