0 0.02653301886792453 0.9131799163179917 0.031839622641509434 0.056485355648535567
0 0.49292452830188677 0.5209205020920502 0.04009433962264151 0.06276150627615062
0 0.5560141509433962 0.4895397489539749 0.027122641509433963 0.058577405857740586
0 0.7629716981132075 0.4675732217573222 0.04481132075471698 0.03138075313807531
0 0.7305424528301887 0.5439330543933054 0.09787735849056604 0.24267782426778242
0 0.9575471698113207 0.42887029288702927 0.08490566037735849 0.10460251046025104
0 0.013561320754716982 0.27719665271966526 0.027122641509433963 0.0397489539748954
0 0.84375 0.1705020920502092 0.09787735849056604 0.07322175732217573
0 0.9504716981132075 0.1297071129707113 0.030660377358490566 0.0502092050209205
0 0.9298349056603774 0.04079497907949791 0.1403301886792453 0.06903765690376569
0 0.7995283018867925 0.012552301255230125 0.03773584905660377 0.02510460251046025
