0 0.7248953974895398 0.7847058823529411 0.04811715481171548 0.09176470588235294
0 0.9853556485355649 0.7376470588235294 0.029288702928870293 0.06588235294117648
0 0.25313807531380755 0.5747058823529412 0.13807531380753138 0.06470588235294118
0 0.4393305439330544 0.5617647058823529 0.04184100418410042 0.04588235294117647
0 0.36401673640167365 0.5641176470588235 0.10460251046025104 0.06
0 0.4780334728033473 0.5447058823529412 0.03138075313807531 0.04
0 0.5188284518828452 0.5488235294117647 0.06694560669456066 0.05058823529411765
0 0.09100418410041841 0.5841176470588235 0.18200836820083682 0.12588235294117647
0 0.5543933054393305 0.5264705882352941 0.03347280334728033 0.027058823529411764
0 0.4571129707112971 0.48058823529411765 0.3619246861924686 0.012941176470588235
0 0.13284518828451883 0.3547058823529412 0.26569037656903766 0.015294117647058824
0 0.4110878661087866 0.33176470588235296 0.27405857740585776 0.03294117647058824
0 0.0397489539748954 0.32294117647058823 0.06276150627615062 0.052941176470588235
0 0.11297071129707113 0.3211764705882353 0.06276150627615062 0.05176470588235294
0 0.17468619246861924 0.3176470588235294 0.05230125523012552 0.05176470588235294
0 0.2395397489539749 0.31 0.04811715481171548 0.04588235294117647
0 0.3294979079497908 0.3058823529411765 0.05230125523012552 0.05176470588235294
0 0.38702928870292885 0.30058823529411766 0.06276150627615062 0.052941176470588235
0 0.604602510460251 0.27176470588235296 0.06694560669456066 0.02588235294117647
0 0.6746861924686193 0.2311764705882353 0.20292887029288703 0.05058823529411765
0 0.4246861924686193 0.03529411764705882 0.11297071129707113 0.07058823529411765
