0 0.36556603773584906 0.8682008368200836 0.02830188679245283 0.06276150627615062
0 0.27889150943396224 0.805439330543933 0.09080188679245282 0.35564853556485354
0 0.9610849056603774 0.5826359832635983 0.03537735849056604 0.03138075313807531
0 0.4545990566037736 0.5826359832635983 0.027122641509433963 0.060669456066945605
0 0.9604952830188679 0.4801255230125523 0.041273584905660375 0.043933054393305436
0 0.6320754716981132 0.4675732217573222 0.11084905660377359 0.09414225941422594
0 0.6550707547169812 0.4351464435146444 0.02240566037735849 0.04602510460251046
0 0.9133254716981132 0.42573221757322177 0.03891509433962264 0.05230125523012552
0 0.6267688679245284 0.4100418410041841 0.036556603773584904 0.02510460251046025
0 0.4204009433962264 0.34414225941422594 0.07665094339622641 0.056485355648535567
0 0.4994103773584906 0.3378661087866109 0.07665094339622641 0.056485355648535567
