0 0.008368200836820083 0.7958823529411765 0.016736401673640166 0.07647058823529412
0 0.8221757322175732 0.56 0.35564853556485354 0.023529411764705882
0 0.6767782426778243 0.4511764705882353 0.014644351464435146 0.041176470588235294
0 0.9905857740585774 0.44941176470588234 0.01882845188284519 0.05647058823529412
0 0.7573221757322176 0.4511764705882353 0.10460251046025104 0.10941176470588235
0 0.9257322175732218 0.4052941176470588 0.03556485355648536 0.02235294117647059
0 0.4874476987447699 0.21352941176470588 0.15481171548117154 0.03411764705882353
0 0.6558577405857741 0.18823529411764706 0.13179916317991633 0.03764705882352941
0 0.8232217573221757 0.1223529411764706 0.11506276150627615 0.023529411764705882
0 0.8891213389121339 0.08529411764705883 0.07112970711297072 0.02
0 0.3284518828451883 0.06294117647058824 0.03347280334728033 0.07411764705882352
0 0.5104602510460251 0.0488235294117647 0.03765690376569038 0.0976470588235294
0 0.13179916317991633 0.051176470588235295 0.07112970711297072 0.10235294117647059
