0 0.2698744769874477 0.9770588235294118 0.0794979079497908 0.04588235294117647
0 0.1579497907949791 0.9111764705882353 0.25313807531380755 0.03176470588235294
0 0.3410041841004184 0.9194117647058824 0.09205020920502092 0.05764705882352941
0 0.5951882845188284 0.8247058823529412 0.0397489539748954 0.01411764705882353
0 0.7102510460251046 0.77 0.03556485355648536 0.027058823529411764
0 0.8242677824267782 0.7664705882352941 0.03765690376569038 0.027058823529411764
0 0.747907949790795 0.7670588235294118 0.03556485355648536 0.02823529411764706
0 0.7824267782426778 0.7629411764705882 0.03347280334728033 0.027058823529411764
0 0.6903765690376569 0.5617647058823529 0.18828451882845187 0.10235294117647059
0 0.5679916317991632 0.4976470588235294 0.15690376569037656 0.04941176470588235
0 0.2489539748953975 0.4682352941176471 0.07531380753138076 0.05411764705882353
0 0.3274058577405858 0.46058823529411763 0.06903765690376569 0.05529411764705883
0 0.39748953974895396 0.44941176470588234 0.07112970711297072 0.04470588235294118
0 0.1705020920502092 0.4641176470588235 0.09414225941422594 0.0811764705882353
0 0.7092050209205021 0.42705882352941177 0.1589958158995816 0.047058823529411764
0 0.28556485355648537 0.4111764705882353 0.08577405857740586 0.03176470588235294
0 0.647489539748954 0.3911764705882353 0.0397489539748954 0.03882352941176471
0 0.6997907949790795 0.0488235294117647 0.03556485355648536 0.0976470588235294
