0 0.049528301886792456 0.801255230125523 0.09905660377358491 0.09623430962343096
0 0.972877358490566 0.7688284518828452 0.054245283018867926 0.03556485355648536
0 0.8260613207547169 0.7259414225941423 0.04834905660377359 0.04602510460251046
0 0.8637971698113207 0.6746861924686193 0.10023584905660378 0.03556485355648536
0 0.9575471698113207 0.6684100418410042 0.08490566037735849 0.09414225941422594
0 0.6503537735849056 0.33577405857740583 0.09316037735849056 0.06903765690376569
0 0.6497641509433962 0.26778242677824265 0.09433962264150944 0.06694560669456066
0 0.6167452830188679 0.19665271966527198 0.02122641509433962 0.04184100418410042
0 0.6497641509433962 0.27405857740585776 0.10849056603773585 0.21338912133891214
0 0.3897405660377358 0.15585774058577406 0.03419811320754717 0.03138075313807531
0 0.07488207547169812 0.0502092050209205 0.024764150943396228 0.0502092050209205
0 0.9563679245283019 0.015690376569037656 0.03773584905660377 0.03138075313807531
0 0.8254716981132075 0.02405857740585774 0.0330188679245283 0.04811715481171548
0 0.10731132075471699 0.010460251046025104 0.04245283018867924 0.02092050209205021
0 0.022995283018867923 0.032426778242677826 0.0294811320754717 0.06485355648535565
