0 0.5481171548117155 0.8058823529411765 0.18410041841004185 0.02588235294117647
0 0.9246861924686193 0.7611764705882353 0.1506276150627615 0.02588235294117647
0 0.897489539748954 0.7076470588235294 0.20502092050209206 0.06941176470588235
0 0.948744769874477 0.6305882352941177 0.10251046025104603 0.02588235294117647
0 0.8493723849372385 0.6258823529411764 0.100418410041841 0.02588235294117647
0 0.8619246861924686 0.5776470588235294 0.1087866108786611 0.021176470588235293
0 0.028242677824267783 0.4164705882352941 0.056485355648535567 0.03294117647058824
0 0.021966527196652718 0.2964705882352941 0.03556485355648536 0.02588235294117647
0 0.2907949790794979 0.27941176470588236 0.08786610878661087 0.03411764705882353
0 0.1307531380753138 0.27705882352941175 0.10251046025104603 0.036470588235294116
0 0.9131799163179917 0.27588235294117647 0.17364016736401675 0.11411764705882353
0 0.09937238493723849 0.11 0.19874476987447698 0.041176470588235294
0 0.5878661087866108 0.08529411764705883 0.3389121338912134 0.01764705882352941
0 0.9497907949790795 0.018823529411764704 0.05439330543933055 0.03764705882352941
