0 0.12552301255230125 0.9823529411764705 0.2510460251046025 0.03529411764705882
0 0.8692468619246861 0.9711764705882353 0.13179916317991633 0.03176470588235294
0 0.8985355648535565 0.8770588235294118 0.11506276150627615 0.015294117647058824
0 0.33472803347280333 0.8776470588235294 0.0794979079497908 0.03529411764705882
0 0.41631799163179917 0.8570588235294118 0.058577405857740586 0.03176470588235294
0 0.33263598326359833 0.8411764705882353 0.08786610878661087 0.04
0 0.5 0.8141176470588235 0.04184100418410042 0.021176470588235293
0 0.401673640167364 0.8017647058823529 0.04184100418410042 0.02235294117647059
0 0.2301255230125523 0.7764705882352941 0.04184100418410042 0.021176470588235293
0 0.23744769874476987 0.7558823529411764 0.05230125523012552 0.01764705882352941
0 0.5690376569037657 0.7576470588235295 0.2510460251046025 0.03764705882352941
0 0.4100418410041841 0.7347058823529412 0.05439330543933055 0.02235294117647059
0 0.6161087866108786 0.73 0.08158995815899582 0.03176470588235294
0 0.252092050209205 0.7141176470588235 0.25313807531380755 0.03529411764705882
0 0.9748953974895398 0.7035294117647058 0.0502092050209205 0.03294117647058824
0 0.4571129707112971 0.7011764705882353 0.23221757322175732 0.0611764705882353
0 0.2604602510460251 0.6752941176470588 0.14853556485355648 0.04
0 0.5742677824267782 0.6282352941176471 0.043933054393305436 0.03529411764705882
0 0.7269874476987448 0.6358823529411765 0.17364016736401675 0.09529411764705882
0 0.6108786610878661 0.5970588235294118 0.03765690376569038 0.04352941176470588
0 0.5523012552301255 0.6052941176470589 0.09205020920502092 0.08823529411764706
0 0.4131799163179916 0.591764705882353 0.17364016736401675 0.11058823529411765
0 0.22698744769874477 0.5676470588235294 0.1903765690376569 0.10235294117647059
0 0.9707112970711297 0.538235294117647 0.058577405857740586 0.06470588235294118
0 0.9738493723849372 0.4970588235294118 0.05230125523012552 0.01764705882352941
0 0.9717573221757322 0.47941176470588237 0.056485355648535567 0.02
0 0.09832635983263599 0.34941176470588237 0.19665271966527198 0.04
0 0.2489539748953975 0.13647058823529412 0.04602510460251046 0.01647058823529412
0 0.4445606694560669 0.10647058823529412 0.14435146443514643 0.027058823529411764
0 0.01778242677824268 0.09647058823529411 0.03556485355648536 0.02588235294117647
0 0.8179916317991632 0.05529411764705883 0.301255230125523 0.05176470588235294
0 0.47594142259414224 0.033529411764705884 0.16527196652719664 0.041176470588235294
0 0.6956066945606695 0.012352941176470587 0.22384937238493724 0.024705882352941175
