0 0.4476987447698745 0.7794117647058824 0.06276150627615062 0.024705882352941175
0 0.4602510460251046 0.7635294117647059 0.04184100418410042 0.01647058823529412
0 0.5920502092050209 0.7823529411764706 0.11297071129707113 0.05647058823529412
0 0.6422594142259415 0.7264705882352941 0.0794979079497908 0.02
0 0.48430962343096234 0.7294117647058823 0.043933054393305436 0.042352941176470586
0 0.643305439330544 0.6252941176470588 0.03138075313807531 0.04352941176470588
0 0.6809623430962343 0.5952941176470589 0.06903765690376569 0.2235294117647059
0 0.7050209205020921 0.5117647058823529 0.12552301255230125 0.15764705882352942
0 0.3692468619246862 0.3511764705882353 0.05230125523012552 0.041176470588235294
0 0.3263598326359833 0.19294117647058823 0.04184100418410042 0.03529411764705882
0 0.5732217573221757 0.18529411764705883 0.1799163179916318 0.03882352941176471
0 0.950836820083682 0.17058823529411765 0.05230125523012552 0.04941176470588235
0 0.9686192468619247 0.11058823529411765 0.03347280334728033 0.05176470588235294
0 0.13912133891213388 0.10823529411764705 0.07322175732217573 0.0611764705882353
0 0.606694560669456 0.07470588235294118 0.07531380753138076 0.1188235294117647
