0 0.6762971698113207 0.948744769874477 0.08372641509433962 0.05230125523012552
0 0.5359669811320755 0.8943514644351465 0.055424528301886794 0.16527196652719664
0 0.6633254716981132 0.7949790794979079 0.23938679245283018 0.03765690376569038
0 0.9510613207547169 0.8430962343096234 0.0695754716981132 0.1589958158995816
0 0.7924528301886793 0.6694560669456067 0.03773584905660377 0.05439330543933055
0 0.6827830188679245 0.600418410041841 0.018867924528301886 0.04184100418410042
0 0.9304245283018868 0.5836820083682008 0.0660377358490566 0.0502092050209205
0 0.5748820754716981 0.6182008368200836 0.06485849056603774 0.1192468619246862
0 0.030660377358490566 0.5857740585774058 0.054245283018867926 0.09205020920502092
0 0.6839622641509434 0.5993723849372385 0.08254716981132075 0.16108786610878661
0 0.7841981132075472 0.5878661087866108 0.08254716981132075 0.19665271966527198
0 0.8525943396226415 0.5282426778242678 0.04245283018867924 0.08577405857740586
0 0.20047169811320756 0.502092050209205 0.09433962264150944 0.08368200836820083
0 0.7871462264150944 0.4895397489539749 0.04834905660377359 0.06276150627615062
0 0.01945754716981132 0.48326359832635984 0.03891509433962264 0.07112970711297072
0 0.816627358490566 0.4895397489539749 0.031839622641509434 0.09623430962343096
0 0.14976415094339623 0.5334728033472803 0.014150943396226415 0.20502092050209206
0 0.41214622641509435 0.4874476987447699 0.03419811320754717 0.13389121338912133
0 0.9834905660377359 0.39330543933054396 0.0330188679245283 0.0502092050209205
0 0.24410377358490565 0.4121338912133891 0.08726415094339622 0.09205020920502092
0 0.5760613207547169 0.3158995815899582 0.03891509433962264 0.029288702928870293
0 0.9121462264150944 0.3023012552301255 0.036556603773584904 0.03138075313807531
0 0.6185141509433962 0.3117154811715481 0.11674528301886793 0.06694560669456066
0 0.5701650943396226 0.28661087866108786 0.024764150943396228 0.02092050209205021
0 0.7441037735849056 0.3106694560669456 0.12264150943396226 0.07322175732217573
0 0.6196933962264151 0.3169456066945607 0.38797169811320753 0.09414225941422594
0 0.12264150943396226 0.22698744769874477 0.24528301886792453 0.0397489539748954
0 0.03125 0.18514644351464435 0.0625 0.01882845188284519
0 0.5801886792452831 0.14644351464435146 0.07547169811320754 0.06694560669456066
0 0.4339622641509434 0.1401673640167364 0.030660377358490566 0.058577405857740586
0 0.2806603773584906 0.08054393305439331 0.02122641509433962 0.056485355648535567
0 0.3272405660377358 0.03765690376569038 0.10731132075471699 0.07531380753138076
0 0.22110849056603774 0.04184100418410042 0.10731132075471699 0.08368200836820083
0 0.05070754716981132 0.009414225941422594 0.054245283018867926 0.01882845188284519
