0 0.08431603773584906 0.9058577405857741 0.05778301886792453 0.0502092050209205
0 0.5330188679245284 0.8514644351464435 0.02830188679245283 0.12133891213389121
0 0.6574292452830188 0.7928870292887029 0.060141509433962265 0.0794979079497908
0 0.6025943396226415 0.7698744769874477 0.02122641509433962 0.06276150627615062
0 0.8408018867924528 0.702928870292887 0.02358490566037736 0.029288702928870293
0 0.6332547169811321 0.702928870292887 0.04009433962264151 0.04602510460251046
0 0.7989386792452831 0.698744769874477 0.036556603773584904 0.05439330543933055
0 0.09964622641509434 0.6527196652719666 0.020047169811320754 0.05439330543933055
0 0.9840801886792453 0.5794979079497908 0.0294811320754717 0.06276150627615062
0 0.71875 0.6359832635983264 0.0625 0.30962343096234307
0 0.7971698113207547 0.46234309623430964 0.06132075471698113 0.05439330543933055
0 0.8602594339622641 0.5303347280334728 0.12382075471698113 0.3075313807531381
0 0.07429245283018868 0.3514644351464435 0.0330188679245283 0.02510460251046025
0 0.5625 0.3064853556485356 0.01650943396226415 0.05230125523012552
0 0.3425707547169811 0.2719665271966527 0.020047169811320754 0.08786610878661087
0 0.1008254716981132 0.16736401673640167 0.05306603773584906 0.0502092050209205
0 0.01768867924528302 0.13598326359832635 0.03537735849056604 0.03765690376569038
0 0.4380896226415094 0.04497907949790795 0.14504716981132076 0.0899581589958159
0 0.33431603773584906 0.19665271966527198 0.060141509433962265 0.39330543933054396
