0 0.2730125523012552 0.8388235294117647 0.07322175732217573 0.01647058823529412
0 0.4560669456066946 0.8282352941176471 0.26359832635983266 0.02823529411764706
0 0.7364016736401674 0.7847058823529411 0.1589958158995816 0.06588235294117648
0 0.6569037656903766 0.7488235294117647 0.28870292887029286 0.05058823529411765
0 0.058577405857740586 0.6982352941176471 0.11715481171548117 0.2858823529411765
0 0.9152719665271967 0.51 0.1694560669456067 0.052941176470588235
0 0.7960251046025104 0.49470588235294116 0.08158995815899582 0.029411764705882353
0 0.6317991631799164 0.37470588235294117 0.11715481171548117 0.03882352941176471
0 0.5847280334728033 0.33294117647058824 0.03138075313807531 0.03764705882352941
0 0.6506276150627615 0.2911764705882353 0.12552301255230125 0.036470588235294116
0 0.4707112970711297 0.19117647058823528 0.0502092050209205 0.029411764705882353
0 0.9173640167364017 0.18823529411764706 0.07322175732217573 0.14588235294117646
0 0.4131799163179916 0.06588235294117648 0.13598326359832635 0.04
0 0.2395397489539749 0.0976470588235294 0.1694560669456067 0.15294117647058825
