0 0.10146443514644352 0.7958823529411765 0.1192468619246862 0.08352941176470588
0 0.7018828451882845 0.7670588235294118 0.05230125523012552 0.03294117647058824
0 0.9864016736401674 0.7382352941176471 0.027196652719665274 0.06470588235294118
0 0.19560669456066945 0.5841176470588235 0.02301255230125523 0.03411764705882353
0 0.3294979079497908 0.5676470588235294 0.03556485355648536 0.03176470588235294
0 0.26673640167364016 0.5635294117647058 0.05230125523012552 0.05176470588235294
0 0.39748953974895396 0.5523529411764706 0.11297071129707113 0.05058823529411765
0 0.5763598326359832 0.538235294117647 0.0397489539748954 0.03411764705882353
0 0.09832635983263599 0.5735294117647058 0.12552301255230125 0.10470588235294118
0 0.08891213389121339 0.5188235294117647 0.1401673640167364 0.03294117647058824
0 0.5439330543933054 0.46647058823529414 0.33472803347280333 0.00823529411764706
0 0.16108786610878661 0.34058823529411764 0.32217573221757323 0.010588235294117647
0 0.4571129707112971 0.3241176470588235 0.22384937238493724 0.024705882352941175
0 0.3817991631799163 0.29470588235294115 0.08158995815899582 0.052941176470588235
0 0.7405857740585774 0.22823529411764706 0.200836820083682 0.04
0 0.4299163179916318 0.03529411764705882 0.1108786610878661 0.07058823529411765
