0 0.0899581589958159 0.821764705882353 0.0794979079497908 0.26705882352941174
0 0.8598326359832636 0.6729411764705883 0.0794979079497908 0.011764705882352941
0 0.8294979079497908 0.6 0.06485355648535565 0.018823529411764704
0 0.8838912133891214 0.548235294117647 0.07322175732217573 0.07294117647058823
0 0.5564853556485355 0.3547058823529412 0.1297071129707113 0.03882352941176471
0 0.6056485355648535 0.34647058823529414 0.11506276150627615 0.036470588235294116
0 0.8619246861924686 0.2888235294117647 0.13389121338912133 0.015294117647058824
0 0.7698744769874477 0.29823529411764704 0.029288702928870293 0.03882352941176471
0 0.7866108786610879 0.15176470588235294 0.029288702928870293 0.0988235294117647
0 0.8870292887029289 0.09529411764705882 0.04602510460251046 0.01411764705882353
0 0.4393305439330544 0.0888235294117647 0.03765690376569038 0.1776470588235294
