0 0.38493723849372385 0.8188235294117647 0.07531380753138076 0.05176470588235294
0 0.22594142259414227 0.7958823529411765 0.09205020920502092 0.036470588235294116
0 0.49686192468619245 0.75 0.07740585774058577 0.03176470588235294
0 0.28451882845188287 0.711764705882353 0.07112970711297072 0.04
0 0.3797071129707113 0.6935294117647058 0.060669456066945605 0.02235294117647059
0 0.6380753138075314 0.7235294117647059 0.15481171548117154 0.1011764705882353
0 0.20606694560669456 0.6629411764705883 0.08158995815899582 0.06941176470588235
0 0.4299163179916318 0.6441176470588236 0.05230125523012552 0.036470588235294116
0 0.14644351464435146 0.5488235294117647 0.02510460251046025 0.09294117647058824
0 0.9173640167364017 0.4376470588235294 0.13179916317991633 0.06352941176470588
0 0.1297071129707113 0.42764705882352944 0.0794979079497908 0.14470588235294118
0 0.9654811715481172 0.3729411764705882 0.06903765690376569 0.04470588235294118
0 0.891213389121339 0.3170588235294118 0.06276150627615062 0.02235294117647059
0 0.9497907949790795 0.3205882352941177 0.100418410041841 0.03882352941176471
0 0.151673640167364 0.31941176470588234 0.12343096234309624 0.1188235294117647
0 0.6223849372384938 0.1588235294117647 0.060669456066945605 0.04
0 0.0899581589958159 0.09529411764705882 0.04184100418410042 0.03764705882352941
