0 0.448744769874477 0.9464705882352941 0.3493723849372385 0.036470588235294116
0 0.20397489539748953 0.9111764705882353 0.05230125523012552 0.10235294117647059
0 0.5460251046025104 0.8305882352941176 0.04184100418410042 0.03294117647058824
0 0.48640167364016734 0.7905882352941176 0.06903765690376569 0.023529411764705882
0 0.15585774058577406 0.7352941176470589 0.09832635983263599 0.24705882352941178
0 0.9843096234309623 0.6164705882352941 0.03138075313807531 0.01647058823529412
0 0.8441422594142259 0.5329411764705883 0.01882845188284519 0.03764705882352941
0 0.15690376569037656 0.3835294117647059 0.100418410041841 0.047058823529411764
0 0.6579497907949791 0.3552941176470588 0.1401673640167364 0.03294117647058824
0 0.6265690376569037 0.32 0.08577405857740586 0.03058823529411765
0 0.4299163179916318 0.3176470588235294 0.19456066945606695 0.03294117647058824
0 0.2405857740585774 0.3070588235294118 0.1087866108786611 0.01411764705882353
0 0.1108786610878661 0.3111764705882353 0.1087866108786611 0.029411764705882353
0 0.9874476987447699 0.18941176470588236 0.02510460251046025 0.08470588235294117
0 0.8294979079497908 0.045294117647058825 0.03138075313807531 0.09058823529411765
0 0.6359832635983264 0.11294117647058824 0.029288702928870293 0.22588235294117648
0 0.27405857740585776 0.042352941176470586 0.03765690376569038 0.08470588235294117
0 0.23640167364016737 0.02411764705882353 0.03765690376569038 0.04823529411764706
