0 0.5 0.9916317991631799 1.0 0.016736401673640166
0 0.267688679245283 0.9382845188284519 0.09198113207547169 0.043933054393305436
0 0.5112028301886793 0.9006276150627615 0.02240566037735849 0.06903765690376569
0 0.6869103773584906 0.858786610878661 0.020047169811320754 0.06903765690376569
0 0.7700471698113207 0.8190376569037657 0.02358490566037736 0.027196652719665274
0 0.7942216981132075 0.8368200836820083 0.036556603773584904 0.07112970711297072
0 0.9693396226415094 0.7876569037656904 0.06132075471698113 0.08577405857740586
0 0.8372641509433962 0.6652719665271967 0.02830188679245283 0.03765690376569038
0 0.8295990566037735 0.6610878661087866 0.06485849056603774 0.12133891213389121
0 0.8926886792452831 0.5711297071129707 0.02830188679245283 0.04184100418410042
0 0.9693396226415094 0.5774058577405857 0.06132075471698113 0.1087866108786611
0 0.018867924528301886 0.3723849372384937 0.02830188679245283 0.07112970711297072
0 0.04834905660377359 0.36506276150627615 0.02830188679245283 0.07322175732217573
0 0.07547169811320754 0.3577405857740586 0.02358490566037736 0.07112970711297072
0 0.9404481132075472 0.3305439330543933 0.0294811320754717 0.029288702928870293
0 0.10377358490566038 0.3514644351464435 0.030660377358490566 0.07112970711297072
0 0.13266509433962265 0.34518828451882844 0.024764150943396228 0.07112970711297072
0 0.1544811320754717 0.3399581589958159 0.01650943396226415 0.06903765690376569
0 0.1786556603773585 0.33472803347280333 0.031839622641509434 0.07112970711297072
0 0.9015330188679245 0.34414225941422594 0.041273584905660375 0.09832635983263599
0 0.20636792452830188 0.3274058577405858 0.025943396226415096 0.06903765690376569
0 0.12028301886792453 0.348326359832636 0.24056603773584906 0.2280334728033473
0 0.7724056603773585 0.20292887029288703 0.10613207547169812 0.08786610878661087
0 0.7653301886792453 0.1297071129707113 0.10377358490566038 0.08368200836820083
0 0.7665094339622641 0.16527196652719664 0.12735849056603774 0.18828451882845187
0 0.05955188679245283 0.058577405857740586 0.03891509433962264 0.02510460251046025
0 0.8915094339622641 0.014644351464435146 0.04245283018867924 0.029288702928870293
0 0.43514150943396224 0.027196652719665274 0.03773584905660377 0.05439330543933055
0 0.3867924528301887 0.038702928870292884 0.014150943396226415 0.07740585774058577
0 0.09492924528301887 0.028242677824267783 0.07900943396226415 0.056485355648535567
0 0.05365566037735849 0.0198744769874477 0.041273584905660375 0.0397489539748954
0 0.02240566037735849 0.0794979079497908 0.04481132075471698 0.1589958158995816
