0 0.553347280334728 0.9911764705882353 0.03556485355648536 0.01764705882352941
0 0.1108786610878661 0.9470588235294117 0.2217573221757322 0.10588235294117647
0 0.4696652719665272 0.6558823529411765 0.26569037656903766 0.05764705882352941
0 0.7133891213389121 0.6123529411764705 0.03347280334728033 0.03411764705882353
0 0.6809623430962343 0.4647058823529412 0.060669456066945605 0.02823529411764706
0 0.9016736401673641 0.47058823529411764 0.19665271966527198 0.06823529411764706
0 0.17573221757322174 0.48470588235294115 0.0502092050209205 0.15529411764705883
0 0.7709205020920502 0.2817647058823529 0.08577405857740586 0.02
0 0.0794979079497908 0.23705882352941177 0.029288702928870293 0.024705882352941175
0 0.9089958158995816 0.20647058823529413 0.11506276150627615 0.0976470588235294
0 0.2510460251046025 0.14823529411764705 0.04184100418410042 0.04941176470588235
0 0.6663179916317992 0.10705882352941176 0.04811715481171548 0.04
