0 0.5627615062761506 0.9476470588235294 0.08368200836820083 0.012941176470588235
0 0.41422594142259417 0.9476470588235294 0.20920502092050208 0.024705882352941175
0 0.20711297071129708 0.8764705882352941 0.0794979079497908 0.14823529411764705
0 0.1307531380753138 0.6758823529411765 0.06485355648535565 0.1588235294117647
0 0.18514644351464435 0.44529411764705884 0.11506276150627615 0.01764705882352941
0 0.3305439330543933 0.42176470588235293 0.058577405857740586 0.029411764705882353
0 0.4236401673640167 0.41411764705882353 0.07322175732217573 0.023529411764705882
0 0.15481171548117154 0.36705882352941177 0.09205020920502092 0.03294117647058824
0 0.6244769874476988 0.31058823529411766 0.08158995815899582 0.03058823529411765
0 0.3891213389121339 0.31 0.07112970711297072 0.03176470588235294
0 0.10774058577405858 0.3029411764705882 0.09414225941422594 0.024705882352941175
0 0.6255230125523012 0.12588235294117647 0.02510460251046025 0.17176470588235293
0 0.8138075313807531 0.03588235294117647 0.02510460251046025 0.07176470588235294
0 0.2615062761506276 0.03705882352941176 0.03765690376569038 0.07411764705882352
