0 0.8629707112970711 0.9058823529411765 0.06903765690376569 0.04941176470588235
0 0.8713389121338913 0.8223529411764706 0.0397489539748954 0.11764705882352941
0 0.4341004184100418 0.7323529411764705 0.05230125523012552 0.05058823529411765
0 0.3682008368200837 0.7264705882352941 0.06694560669456066 0.04823529411764706
0 0.3127615062761506 0.7194117647058823 0.056485355648535567 0.04588235294117647
0 0.946652719665272 0.72 0.10669456066945607 0.05176470588235294
0 0.23640167364016737 0.71 0.04184100418410042 0.04588235294117647
0 0.17154811715481172 0.7029411764705882 0.05439330543933055 0.04352941176470588
0 0.12238493723849372 0.6976470588235294 0.04811715481171548 0.04470588235294118
0 0.058577405857740586 0.6905882352941176 0.02092050209205021 0.04
0 0.303347280334728 0.67 0.029288702928870293 0.02
0 0.1684100418410042 0.5111764705882353 0.027196652719665274 0.029411764705882353
0 0.036610878661087864 0.5064705882352941 0.07322175732217573 0.02235294117647059
0 0.9665271966527197 0.5570588235294117 0.06694560669456066 0.19176470588235295
0 0.5355648535564853 0.4111764705882353 0.09205020920502092 0.11647058823529412
0 0.06276150627615062 0.34705882352941175 0.11715481171548117 0.15764705882352942
0 0.75418410041841 0.29411764705882354 0.09414225941422594 0.05411764705882353
0 0.6380753138075314 0.2776470588235294 0.12133891213389121 0.05411764705882353
0 0.6297071129707112 0.2235294117647059 0.07112970711297072 0.04
0 0.6202928870292888 0.25176470588235295 0.11506276150627615 0.12
0 0.944560669456067 0.023529411764705882 0.09414225941422594 0.03294117647058824
0 0.8200836820083682 0.009411764705882352 0.07531380753138076 0.018823529411764704
0 0.7688284518828452 0.022941176470588236 0.1401673640167364 0.04588235294117647
0 0.021966527196652718 0.01 0.043933054393305436 0.02
