0 0.5617154811715481 0.9788235294117648 0.27405857740585776 0.042352941176470586
0 0.7604602510460251 0.9294117647058824 0.08577405857740586 0.05647058823529412
0 0.7594142259414226 0.8729411764705882 0.0502092050209205 0.05647058823529412
0 0.7280334728033473 0.7635294117647059 0.03765690376569038 0.023529411764705882
0 0.9874476987447699 0.7676470588235295 0.02510460251046025 0.06
0 0.7437238493723849 0.7247058823529412 0.07740585774058577 0.04470588235294118
0 0.3023012552301255 0.4747058823529412 0.604602510460251 0.04352941176470588
0 0.12133891213389121 0.43058823529411766 0.24267782426778242 0.10823529411764705
0 0.1799163179916318 0.3835294117647059 0.058577405857740586 0.08705882352941176
0 0.6893305439330544 0.3811764705882353 0.09832635983263599 0.12705882352941175
0 0.252092050209205 0.3111764705882353 0.11506276150627615 0.010588235294117647
0 0.4246861924686193 0.31058823529411766 0.20502092050209206 0.018823529411764704
0 0.41422594142259417 0.30058823529411766 0.200836820083682 0.01764705882352941
0 0.6349372384937239 0.3517647058823529 0.22384937238493724 0.15764705882352942
0 0.15271966527196654 0.27 0.06276150627615062 0.05764705882352941
0 0.35251046025104604 0.26294117647058823 0.056485355648535567 0.052941176470588235
0 0.2102510460251046 0.26588235294117646 0.056485355648535567 0.0611764705882353
0 0.26778242677824265 0.26235294117647057 0.05439330543933055 0.06352941176470588
0 0.47280334728033474 0.2511764705882353 0.06276150627615062 0.052941176470588235
0 0.7175732217573222 0.23 0.2175732217573222 0.05058823529411765
0 0.6359832635983264 0.031176470588235295 0.0502092050209205 0.027058823529411764
0 0.48430962343096234 0.007058823529411765 0.056485355648535567 0.01411764705882353
0 0.46548117154811713 0.03529411764705882 0.18200836820083682 0.07058823529411765
