0 0.5 0.944560669456067 1.0 0.1108786610878661
0 0.22228773584905662 0.9089958158995816 0.03891509433962264 0.043933054393305436
0 0.267688679245283 0.7761506276150628 0.1179245283018868 0.11297071129707113
0 0.3579009433962264 0.36297071129707115 0.12382075471698113 0.04811715481171548
0 0.00884433962264151 0.3587866108786611 0.01768867924528302 0.12761506276150628
0 0.7275943396226415 0.2719665271966527 0.08254716981132075 0.06694560669456066
0 0.7181603773584906 0.2217573221757322 0.07311320754716981 0.05439330543933055
0 0.7352594339622641 0.20815899581589958 0.055424528301886794 0.056485355648535567
0 0.7222877358490566 0.043933054393305436 0.09316037735849056 0.08786610878661087
0 0.6362028301886793 0.04811715481171548 0.07193396226415094 0.09623430962343096
0 0.4339622641509434 0.03765690376569038 0.03773584905660377 0.07531380753138076
0 0.39917452830188677 0.01882845188284519 0.0294811320754717 0.03765690376569038
0 0.298938679245283 0.08368200836820083 0.036556603773584904 0.16736401673640167
