0 0.13912133891213388 0.9394117647058824 0.07322175732217573 0.06941176470588235
0 0.051255230125523014 0.9435294117647058 0.10251046025104603 0.10588235294117647
0 0.18410041841004185 0.8129411764705883 0.1087866108786611 0.09176470588235294
0 0.28556485355648537 0.7888235294117647 0.02301255230125523 0.06705882352941177
0 0.7364016736401674 0.7870588235294118 0.06694560669456066 0.09647058823529411
0 0.7238493723849372 0.6888235294117647 0.06276150627615062 0.09294117647058824
0 0.7123430962343096 0.6576470588235294 0.03556485355648536 0.03058823529411765
0 0.5721757322175732 0.5517647058823529 0.16527196652719664 0.05176470588235294
0 0.5690376569037657 0.5358823529411765 0.16736401673640167 0.041176470588235294
0 0.5690376569037657 0.5194117647058824 0.1799163179916318 0.041176470588235294
0 0.6663179916317992 0.5458823529411765 0.1192468619246862 0.11294117647058824
0 0.3472803347280335 0.5064705882352941 0.08786610878661087 0.08352941176470588
0 0.25313807531380755 0.4929411764705882 0.03347280334728033 0.07764705882352942
0 0.21652719665271966 0.42823529411764705 0.01882845188284519 0.08470588235294117
0 0.0899581589958159 0.23058823529411765 0.07112970711297072 0.042352941176470586
0 0.9843096234309623 0.14588235294117646 0.03138075313807531 0.05176470588235294
0 0.10146443514644352 0.12352941176470589 0.043933054393305436 0.03058823529411765
0 0.03138075313807531 0.09647058823529411 0.06276150627615062 0.05647058823529412
0 0.22071129707112971 0.09294117647058824 0.09832635983263599 0.08470588235294117
0 0.03138075313807531 0.05058823529411765 0.06276150627615062 0.042352941176470586
0 0.11297071129707113 0.04823529411764706 0.02510460251046025 0.042352941176470586
0 0.08577405857740586 0.01 0.0502092050209205 0.02
