0 0.9382845188284519 0.9811764705882353 0.12343096234309624 0.03764705882352941
0 0.6464435146443515 0.9264705882352942 0.06276150627615062 0.02
0 0.48430962343096234 0.83 0.06903765690376569 0.05764705882352941
0 0.5910041841004184 0.8294117647058824 0.13179916317991633 0.14588235294117646
0 0.8085774058577406 0.7517647058823529 0.03556485355648536 0.01647058823529412
0 0.7039748953974896 0.8376470588235294 0.043933054393305436 0.23058823529411765
0 0.6485355648535565 0.7305882352941176 0.03347280334728033 0.018823529411764704
0 0.29916317991631797 0.7347058823529412 0.11297071129707113 0.07882352941176471
0 0.7646443514644351 0.5947058823529412 0.06903765690376569 0.13294117647058823
0 0.17468619246861924 0.45941176470588235 0.027196652719665274 0.03176470588235294
0 0.28870292887029286 0.4158823529411765 0.09623430962343096 0.07882352941176471
0 0.02092050209205021 0.30823529411764705 0.04184100418410042 0.03058823529411765
0 0.8786610878661087 0.2988235294117647 0.12133891213389121 0.04470588235294118
0 0.9341004184100419 0.2747058823529412 0.07740585774058577 0.010588235294117647
0 0.27510460251046026 0.30176470588235293 0.03556485355648536 0.07647058823529412
0 0.24581589958158995 0.31411764705882356 0.006276150627615063 0.14823529411764705
0 0.29707112970711297 0.27176470588235296 0.06276150627615062 0.07294117647058823
0 0.7939330543933054 0.25470588235294117 0.07740585774058577 0.05529411764705883
0 0.058577405857740586 0.2411764705882353 0.11715481171548117 0.1011764705882353
0 0.29497907949790797 0.19941176470588234 0.07112970711297072 0.06470588235294118
0 0.7709205020920502 0.18411764705882352 0.02301255230125523 0.06235294117647059
0 0.28870292887029286 0.14470588235294118 0.05439330543933055 0.03294117647058824
0 0.4811715481171548 0.1188235294117647 0.1297071129707113 0.011764705882352941
0 0.9560669456066946 0.07235294117647059 0.08786610878661087 0.036470588235294116
0 0.13389121338912133 0.061764705882352944 0.04602510460251046 0.03411764705882353
0 0.34518828451882844 0.07705882352941176 0.04184100418410042 0.06705882352941177
0 0.9675732217573222 0.052941176470588235 0.06485355648535565 0.03529411764705882
