0 0.3263598326359833 0.9876470588235294 0.058577405857740586 0.024705882352941175
0 0.7792887029288703 0.9170588235294118 0.2196652719665272 0.14705882352941177
0 0.016736401673640166 0.6829411764705883 0.03347280334728033 0.10941176470588235
0 0.34309623430962344 0.5264705882352941 0.11297071129707113 0.02
0 0.9351464435146444 0.5323529411764706 0.1297071129707113 0.06
0 0.16108786610878661 0.5076470588235295 0.12133891213389121 0.012941176470588235
0 0.7175732217573222 0.5135294117647059 0.0794979079497908 0.027058823529411764
0 0.3702928870292887 0.49470588235294116 0.07112970711297072 0.04588235294117647
0 0.20502092050209206 0.4758823529411765 0.058577405857740586 0.03882352941176471
0 0.14644351464435146 0.47705882352941176 0.058577405857740586 0.041176470588235294
0 0.3723849372384937 0.4623529411764706 0.12133891213389121 0.021176470588235293
0 0.7092050209205021 0.46 0.06694560669456066 0.018823529411764704
0 0.13807531380753138 0.4505882352941176 0.09623430962343096 0.01647058823529412
0 0.893305439330544 0.42823529411764705 0.04184100418410042 0.01411764705882353
0 0.6882845188284519 0.40705882352941175 0.1506276150627615 0.06823529411764706
0 0.22489539748953974 0.37588235294117645 0.08158995815899582 0.02
0 0.03556485355648536 0.3729411764705882 0.07112970711297072 0.023529411764705882
0 0.4100418410041841 0.37176470588235294 0.07112970711297072 0.047058823529411764
0 0.6140167364016736 0.38235294117647056 0.5125523012552301 0.18588235294117647
0 0.9435146443514645 0.3458823529411765 0.11297071129707113 0.11529411764705882
0 0.07635983263598327 0.26705882352941174 0.10251046025104603 0.06352941176470588
0 0.14539748953974896 0.12294117647058823 0.06903765690376569 0.08352941176470588
