0 0.9497907949790795 0.9317647058823529 0.100418410041841 0.13647058823529412
0 0.9633891213389121 0.8182352941176471 0.07322175732217573 0.03411764705882353
0 0.8441422594142259 0.8005882352941176 0.03556485355648536 0.02
0 0.7092050209205021 0.7758823529411765 0.2384937238493724 0.07176470588235294
0 0.551255230125523 0.6935294117647058 0.056485355648535567 0.024705882352941175
0 0.4393305439330544 0.6852941176470588 0.0502092050209205 0.036470588235294116
0 0.9518828451882845 0.7170588235294117 0.09623430962343096 0.16588235294117648
0 0.7792887029288703 0.6535294117647059 0.2112970711297071 0.05529411764705883
0 0.6767782426778243 0.4252941176470588 0.29916317991631797 0.02
0 0.5836820083682008 0.4041176470588235 0.07531380753138076 0.03176470588235294
0 0.3399581589958159 0.42058823529411765 0.09414225941422594 0.07411764705882352
0 0.07531380753138076 0.4758823529411765 0.058577405857740586 0.19411764705882353
0 0.4372384937238494 0.4076470588235294 0.08786610878661087 0.06235294117647059
0 0.5146443514644351 0.3976470588235294 0.06694560669456066 0.058823529411764705
0 0.8023012552301255 0.38176470588235295 0.07322175732217573 0.04823529411764706
0 0.7290794979079498 0.38058823529411767 0.060669456066945605 0.05529411764705883
0 0.6642259414225942 0.38235294117647056 0.07740585774058577 0.058823529411764705
0 0.05230125523012552 0.33588235294117647 0.02510460251046025 0.06941176470588235
0 0.5732217573221757 0.30117647058823527 0.18410041841004185 0.03764705882352941
0 0.7656903765690377 0.3 0.18828451882845187 0.03764705882352941
0 0.3713389121338912 0.24294117647058824 0.13179916317991633 0.03176470588235294
0 0.5366108786610879 0.23294117647058823 0.14435146443514643 0.047058823529411764
0 0.6924686192468619 0.22411764705882353 0.14225941422594143 0.06
