0 0.48535564853556484 0.8182352941176471 0.28451882845188287 0.12588235294117647
0 0.1799163179916318 0.6664705882352941 0.0502092050209205 0.024705882352941175
0 0.9905857740585774 0.5988235294117648 0.01882845188284519 0.04470588235294118
0 0.1997907949790795 0.5552941176470588 0.0899581589958159 0.05411764705882353
0 0.4309623430962343 0.5476470588235294 0.03765690376569038 0.04588235294117647
0 0.36715481171548114 0.5452941176470588 0.0899581589958159 0.04823529411764706
0 0.28765690376569036 0.5470588235294118 0.08577405857740586 0.05176470588235294
0 0.1087866108786611 0.5552941176470588 0.100418410041841 0.07058823529411765
0 0.4790794979079498 0.5394117647058824 0.058577405857740586 0.06705882352941177
0 0.5847280334728033 0.5388235294117647 0.18619246861924685 0.06823529411764706
0 0.3002092050209205 0.49941176470588233 0.056485355648535567 0.02235294117647059
0 0.9560669456066946 0.49058823529411766 0.08786610878661087 0.09647058823529411
0 0.46234309623430964 0.26823529411764707 0.03765690376569038 0.021176470588235293
0 0.7123430962343096 0.26823529411764707 0.1903765690376569 0.04470588235294118
0 0.3043933054393305 0.15058823529411763 0.1192468619246862 0.03294117647058824
0 0.4790794979079498 0.15 0.2594142259414226 0.07647058823529412
0 0.9089958158995816 0.09823529411764706 0.03138075313807531 0.01764705882352941
0 0.803347280334728 0.11235294117647059 0.1589958158995816 0.06470588235294118
0 0.29602510460251047 0.08176470588235295 0.08158995815899582 0.06470588235294118
0 0.8619246861924686 0.028823529411764706 0.14644351464435146 0.03411764705882353
0 0.25732217573221755 0.02411764705882353 0.07531380753138076 0.036470588235294116
0 0.4351464435146444 0.04588235294117647 0.12133891213389121 0.08235294117647059
0 0.74581589958159 0.014705882352941176 0.04811715481171548 0.029411764705882353
