0 0.46129707112970714 0.7641176470588236 0.7426778242677824 0.11176470588235295
0 0.8786610878661087 0.6905882352941176 0.02510460251046025 0.02823529411764706
0 0.2834728033472803 0.6547058823529411 0.03138075313807531 0.01764705882352941
0 0.8200836820083682 0.5358823529411765 0.17573221757322174 0.029411764705882353
0 0.9633891213389121 0.52 0.07322175732217573 0.04
0 0.35460251046025104 0.5188235294117647 0.16108786610878661 0.07058823529411765
0 0.23535564853556484 0.5023529411764706 0.10669456066945607 0.058823529411764705
0 0.9456066945606695 0.4294117647058823 0.1087866108786611 0.09647058823529411
0 0.803347280334728 0.40647058823529414 0.16736401673640167 0.08352941176470588
0 0.8221757322175732 0.36941176470588233 0.0794979079497908 0.018823529411764704
0 0.2594142259414226 0.38235294117647056 0.05439330543933055 0.047058823529411764
0 0.06485355648535565 0.21352941176470588 0.10460251046025104 0.015294117647058824
0 0.497907949790795 0.1711764705882353 0.5104602510460251 0.08823529411764706
0 0.12761506276150628 0.1011764705882353 0.25523012552301255 0.04941176470588235
0 0.9675732217573222 0.07235294117647059 0.06485355648535565 0.02235294117647059
