0 0.2818396226415094 0.7771966527196653 0.04009433962264151 0.06485355648535565
0 0.5512971698113207 0.5261506276150628 0.015330188679245283 0.12343096234309624
0 0.5035377358490566 0.5292887029288703 0.01650943396226415 0.1297071129707113
0 0.40212264150943394 0.47489539748953974 0.025943396226415096 0.19246861924686193
0 0.7712264150943396 0.42677824267782427 0.04481132075471698 0.19246861924686193
0 0.9935141509433962 0.3305439330543933 0.012971698113207548 0.058577405857740586
0 0.6645047169811321 0.301255230125523 0.07429245283018868 0.0502092050209205
0 0.5548349056603774 0.29916317991631797 0.02240566037735849 0.0502092050209205
0 0.7287735849056604 0.25313807531380755 0.018867924528301886 0.07531380753138076
0 0.28360849056603776 0.2290794979079498 0.05070754716981132 0.05230125523012552
0 0.9610849056603774 0.07217573221757322 0.049528301886792456 0.14435146443514643
