0 0.9665271966527197 0.9947058823529412 0.06694560669456066 0.010588235294117647
0 0.15585774058577406 0.8370588235294117 0.11506276150627615 0.04823529411764706
0 0.4194560669456067 0.8252941176470588 0.043933054393305436 0.04352941176470588
0 0.015690376569037656 0.8076470588235294 0.03138075313807531 0.024705882352941175
0 0.26778242677824265 0.7741176470588236 0.0502092050209205 0.02823529411764706
0 0.09518828451882845 0.7376470588235294 0.09414225941422594 0.03764705882352941
0 0.4100418410041841 0.74 0.14225941422594143 0.11058823529411765
0 0.19665271966527198 0.7047058823529412 0.06694560669456066 0.06823529411764706
0 0.6893305439330544 0.49176470588235294 0.13179916317991633 0.08705882352941176
0 0.9769874476987448 0.4429411764705882 0.04602510460251046 0.015294117647058824
0 0.895397489539749 0.4447058823529412 0.09623430962343096 0.02823529411764706
0 0.6108786610878661 0.45294117647058824 0.05439330543933055 0.07058823529411765
0 0.9267782426778243 0.4052941176470588 0.08368200836820083 0.012941176470588235
0 0.7175732217573222 0.42176470588235293 0.09205020920502092 0.04588235294117647
0 0.7050209205020921 0.3711764705882353 0.1589958158995816 0.06
0 0.9435146443514645 0.29294117647058826 0.11297071129707113 0.04941176470588235
0 0.5899581589958159 0.22941176470588234 0.3263598326359833 0.018823529411764704
0 0.39539748953974896 0.18764705882352942 0.09205020920502092 0.04823529411764706
0 0.6370292887029289 0.19647058823529412 0.3410041841004184 0.07529411764705882
0 0.39748953974895396 0.18823529411764706 0.12133891213389121 0.06588235294117648
0 0.9790794979079498 0.13647058823529412 0.04184100418410042 0.04
0 0.9309623430962343 0.047058823529411764 0.05439330543933055 0.09411764705882353
