0 0.9748953974895398 0.65 0.0502092050209205 0.04823529411764706
0 0.5753138075313807 0.5323529411764706 0.12133891213389121 0.010588235294117647
0 0.5753138075313807 0.4723529411764706 0.1297071129707113 0.012941176470588235
0 0.5784518828451883 0.40294117647058825 0.13179916317991633 0.015294117647058824
0 0.5156903765690377 0.37411764705882355 0.03556485355648536 0.03058823529411765
0 0.4707112970711297 0.37411764705882355 0.04184100418410042 0.03058823529411765
0 0.6171548117154811 0.3729411764705882 0.04184100418410042 0.03058823529411765
0 0.5847280334728033 0.3729411764705882 0.03556485355648536 0.03058823529411765
0 0.5523012552301255 0.3735294117647059 0.029288702928870293 0.03176470588235294
0 0.446652719665272 0.3335294117647059 0.05230125523012552 0.041176470588235294
0 0.5407949790794979 0.3323529411764706 0.03556485355648536 0.041176470588235294
0 0.497907949790795 0.3323529411764706 0.03765690376569038 0.041176470588235294
0 0.5815899581589958 0.3311764705882353 0.03765690376569038 0.041176470588235294
0 0.7050209205020921 0.33 0.08786610878661087 0.041176470588235294
0 0.6307531380753139 0.3305882352941176 0.06485355648535565 0.042352941176470586
0 0.4424686192468619 0.2811764705882353 0.0397489539748954 0.03294117647058824
0 0.6589958158995816 0.27705882352941175 0.15481171548117154 0.03411764705882353
0 0.44142259414225943 0.20176470588235293 0.09623430962343096 0.06941176470588235
0 0.7301255230125523 0.19823529411764707 0.08368200836820083 0.06705882352941177
0 0.15271966527196654 0.3935294117647059 0.10460251046025104 0.4717647058823529
0 0.5198744769874477 0.1888235294117647 0.07322175732217573 0.06470588235294118
0 0.6516736401673641 0.18764705882352942 0.08577405857740586 0.06470588235294118
0 0.5794979079497908 0.18529411764705883 0.02510460251046025 0.06
