0 0.3179916317991632 0.8147058823529412 0.06276150627615062 0.029411764705882353
0 0.6851464435146444 0.7264705882352941 0.027196652719665274 0.03411764705882353
0 0.5010460251046025 0.5552941176470588 0.0899581589958159 0.018823529411764704
0 0.9089958158995816 0.5411764705882353 0.18200836820083682 0.06588235294117648
0 0.5407949790794979 0.4958823529411765 0.04811715481171548 0.041176470588235294
0 0.5 0.4964705882352941 0.03765690376569038 0.047058823529411764
0 0.3305439330543933 0.46294117647058824 0.0794979079497908 0.06470588235294118
0 0.7259414225941423 0.41352941176470587 0.09623430962343096 0.05529411764705883
0 0.5407949790794979 0.39705882352941174 0.2489539748953975 0.05529411764705883
0 0.350418410041841 0.38235294117647056 0.1192468619246862 0.058823529411764705
0 0.8650627615062761 0.2723529411764706 0.06903765690376569 0.07882352941176471
0 0.8640167364016736 0.13411764705882354 0.08786610878661087 0.07058823529411765
0 0.8807531380753139 0.07294117647058823 0.02510460251046025 0.03529411764705882
0 0.3776150627615063 0.07647058823529412 0.10669456066945607 0.11058823529411765
0 0.0397489539748954 0.020588235294117647 0.0794979079497908 0.041176470588235294
