0 0.4131799163179916 0.9711764705882353 0.07740585774058577 0.05764705882352941
0 0.07217573221757322 0.9258823529411765 0.10251046025104603 0.047058823529411764
0 0.5543933054393305 0.8329411764705882 0.09623430962343096 0.11058823529411765
0 0.8650627615062761 0.7676470588235295 0.2112970711297071 0.041176470588235294
0 0.5679916317991632 0.7523529411764706 0.0397489539748954 0.04352941176470588
0 0.7447698744769874 0.7170588235294117 0.02092050209205021 0.04352941176470588
0 0.8075313807531381 0.6458823529411765 0.301255230125523 0.07058823529411765
0 0.700836820083682 0.56 0.0502092050209205 0.023529411764705882
0 0.893305439330544 0.5541176470588235 0.0794979079497908 0.023529411764705882
0 0.8148535564853556 0.48411764705882354 0.043933054393305436 0.01764705882352941
0 0.952928870292887 0.30176470588235293 0.0397489539748954 0.04352941176470588
0 0.49686192468619245 0.24941176470588236 0.2280334728033473 0.058823529411764705
0 0.41631799163179917 0.19941176470588234 0.06276150627615062 0.052941176470588235
0 0.50418410041841 0.2235294117647059 0.26778242677824265 0.12941176470588237
0 0.8817991631799164 0.1723529411764706 0.07322175732217573 0.041176470588235294
0 0.8682008368200836 0.10352941176470588 0.06276150627615062 0.01647058823529412
0 0.9665271966527197 0.13941176470588235 0.06694560669456066 0.0976470588235294
0 0.8901673640167364 0.02176470588235294 0.18619246861924685 0.04352941176470588
