0 0.9665271966527197 0.9947058823529412 0.06694560669456066 0.010588235294117647
0 0.15271966527196654 0.8394117647058823 0.11297071129707113 0.04823529411764706
0 0.4121338912133891 0.8276470588235294 0.04602510460251046 0.04588235294117647
0 0.012552301255230125 0.8052941176470588 0.02510460251046025 0.02235294117647059
0 0.2604602510460251 0.7758823529411765 0.04811715481171548 0.027058823529411764
0 0.08786610878661087 0.7358823529411764 0.09205020920502092 0.029411764705882353
0 0.4006276150627615 0.7429411764705882 0.1401673640167364 0.11176470588235295
0 0.18723849372384938 0.7070588235294117 0.07322175732217573 0.06823529411764706
0 0.6851464435146444 0.49117647058823527 0.13179916317991633 0.06941176470588235
0 0.9769874476987448 0.4429411764705882 0.04602510460251046 0.015294117647058824
0 0.8943514644351465 0.4447058823529412 0.09832635983263599 0.02823529411764706
0 0.6077405857740585 0.4576470588235294 0.060669456066945605 0.07529411764705882
0 0.7123430962343096 0.42411764705882354 0.09832635983263599 0.04588235294117647
0 0.9246861924686193 0.4052941176470588 0.08368200836820083 0.012941176470588235
0 0.7071129707112971 0.37411764705882355 0.1506276150627615 0.0611764705882353
0 0.9435146443514645 0.29294117647058826 0.11297071129707113 0.04941176470588235
0 0.5481171548117155 0.21764705882352942 0.4309623430962343 0.047058823529411764
0 0.37552301255230125 0.19 0.06485355648535565 0.041176470588235294
0 0.49686192468619245 0.1935294117647059 0.13598326359832635 0.052941176470588235
0 0.6328451882845189 0.1988235294117647 0.34518828451882844 0.08
0 0.9801255230125523 0.13588235294117648 0.0397489539748954 0.03882352941176471
0 0.9320083682008368 0.0488235294117647 0.04811715481171548 0.0976470588235294
