0 0.9675732217573222 0.9923529411764705 0.06485355648535565 0.015294117647058824
0 0.75 0.9823529411764705 0.2698744769874477 0.03529411764705882
0 0.013598326359832637 0.9176470588235294 0.027196652719665274 0.023529411764705882
0 0.08682008368200837 0.9241176470588235 0.16527196652719664 0.06235294117647059
0 0.016736401673640166 0.8682352941176471 0.03347280334728033 0.02588235294117647
0 0.36610878661087864 0.8005882352941176 0.100418410041841 0.029411764705882353
0 0.36297071129707115 0.8235294117647058 0.25313807531380755 0.14588235294117646
0 0.2395397489539749 0.768235294117647 0.11506276150627615 0.06588235294117648
0 0.555439330543933 0.6788235294117647 0.0397489539748954 0.03294117647058824
0 0.3190376569037657 0.68 0.16108786610878661 0.03764705882352941
0 0.8577405857740585 0.6511764705882352 0.06276150627615062 0.03411764705882353
0 0.03347280334728033 0.5241176470588236 0.06694560669456066 0.024705882352941175
0 0.9822175732217573 0.47058823529411764 0.03556485355648536 0.023529411764705882
0 0.03765690376569038 0.46647058823529414 0.07531380753138076 0.029411764705882353
0 0.0502092050209205 0.41294117647058826 0.100418410041841 0.023529411764705882
0 0.9476987447698745 0.3935294117647059 0.10460251046025104 0.09294117647058824
0 0.35460251046025104 0.34705882352941175 0.05230125523012552 0.05411764705882353
0 0.028242677824267783 0.3088235294117647 0.056485355648535567 0.02
0 0.09205020920502092 0.29411764705882354 0.04602510460251046 0.018823529411764704
0 0.9832635983263598 0.24 0.03347280334728033 0.042352941176470586
0 0.5679916317991632 0.22705882352941176 0.06903765690376569 0.03058823529411765
0 0.6516736401673641 0.22705882352941176 0.08577405857740586 0.03294117647058824
0 0.7824267782426778 0.2235294117647059 0.15481171548117154 0.02823529411764706
0 0.060669456066945605 0.2323529411764706 0.12133891213389121 0.07882352941176471
0 0.7416317991631799 0.14647058823529413 0.12343096234309624 0.01764705882352941
0 0.8462343096234309 0.14294117647058824 0.08158995815899582 0.02235294117647059
