0 0.4345518867924528 0.9403765690376569 0.11202830188679246 0.03138075313807531
0 0.2529481132075472 0.9142259414225942 0.16627358490566038 0.02092050209205021
0 0.39976415094339623 0.9069037656903766 0.06839622641509434 0.027196652719665274
0 0.2205188679245283 0.7897489539748954 0.01650943396226415 0.05230125523012552
0 0.1721698113207547 0.7803347280334728 0.0330188679245283 0.05439330543933055
0 0.26827830188679247 0.696652719665272 0.1544811320754717 0.12133891213389121
0 0.02830188679245283 0.7907949790794979 0.05660377358490566 0.3179916317991632
0 0.2482311320754717 0.6150627615062761 0.02240566037735849 0.0794979079497908
0 0.2270047169811321 0.6213389121338913 0.01768867924528302 0.19246861924686193
0 0.8950471698113207 0.5052301255230126 0.10377358490566038 0.04811715481171548
0 0.30660377358490565 0.49476987447698745 0.12971698113207547 0.1401673640167364
0 0.29422169811320753 0.25627615062761505 0.07900943396226415 0.04811715481171548
0 0.3761792452830189 0.25418410041841005 0.07783018867924528 0.04811715481171548
0 0.4080188679245283 0.16317991631799164 0.0330188679245283 0.05439330543933055
0 0.37028301886792453 0.15690376569037656 0.03773584905660377 0.0794979079497908
0 0.26002358490566035 0.0502092050209205 0.05070754716981132 0.100418410041841
