0 0.01882845188284519 0.7841176470588235 0.03765690376569038 0.06705882352941177
0 0.14853556485355648 0.7741176470588236 0.11297071129707113 0.05411764705882353
0 0.14225941422594143 0.7311764705882353 0.09205020920502092 0.03176470588235294
0 0.9518828451882845 0.5305882352941177 0.09623430962343096 0.04
0 0.34309623430962344 0.44882352941176473 0.17154811715481172 0.05529411764705883
0 0.8985355648535565 0.4288235294117647 0.03138075313807531 0.04588235294117647
0 0.19874476987447698 0.4164705882352941 0.2594142259414226 0.03529411764705882
0 0.7353556485355649 0.33176470588235296 0.15690376569037656 0.04470588235294118
0 0.6715481171548117 0.30176470588235293 0.03765690376569038 0.03411764705882353
0 0.8859832635983264 0.2664705882352941 0.09832635983263599 0.07411764705882352
0 0.9822175732217573 0.10529411764705883 0.03556485355648536 0.024705882352941175
0 0.9612970711297071 0.06352941176470588 0.07740585774058577 0.023529411764705882
0 0.4581589958158996 0.041176470588235294 0.100418410041841 0.01411764705882353
0 0.1788702928870293 0.05352941176470588 0.2824267782426778 0.041176470588235294
0 0.9801255230125523 0.009411764705882352 0.0397489539748954 0.018823529411764704
