0 0.6892688679245284 0.9539748953974896 0.06485849056603774 0.0502092050209205
0 0.5 0.9518828451882845 1.0 0.09623430962343096
0 0.6226415094339622 0.9121338912133892 0.0589622641509434 0.0502092050209205
0 0.5601415094339622 0.8891213389121339 0.0589622641509434 0.05439330543933055
0 0.39327830188679247 0.8702928870292888 0.03419811320754717 0.04602510460251046
0 0.4380896226415094 0.8682008368200836 0.045990566037735846 0.04602510460251046
0 0.7553066037735849 0.8535564853556485 0.055424528301886794 0.05439330543933055
0 0.49292452830188677 0.8242677824267782 0.049528301886792456 0.03765690376569038
0 0.03773584905660377 0.5962343096234309 0.07547169811320754 0.05439330543933055
0 0.041273584905660375 0.5648535564853556 0.030660377358490566 0.02510460251046025
0 0.9587264150943396 0.48326359832635984 0.03537735849056604 0.04184100418410042
0 0.14622641509433962 0.48326359832635984 0.07783018867924528 0.0502092050209205
0 0.8514150943396226 0.4121338912133891 0.018867924528301886 0.03765690376569038
0 0.5 0.401673640167364 0.01179245283018868 0.2217573221757322
0 0.44457547169811323 0.3702928870292887 0.01179245283018868 0.2175732217573222
0 0.589622641509434 0.23744769874476987 0.014150943396226415 0.03138075313807531
0 0.5754716981132075 0.26569037656903766 0.014150943396226415 0.09623430962343096
0 0.4522405660377358 0.14435146443514643 0.06721698113207547 0.05439330543933055
0 0.24587264150943397 0.1401673640167364 0.024764150943396228 0.04602510460251046
0 0.030070754716981132 0.06799163179916318 0.060141509433962265 0.11506276150627615
