0 0.8117154811715481 0.9364705882352942 0.0502092050209205 0.021176470588235293
0 0.9414225941422594 0.9352941176470588 0.11715481171548117 0.05176470588235294
0 0.16317991631799164 0.8964705882352941 0.16736401673640167 0.023529411764705882
0 0.9696652719665272 0.88 0.060669456066945605 0.023529411764705882
0 0.26778242677824265 0.8682352941176471 0.08368200836820083 0.07529411764705882
0 0.17782426778242677 0.8241176470588235 0.06694560669456066 0.03882352941176471
0 0.9905857740585774 0.83 0.01882845188284519 0.06
0 0.2196652719665272 0.7858823529411765 0.04184100418410042 0.042352941176470586
0 0.9717573221757322 0.7811764705882352 0.027196652719665274 0.042352941176470586
0 0.9832635983263598 0.7094117647058824 0.03347280334728033 0.09411764705882353
0 0.7144351464435147 0.6241176470588236 0.5669456066945606 0.1
0 0.75 0.518235294117647 0.2280334728033473 0.06941176470588235
0 0.6569037656903766 0.3776470588235294 0.03347280334728033 0.03294117647058824
0 0.8692468619246861 0.37176470588235294 0.15271966527196654 0.03529411764705882
0 0.9571129707112971 0.28 0.08577405857740586 0.10588235294117647
0 0.10251046025104603 0.26 0.12133891213389121 0.1411764705882353
0 0.030334728033472803 0.14529411764705882 0.060669456066945605 0.05764705882352941
0 0.3002092050209205 0.12117647058823529 0.05230125523012552 0.011764705882352941
0 0.7196652719665272 0.19 0.29707112970711297 0.18
0 0.9006276150627615 0.02235294117647059 0.0397489539748954 0.04470588235294118
