0 0.35460251046025104 0.8164705882352942 0.0899581589958159 0.03294117647058824
0 0.3064853556485356 0.741764705882353 0.10669456066945607 0.18235294117647058
0 0.3922594142259414 0.48411764705882354 0.13179916317991633 0.04588235294117647
0 0.3138075313807531 0.4435294117647059 0.12552301255230125 0.03294117647058824
0 0.3389121338912134 0.4229411764705882 0.1589958158995816 0.07411764705882352
0 0.09309623430962342 0.42411764705882354 0.18619246861924685 0.09294117647058824
0 0.5366108786610879 0.3658823529411765 0.060669456066945605 0.01647058823529412
0 0.6600418410041841 0.31176470588235294 0.08577405857740586 0.04941176470588235
0 0.30857740585774057 0.3052941176470588 0.08158995815899582 0.0811764705882353
0 0.4790794979079498 0.3164705882352941 0.1799163179916318 0.11058823529411765
0 0.6600418410041841 0.26705882352941174 0.1192468619246862 0.03294117647058824
0 0.6370292887029289 0.2464705882352941 0.08577405857740586 0.02
0 0.7133891213389121 0.23941176470588235 0.08368200836820083 0.02235294117647059
0 0.2719665271966527 0.23529411764705882 0.04602510460251046 0.018823529411764704
0 0.9163179916317992 0.23529411764705882 0.08368200836820083 0.02823529411764706
0 0.850418410041841 0.21705882352941178 0.06903765690376569 0.02235294117647059
0 0.2907949790794979 0.20823529411764705 0.21338912133891214 0.047058823529411764
0 0.9738493723849372 0.2011764705882353 0.05230125523012552 0.03764705882352941
0 0.5240585774058577 0.19 0.09832635983263599 0.036470588235294116
0 0.1684100418410042 0.07352941176470588 0.08577405857740586 0.029411764705882353
0 0.3075313807531381 0.06529411764705882 0.09623430962343096 0.02235294117647059
0 0.5910041841004184 0.060588235294117644 0.2196652719665272 0.04823529411764706
0 0.03138075313807531 0.03764705882352941 0.06276150627615062 0.0611764705882353
0 0.893305439330544 0.028823529411764706 0.15481171548117154 0.05764705882352941
0 0.7897489539748954 0.03294117647058824 0.04811715481171548 0.06588235294117648
0 0.4205020920502092 0.031176470588235295 0.10460251046025104 0.06235294117647059
0 0.08158995815899582 0.033529411764705884 0.08786610878661087 0.06705882352941177
