0 0.7238493723849372 0.6082352941176471 0.058577405857740586 0.023529411764705882
0 0.75 0.5682352941176471 0.027196652719665274 0.02588235294117647
0 0.9267782426778243 0.4864705882352941 0.029288702928870293 0.04588235294117647
0 0.8253138075313807 0.3241176470588235 0.13598326359832635 0.07647058823529412
0 0.5439330543933054 0.22411764705882353 0.19665271966527198 0.04588235294117647
0 0.4696652719665272 0.17529411764705882 0.05230125523012552 0.04470588235294118
0 0.5418410041841004 0.19941176470588234 0.2217573221757322 0.10941176470588235
0 0.2280334728033473 0.054705882352941174 0.03765690376569038 0.02235294117647059
0 0.11401673640167365 0.07529411764705882 0.16108786610878661 0.06588235294117648
0 0.3023012552301255 0.042352941176470586 0.09414225941422594 0.03529411764705882
0 0.5052301255230126 0.031176470588235295 0.15690376569037656 0.06235294117647059
0 0.39435146443514646 0.04411764705882353 0.04811715481171548 0.08823529411764706
