0 0.448744769874477 0.8952941176470588 0.1108786610878661 0.03529411764705882
0 0.6610878661087866 0.8 0.2510460251046025 0.05411764705882353
0 0.49686192468619245 0.8252941176470588 0.26569037656903766 0.12117647058823529
0 0.7635983263598326 0.5352941176470588 0.07112970711297072 0.02588235294117647
0 0.7887029288702929 0.4929411764705882 0.04602510460251046 0.018823529411764704
0 0.4215481171548117 0.48411764705882354 0.05230125523012552 0.04588235294117647
0 0.5502092050209205 0.4747058823529412 0.11715481171548117 0.04352941176470588
0 0.8274058577405857 0.4252941176470588 0.03138075313807531 0.02
0 0.043933054393305436 0.4235294117647059 0.08786610878661087 0.05176470588235294
0 0.8378661087866108 0.4023529411764706 0.08577405857740586 0.011764705882352941
0 0.854602510460251 0.3658823529411765 0.17364016736401675 0.06823529411764706
0 0.08577405857740586 0.2858823529411765 0.17154811715481172 0.08235294117647059
0 0.74581589958159 0.2535294117647059 0.09414225941422594 0.07411764705882352
0 0.9382845188284519 0.29823529411764704 0.12343096234309624 0.20352941176470588
0 0.7824267782426778 0.19941176470588234 0.0502092050209205 0.02
0 0.8786610878661087 0.2464705882352941 0.100418410041841 0.1376470588235294
0 0.060669456066945605 0.1776470588235294 0.04602510460251046 0.04470588235294118
