0 0.8378661087866108 0.9376470588235294 0.05230125523012552 0.021176470588235293
0 0.9539748953974896 0.9358823529411765 0.09205020920502092 0.052941176470588235
0 0.19769874476987448 0.9 0.16527196652719664 0.021176470588235293
0 0.8671548117154811 0.8870588235294118 0.0397489539748954 0.042352941176470586
0 0.301255230125523 0.8705882352941177 0.0794979079497908 0.07529411764705882
0 0.2112970711297071 0.8264705882352941 0.06694560669456066 0.03882352941176471
0 0.25418410041841005 0.7870588235294118 0.0397489539748954 0.04
0 0.9916317991631799 0.7829411764705883 0.016736401673640166 0.041176470588235294
0 0.7217573221757322 0.6370588235294118 0.5397489539748954 0.12117647058823529
0 0.7771966527196653 0.518235294117647 0.22384937238493724 0.06
0 0.891213389121339 0.3764705882352941 0.1506276150627615 0.03529411764705882
0 0.948744769874477 0.2788235294117647 0.10251046025104603 0.10588235294117647
0 0.10251046025104603 0.2611764705882353 0.12133891213389121 0.1411764705882353
0 0.301255230125523 0.12176470588235294 0.05439330543933055 0.010588235294117647
0 0.030334728033472803 0.14529411764705882 0.060669456066945605 0.05764705882352941
0 0.7175732217573222 0.19058823529411764 0.2928870292887029 0.17882352941176471
0 0.8964435146443515 0.023529411764705882 0.03556485355648536 0.047058823529411764
