0 0.7175732217573222 0.8935294117647059 0.07112970711297072 0.09294117647058824
0 0.33577405857740583 0.7523529411764706 0.04811715481171548 0.027058823529411764
0 0.5857740585774058 0.711764705882353 0.06694560669456066 0.06823529411764706
0 0.46338912133891214 0.7041176470588235 0.060669456066945605 0.06470588235294118
0 0.32112970711297073 0.6870588235294117 0.060669456066945605 0.042352941176470586
0 0.7133891213389121 0.6541176470588236 0.03347280334728033 0.058823529411764705
0 0.9058577405857741 0.6258823529411764 0.13389121338912133 0.02823529411764706
0 0.4916317991631799 0.6347058823529412 0.06276150627615062 0.06235294117647059
0 0.3169456066945607 0.6235294117647059 0.056485355648535567 0.05647058823529412
0 0.7594142259414226 0.48176470588235293 0.09623430962343096 0.06941176470588235
0 0.9142259414225942 0.4811764705882353 0.17154811715481172 0.11764705882352941
0 0.23326359832635984 0.4323529411764706 0.027196652719665274 0.024705882352941175
0 0.6317991631799164 0.35 0.17573221757322174 0.06705882352941177
0 0.5198744769874477 0.35 0.4205020920502092 0.08352941176470588
0 0.35355648535564854 0.3276470588235294 0.058577405857740586 0.041176470588235294
