0 0.07900943396226415 0.9163179916317992 0.05660377358490566 0.0502092050209205
0 0.5306603773584906 0.858786610878661 0.02830188679245283 0.12343096234309624
0 0.5990566037735849 0.7782426778242678 0.02122641509433962 0.06276150627615062
0 0.8408018867924528 0.702928870292887 0.030660377358490566 0.03765690376569038
0 0.7948113207547169 0.7039748953974896 0.03537735849056604 0.05230125523012552
0 0.09610849056603774 0.6652719665271967 0.02240566037735849 0.05439330543933055
0 0.8089622641509434 0.6244769874476988 0.02830188679245283 0.09414225941422594
0 0.9811320754716981 0.5836820083682008 0.02830188679245283 0.06276150627615062
0 0.4321933962264151 0.5679916317991632 0.18985849056603774 0.060669456066945605
0 0.7323113207547169 0.6422594142259415 0.054245283018867926 0.30962343096234307
0 0.7930424528301887 0.47175732217573224 0.060141509433962265 0.05230125523012552
0 0.8691037735849056 0.5397489539748954 0.09669811320754718 0.3054393305439331
0 0.06780660377358491 0.36401673640167365 0.03419811320754717 0.02510460251046025
0 0.6096698113207547 0.34205020920502094 0.03773584905660377 0.04811715481171548
0 0.6114386792452831 0.27824267782426776 0.036556603773584904 0.03765690376569038
0 0.3579009433962264 0.3002092050209205 0.024764150943396228 0.0899581589958159
0 0.0972877358490566 0.17677824267782427 0.04834905660377359 0.04811715481171548
0 0.015330188679245283 0.14539748953974896 0.030660377358490566 0.03556485355648536
