0 0.7259414225941423 0.7841176470588235 0.0502092050209205 0.09294117647058824
0 0.9853556485355649 0.7376470588235294 0.029288702928870293 0.06588235294117648
0 0.446652719665272 0.5617647058823529 0.0397489539748954 0.04588235294117647
0 0.3075313807531381 0.57 0.23430962343096234 0.07176470588235294
0 0.48640167364016734 0.5452941176470588 0.03138075313807531 0.041176470588235294
0 0.5303347280334728 0.5476470588235294 0.056485355648535567 0.04823529411764706
0 0.09414225941422594 0.5823529411764706 0.18828451882845187 0.12470588235294118
0 0.5617154811715481 0.5252941176470588 0.03556485355648536 0.024705882352941175
0 0.5 0.4788235294117647 0.28870292887029286 0.009411764705882352
0 0.13807531380753138 0.35411764705882354 0.27615062761506276 0.01411764705882353
0 0.4225941422594142 0.3311764705882353 0.2803347280334728 0.03411764705882353
0 0.0502092050209205 0.32529411764705884 0.06276150627615062 0.04352941176470588
0 0.12343096234309624 0.32235294117647056 0.058577405857740586 0.047058823529411764
0 0.6841004184100419 0.22941176470588234 0.200836820083682 0.042352941176470586
0 0.5209205020920502 0.06647058823529411 0.04184100418410042 0.01764705882352941
0 0.42573221757322177 0.03529411764705882 0.1108786610878661 0.07058823529411765
