0 0.6739386792452831 0.948744769874477 0.09551886792452831 0.060669456066945605
0 0.5277122641509434 0.9330543933054394 0.036556603773584904 0.09623430962343096
0 0.6650943396226415 0.8807531380753139 0.23113207547169812 0.04602510460251046
0 0.2016509433962264 0.8880753138075314 0.06367924528301887 0.1108786610878661
0 0.9540094339622641 0.8483263598326359 0.07311320754716981 0.15690376569037656
0 0.7800707547169812 0.7897489539748954 0.07193396226415094 0.056485355648535567
0 0.8042452830188679 0.7395397489539749 0.01650943396226415 0.043933054393305436
0 0.6957547169811321 0.7217573221757322 0.01650943396226415 0.03347280334728033
0 0.5966981132075472 0.7311715481171548 0.04716981132075472 0.09832635983263599
0 0.7889150943396226 0.6997907949790795 0.09198113207547169 0.14853556485355648
0 0.8119103773584906 0.645397489539749 0.06485849056603774 0.06903765690376569
0 0.039504716981132074 0.6391213389121339 0.05070754716981132 0.08158995815899582
0 0.6969339622641509 0.6809623430962343 0.09669811320754718 0.21548117154811716
0 0.6167452830188679 0.6108786610878661 0.025943396226415096 0.08786610878661087
0 0.9316037735849056 0.5753138075313807 0.06839622641509434 0.07112970711297072
0 0.8655660377358491 0.5523012552301255 0.02122641509433962 0.0502092050209205
0 0.20577830188679244 0.6108786610878661 0.09787735849056604 0.19246861924686193
0 0.42865566037735847 0.5847280334728033 0.036556603773584904 0.15271966527196654
0 0.263561320754717 0.5115062761506276 0.09080188679245282 0.06485355648535565
0 0.7712264150943396 0.46548117154811713 0.12264150943396226 0.08577405857740586
0 0.6474056603773585 0.46548117154811713 0.3891509433962264 0.11506276150627615
0 0.9852594339622641 0.38389121338912136 0.0294811320754717 0.08158995815899582
0 0.9145047169811321 0.30857740585774057 0.03891509433962264 0.03556485355648536
0 0.11851415094339622 0.27615062761506276 0.1474056603773585 0.03347280334728033
0 0.8390330188679245 0.24686192468619247 0.024764150943396228 0.05439330543933055
0 0.039504716981132074 0.22384937238493724 0.07900943396226415 0.029288702928870293
0 0.9681603773584906 0.3284518828451883 0.06367924528301887 0.24686192468619247
0 0.5218160377358491 0.19456066945606695 0.02240566037735849 0.06276150627615062
0 0.5819575471698113 0.1506276150627615 0.07429245283018868 0.06694560669456066
0 0.4369103773584906 0.13598326359832635 0.027122641509433963 0.03765690376569038
0 0.2824292452830189 0.08158995815899582 0.020047169811320754 0.05439330543933055
0 0.31898584905660377 0.038702928870292884 0.1332547169811321 0.07740585774058577
0 0.22346698113207547 0.04184100418410042 0.11202830188679246 0.08368200836820083
0 0.05365566037735849 0.016736401673640166 0.05306603773584906 0.03347280334728033
