0 0.9686192468619247 0.9941176470588236 0.06276150627615062 0.011764705882352941
0 0.13598326359832635 0.8552941176470589 0.12552301255230125 0.05411764705882353
0 0.3817991631799163 0.8470588235294118 0.056485355648535567 0.047058823529411764
0 0.23117154811715482 0.7911764705882353 0.05230125523012552 0.02235294117647059
0 0.038702928870292884 0.7458823529411764 0.043933054393305436 0.023529411764705882
0 0.3723849372384937 0.7611764705882353 0.14644351464435146 0.11058823529411765
0 0.1589958158995816 0.72 0.07531380753138076 0.06588235294117648
0 0.6527196652719666 0.4923529411764706 0.1799163179916318 0.10235294117647059
0 0.9769874476987448 0.4423529411764706 0.04602510460251046 0.01647058823529412
0 0.8943514644351465 0.4441176470588235 0.09832635983263599 0.029411764705882353
0 0.7165271966527197 0.4435294117647059 0.07322175732217573 0.042352941176470586
0 0.9257322175732218 0.4047058823529412 0.08158995815899582 0.01411764705882353
0 0.7207112970711297 0.3976470588235294 0.1108786610878661 0.047058823529411764
0 0.6516736401673641 0.37411764705882355 0.060669456066945605 0.03294117647058824
0 0.9456066945606695 0.2923529411764706 0.1087866108786611 0.05058823529411765
0 0.45083682008368203 0.2288235294117647 0.26569037656903766 0.024705882352941175
0 0.3608786610878661 0.19705882352941176 0.06485355648535565 0.041176470588235294
0 0.6056485355648535 0.2088235294117647 0.399581589958159 0.09058823529411765
0 0.9790794979079498 0.13470588235294118 0.04184100418410042 0.03882352941176471
0 0.9361924686192469 0.05352941176470588 0.0397489539748954 0.1
