0 0.13912133891213388 0.7276470588235294 0.13179916317991633 0.05764705882352941
0 0.07531380753138076 0.6141176470588235 0.1506276150627615 0.042352941176470586
0 0.9267782426778243 0.5052941176470588 0.14644351464435146 0.04352941176470588
0 0.2102510460251046 0.44176470588235295 0.06903765690376569 0.02235294117647059
0 0.2824267782426778 0.44058823529411767 0.19665271966527198 0.0811764705882353
0 0.14748953974895398 0.41705882352941176 0.27824267782426776 0.04588235294117647
0 0.856694560669456 0.3941176470588235 0.08158995815899582 0.08235294117647059
0 0.6684100418410042 0.30470588235294116 0.16108786610878661 0.047058823529411764
0 0.8399581589958159 0.2464705882352941 0.15690376569037656 0.06941176470588235
0 0.9602510460251046 0.06705882352941177 0.0794979079497908 0.03529411764705882
0 0.946652719665272 0.028823529411764706 0.10669456066945607 0.024705882352941175
0 0.15376569037656904 0.027647058823529413 0.24476987447698745 0.03176470588235294
0 0.4121338912133891 0.017058823529411765 0.09205020920502092 0.01764705882352941
0 0.7343096234309623 0.03764705882352941 0.16317991631799164 0.07529411764705882
