0 0.6516736401673641 0.66 0.07740585774058577 0.011764705882352941
0 0.5794979079497908 0.5270588235294118 0.0794979079497908 0.07529411764705882
0 0.9006276150627615 0.49941176470588233 0.06485355648535565 0.02235294117647059
0 0.45083682008368203 0.5076470588235295 0.09414225941422594 0.06470588235294118
0 0.9874476987447699 0.4252941176470588 0.02510460251046025 0.04352941176470588
0 0.015690376569037656 0.4123529411764706 0.03138075313807531 0.029411764705882353
0 0.9225941422594143 0.41 0.12133891213389121 0.05058823529411765
0 0.0899581589958159 0.33294117647058824 0.1799163179916318 0.07529411764705882
0 0.05439330543933055 0.19470588235294117 0.1087866108786611 0.02235294117647059
0 0.27405857740585776 0.18823529411764706 0.05439330543933055 0.03058823529411765
0 0.07217573221757322 0.08294117647058824 0.14435146443514643 0.02235294117647059
0 0.25 0.08 0.06903765690376569 0.021176470588235293
0 0.37343096234309625 0.07823529411764706 0.10669456066945607 0.02
