0 0.012552301255230125 0.8047058823529412 0.02510460251046025 0.03294117647058824
0 0.16422594142259414 0.8005882352941176 0.1108786610878661 0.05529411764705883
0 0.16422594142259414 0.7511764705882353 0.1401673640167364 0.05764705882352941
0 0.7573221757322176 0.6835294117647058 0.0502092050209205 0.03294117647058824
0 0.9309623430962343 0.49941176470588233 0.13807531380753138 0.041176470588235294
0 0.23430962343096234 0.4647058823529412 0.1087866108786611 0.02823529411764706
0 0.8650627615062761 0.3911764705882353 0.056485355648535567 0.08823529411764706
0 0.7018828451882845 0.3241176470588235 0.16108786610878661 0.04588235294117647
0 0.8472803347280334 0.24235294117647058 0.1297071129707113 0.07058823529411765
0 0.9236401673640168 0.060588235294117644 0.15271966527196654 0.036470588235294116
0 0.9424686192468619 0.022941176470588236 0.11506276150627615 0.024705882352941175
0 0.40690376569037656 0.013529411764705882 0.10669456066945607 0.015294117647058824
0 0.151673640167364 0.022941176470588236 0.23640167364016737 0.03411764705882353
0 0.747907949790795 0.03882352941176471 0.09832635983263599 0.07764705882352942
