0 0.6715481171548117 0.8129411764705883 0.07112970711297072 0.023529411764705882
0 0.8535564853556485 0.7941176470588235 0.19246861924686193 0.023529411764705882
0 0.5010460251046025 0.7941176470588235 0.1108786610878661 0.03529411764705882
0 0.3399581589958159 0.7358823529411764 0.10251046025104603 0.02235294117647059
0 0.5784518828451883 0.6941176470588235 0.15271966527196654 0.03764705882352941
0 0.9633891213389121 0.6841176470588235 0.07322175732217573 0.04823529411764706
0 0.33158995815899583 0.49411764705882355 0.027196652719665274 0.04
0 0.27405857740585776 0.49470588235294116 0.07112970711297072 0.05529411764705883
0 0.9654811715481172 0.4294117647058823 0.043933054393305436 0.04
0 0.32322175732217573 0.4117647058823529 0.10669456066945607 0.021176470588235293
0 0.4351464435146444 0.4111764705882353 0.10460251046025104 0.02235294117647059
