0 0.9186320754716981 0.854602510460251 0.16273584905660377 0.10669456066945607
0 0.9292452830188679 0.8389121338912134 0.14150943396226415 0.09205020920502092
0 0.17688679245283018 0.8221757322175732 0.07547169811320754 0.06276150627615062
0 0.07783018867924528 0.8106694560669456 0.06367924528301887 0.04811715481171548
0 0.9610849056603774 0.7949790794979079 0.03773584905660377 0.04184100418410042
0 0.625 0.6642259414225942 0.018867924528301886 0.12761506276150628
0 0.039504716981132074 0.6663179916317992 0.036556603773584904 0.23640167364016737
0 0.8007075471698113 0.5387029288702929 0.049528301886792456 0.027196652719665274
0 0.4652122641509434 0.5993723849372385 0.14504716981132076 0.21548117154811716
0 0.9551886792452831 0.47489539748953974 0.04716981132075472 0.0502092050209205
0 0.7069575471698113 0.45502092050209203 0.11438679245283019 0.20292887029288703
0 0.6904481132075472 0.34518828451882844 0.10966981132075472 0.016736401673640166
0 0.8107311320754716 0.34518828451882844 0.07193396226415094 0.02092050209205021
0 0.5778301886792453 0.33368200836820083 0.09198113207547169 0.03556485355648536
0 0.8042452830188679 0.3054393305439331 0.08490566037735849 0.058577405857740586
0 0.9575471698113207 0.32112970711297073 0.08490566037735849 0.10251046025104603
0 0.47287735849056606 0.3190376569037657 0.04245283018867924 0.10669456066945607
0 0.8018867924528302 0.24476987447698745 0.08254716981132075 0.058577405857740586
0 0.7081367924528302 0.2688284518828452 0.14268867924528303 0.16108786610878661
0 0.24941037735849056 0.1600418410041841 0.07900943396226415 0.043933054393305436
0 0.8036556603773585 0.1098326359832636 0.0695754716981132 0.03556485355648536
0 0.7423349056603774 0.06694560669456066 0.07193396226415094 0.0502092050209205
0 0.5790094339622641 0.09518828451882845 0.1320754716981132 0.12761506276150628
0 0.7794811320754716 0.0502092050209205 0.018867924528301886 0.04184100418410042
0 0.0607311320754717 0.06903765690376569 0.1214622641509434 0.09205020920502092
0 0.4428066037735849 0.07426778242677824 0.13089622641509435 0.14853556485355648
