0 0.04707112970711297 0.9776470588235294 0.09414225941422594 0.04470588235294118
0 0.897489539748954 0.7976470588235294 0.1506276150627615 0.04
0 0.891213389121339 0.6688235294117647 0.1506276150627615 0.06235294117647059
0 0.9152719665271967 0.5811764705882353 0.07740585774058577 0.023529411764705882
0 0.8399581589958159 0.5117647058823529 0.03138075313807531 0.021176470588235293
0 0.9853556485355649 0.3305882352941176 0.029288702928870293 0.042352941176470586
0 0.16736401673640167 0.31823529411764706 0.03765690376569038 0.06705882352941177
0 0.25 0.3029411764705882 0.043933054393305436 0.07882352941176471
0 0.5292887029288703 0.23529411764705882 0.24686192468619247 0.02588235294117647
0 0.9184100418410042 0.20294117647058824 0.07531380753138076 0.036470588235294116
0 0.9853556485355649 0.18823529411764706 0.029288702928870293 0.03764705882352941
0 0.5156903765690377 0.20352941176470588 0.20292887029288703 0.06823529411764706
0 0.6150627615062761 0.1935294117647059 0.1506276150627615 0.05764705882352941
0 0.9110878661087866 0.13352941176470587 0.060669456066945605 0.015294117647058824
0 0.4456066945606695 0.13941176470588235 0.07112970711297072 0.06470588235294118
0 0.5460251046025104 0.15529411764705883 0.32217573221757323 0.13176470588235295
0 0.9288702928870293 0.06 0.14225941422594143 0.03058823529411765
0 0.9288702928870293 0.019411764705882354 0.14225941422594143 0.03882352941176471
