0 0.6610878661087866 0.8847058823529412 0.14225941422594143 0.042352941176470586
0 0.698744769874477 0.8541176470588235 0.2301255230125523 0.07058823529411765
0 0.05439330543933055 0.8794117647058823 0.0794979079497908 0.1376470588235294
0 0.8514644351464435 0.7564705882352941 0.13389121338912133 0.11058823529411765
0 0.9341004184100419 0.7070588235294117 0.13179916317991633 0.023529411764705882
0 0.9560669456066946 0.6294117647058823 0.08368200836820083 0.018823529411764704
0 0.8765690376569037 0.48176470588235293 0.058577405857740586 0.01764705882352941
0 0.10774058577405858 0.4411764705882353 0.21548117154811716 0.04470588235294118
0 0.9205020920502092 0.4364705882352941 0.1589958158995816 0.10823529411764705
0 0.42677824267782427 0.3888235294117647 0.25523012552301255 0.036470588235294116
0 0.1903765690376569 0.35352941176470587 0.06276150627615062 0.06235294117647059
0 0.6861924686192469 0.33941176470588236 0.03347280334728033 0.052941176470588235
0 0.09832635983263599 0.35411764705882354 0.19665271966527198 0.10823529411764705
0 0.647489539748954 0.3323529411764706 0.13179916317991633 0.08352941176470588
0 0.2301255230125523 0.2817647058823529 0.4602510460251046 0.06235294117647059
0 0.09728033472803348 0.26235294117647057 0.04811715481171548 0.04941176470588235
0 0.19560669456066945 0.25588235294117645 0.04811715481171548 0.05058823529411765
0 0.6401673640167364 0.24764705882352941 0.09205020920502092 0.04588235294117647
0 0.23430962343096234 0.2447058823529412 0.0502092050209205 0.042352941176470586
0 0.6380753138075314 0.24705882352941178 0.12552301255230125 0.0611764705882353
0 0.6715481171548117 0.15823529411764706 0.19246861924686193 0.05529411764705883
0 0.9257322175732218 0.10411764705882352 0.1192468619246862 0.015294117647058824
0 0.5962343096234309 0.11529411764705882 0.0502092050209205 0.047058823529411764
0 0.6485355648535565 0.13647058823529412 0.19246861924686193 0.11529411764705882
0 0.8661087866108786 0.015294117647058824 0.04184100418410042 0.03058823529411765
0 0.7824267782426778 0.01411764705882353 0.07531380753138076 0.02823529411764706
0 0.1694560669456067 0.011176470588235295 0.03347280334728033 0.02235294117647059
