0 0.8786610878661087 0.8229411764705883 0.09623430962343096 0.03411764705882353
0 0.8807531380753139 0.7870588235294118 0.1589958158995816 0.03764705882352941
0 0.899581589958159 0.7394117647058823 0.08786610878661087 0.03176470588235294
0 0.8891213389121339 0.6135294117647059 0.13807531380753138 0.09529411764705882
0 0.060669456066945605 0.601764705882353 0.12133891213389121 0.09529411764705882
0 0.9142259414225942 0.4764705882352941 0.17154811715481172 0.03529411764705882
0 0.948744769874477 0.4588235294117647 0.10251046025104603 0.01647058823529412
0 0.3723849372384937 0.4511764705882353 0.0502092050209205 0.08588235294117647
0 0.4476987447698745 0.4423529411764706 0.04184100418410042 0.08941176470588236
0 0.6485355648535565 0.41294117647058826 0.1087866108786611 0.10588235294117647
0 0.24790794979079497 0.3835294117647059 0.01882845188284519 0.05647058823529412
0 0.21234309623430964 0.43058823529411766 0.08577405857740586 0.15529411764705883
0 0.08891213389121339 0.3652941176470588 0.15690376569037656 0.03176470588235294
0 0.14853556485355648 0.3023529411764706 0.0794979079497908 0.042352941176470586
0 0.01882845188284519 0.28352941176470586 0.03765690376569038 0.03294117647058824
0 0.7144351464435147 0.25941176470588234 0.09832635983263599 0.03882352941176471
0 0.6317991631799164 0.2511764705882353 0.09205020920502092 0.041176470588235294
