0 0.49267782426778245 0.8188235294117647 0.2615062761506276 0.1223529411764706
0 0.9895397489539749 0.5982352941176471 0.02092050209205021 0.04352941176470588
0 0.19769874476987448 0.558235294117647 0.0899581589958159 0.052941176470588235
0 0.36297071129707115 0.548235294117647 0.0899581589958159 0.04941176470588235
0 0.28451882845188287 0.5494117647058824 0.08368200836820083 0.05176470588235294
0 0.10564853556485355 0.558235294117647 0.09832635983263599 0.07176470588235294
0 0.4560669456066946 0.5423529411764706 0.09623430962343096 0.06588235294117648
0 0.5794979079497908 0.5417647058823529 0.18410041841004185 0.06705882352941177
0 0.9497907949790795 0.5023529411764706 0.100418410041841 0.1223529411764706
0 0.4571129707112971 0.2711764705882353 0.0397489539748954 0.02
0 0.7081589958158996 0.2711764705882353 0.1903765690376569 0.04352941176470588
0 0.303347280334728 0.15176470588235294 0.12552301255230125 0.03764705882352941
0 0.4811715481171548 0.1511764705882353 0.2594142259414226 0.07882352941176471
0 0.9079497907949791 0.09705882352941177 0.029288702928870293 0.01764705882352941
0 0.8023012552301255 0.11294117647058824 0.16108786610878661 0.06823529411764706
0 0.29497907949790797 0.08176470588235295 0.08368200836820083 0.06941176470588235
0 0.8619246861924686 0.03 0.14644351464435146 0.029411764705882353
0 0.4351464435146444 0.04588235294117647 0.12133891213389121 0.08
0 0.25732217573221755 0.022941176470588236 0.07531380753138076 0.03882352941176471
0 0.7573221757322176 0.012941176470588235 0.07112970711297072 0.02588235294117647
