0 0.36297071129707115 0.7517647058823529 0.06903765690376569 0.021176470588235293
0 0.3880753138075314 0.6894117647058824 0.014644351464435146 0.04
0 0.8347280334728033 0.6935294117647058 0.0502092050209205 0.06941176470588235
0 0.6161087866108786 0.6905882352941176 0.05230125523012552 0.06823529411764706
0 0.7322175732217573 0.6717647058823529 0.08786610878661087 0.03764705882352941
0 0.9079497907949791 0.6535294117647059 0.06276150627615062 0.012941176470588235
0 0.08263598326359832 0.5111764705882353 0.1192468619246862 0.26705882352941174
0 0.5951882845188284 0.3623529411764706 0.1401673640167364 0.04
0 0.5387029288702929 0.3341176470588235 0.03138075313807531 0.03058823529411765
0 0.1589958158995816 0.26705882352941174 0.05439330543933055 0.07529411764705882
0 0.4121338912133891 0.25470588235294117 0.06694560669456066 0.05764705882352941
0 0.19769874476987448 0.2529411764705882 0.0397489539748954 0.05647058823529412
0 0.8650627615062761 0.17294117647058824 0.060669456066945605 0.009411764705882352
0 0.8430962343096234 0.13705882352941176 0.06694560669456066 0.01764705882352941
0 0.9225941422594143 0.14411764705882352 0.03765690376569038 0.08588235294117647
