0 0.7196652719665272 0.941764705882353 0.0794979079497908 0.11647058823529412
0 0.9560669456066946 0.7711764705882352 0.08786610878661087 0.04823529411764706
0 0.8190376569037657 0.7688235294117647 0.11506276150627615 0.07176470588235294
0 0.9780334728033473 0.6364705882352941 0.043933054393305436 0.042352941176470586
0 0.3797071129707113 0.6123529411764705 0.21548117154811716 0.052941176470588235
0 0.5826359832635983 0.5782352941176471 0.06903765690376569 0.02235294117647059
0 0.9895397489539749 0.4776470588235294 0.02092050209205021 0.03294117647058824
0 0.5962343096234309 0.4176470588235294 0.06276150627615062 0.011764705882352941
0 0.42573221757322177 0.4188235294117647 0.15690376569037656 0.01647058823529412
0 0.9069037656903766 0.38529411764705884 0.09832635983263599 0.01764705882352941
0 0.6757322175732218 0.38941176470588235 0.03347280334728033 0.02588235294117647
0 0.6286610878661087 0.38 0.03556485355648536 0.042352941176470586
0 0.5847280334728033 0.3788235294117647 0.0397489539748954 0.042352941176470586
0 0.5303347280334728 0.37823529411764706 0.04811715481171548 0.04352941176470588
0 0.46548117154811713 0.3776470588235294 0.06485355648535565 0.04470588235294118
0 0.4121338912133891 0.3770588235294118 0.016736401673640166 0.04352941176470588
0 0.36506276150627615 0.3770588235294118 0.056485355648535567 0.04352941176470588
0 0.29497907949790797 0.3776470588235294 0.06276150627615062 0.04470588235294118
0 0.5387029288702929 0.3341176470588235 0.12343096234309624 0.02823529411764706
0 0.9382845188284519 0.26941176470588235 0.12343096234309624 0.03294117647058824
0 0.034518828451882845 0.26176470588235295 0.06903765690376569 0.02
0 0.6192468619246861 0.26529411764705885 0.07531380753138076 0.06235294117647059
0 0.5198744769874477 0.25529411764705884 0.02301255230125523 0.04470588235294118
0 0.350418410041841 0.26 0.0899581589958159 0.0611764705882353
0 0.5679916317991632 0.25529411764705884 0.03556485355648536 0.05411764705882353
0 0.42677824267782427 0.25058823529411767 0.06694560669456066 0.05647058823529412
0 0.48326359832635984 0.2488235294117647 0.02510460251046025 0.05529411764705883
0 0.9435146443514645 0.22705882352941176 0.11297071129707113 0.05647058823529412
0 0.9456066945606695 0.18176470588235294 0.10460251046025104 0.01764705882352941
0 0.06380753138075314 0.0976470588235294 0.12761506276150628 0.07058823529411765
0 0.6391213389121339 0.05058823529411765 0.38702928870292885 0.08
0 0.058577405857740586 0.01764705882352941 0.02510460251046025 0.021176470588235293
0 0.09623430962343096 0.02 0.03347280334728033 0.04
