0 0.7615062761506276 0.6994117647058824 0.0794979079497908 0.012941176470588235
0 0.6297071129707112 0.6958823529411765 0.06694560669456066 0.010588235294117647
0 0.48430962343096234 0.53 0.19456066945606695 0.06235294117647059
0 0.952928870292887 0.4835294117647059 0.09414225941422594 0.011764705882352941
0 0.9790794979079498 0.4423529411764706 0.04184100418410042 0.05647058823529412
0 0.013598326359832637 0.4164705882352941 0.027196652719665274 0.023529411764705882
0 0.897489539748954 0.4264705882352941 0.12552301255230125 0.05058823529411765
0 0.08786610878661087 0.3247058823529412 0.17573221757322174 0.05411764705882353
0 0.04811715481171548 0.19705882352941176 0.09623430962343096 0.02235294117647059
0 0.06485355648535565 0.08470588235294117 0.1297071129707113 0.021176470588235293
