0 0.26464435146443516 0.9482352941176471 0.09414225941422594 0.01647058823529412
0 0.4320083682008368 0.9347058823529412 0.19874476987447698 0.02
0 0.9602510460251046 0.6141176470588235 0.0794979079497908 0.021176470588235293
0 0.8817991631799164 0.48294117647058826 0.056485355648535567 0.015294117647058824
0 0.5460251046025104 0.31470588235294117 0.02510460251046025 0.036470588235294116
0 0.5125523012552301 0.30117647058823527 0.0502092050209205 0.08470588235294117
0 0.06276150627615062 0.20529411764705882 0.12552301255230125 0.04352941176470588
0 0.18723849372384938 0.2523529411764706 0.20292887029288703 0.14705882352941177
0 0.1705020920502092 0.14176470588235293 0.03138075313807531 0.08352941176470588
0 0.049163179916317995 0.11470588235294117 0.09832635983263599 0.03411764705882353
0 0.854602510460251 0.11294117647058824 0.11506276150627615 0.04
0 0.6464435146443515 0.10882352941176471 0.1087866108786611 0.04352941176470588
0 0.4372384937238494 0.11058823529411765 0.1087866108786611 0.047058823529411764
0 0.04079497907949791 0.09647058823529411 0.08158995815899582 0.018823529411764704
0 0.24686192468619247 0.10764705882352942 0.11297071129707113 0.04352941176470588
0 0.35355648535564854 0.11176470588235295 0.02092050209205021 0.11058823529411765
