0 0.5 0.9602510460251046 1.0 0.0794979079497908
0 0.05778301886792453 0.897489539748954 0.014150943396226415 0.13807531380753138
0 0.6627358490566038 0.7698744769874477 0.030660377358490566 0.05439330543933055
0 0.6892688679245284 0.7635983263598326 0.020047169811320754 0.0502092050209205
0 0.7417452830188679 0.747907949790795 0.01650943396226415 0.04811715481171548
0 0.6196933962264151 0.6589958158995816 0.015330188679245283 0.04602510460251046
0 0.8260613207547169 0.49686192468619245 0.02240566037735849 0.1108786610878661
0 0.6332547169811321 0.12552301255230125 0.08962264150943396 0.09623430962343096
0 0.4699292452830189 0.02510460251046025 0.03419811320754717 0.029288702928870293
0 0.9127358490566038 0.03347280334728033 0.08490566037735849 0.06694560669456066
0 0.42452830188679247 0.013598326359832637 0.05660377358490566 0.027196652719665274
0 0.03596698113207547 0.09414225941422594 0.07193396226415094 0.18828451882845187
