0 0.9205020920502092 0.7 0.14644351464435146 0.01647058823529412
0 0.9780334728033473 0.61 0.043933054393305436 0.041176470588235294
0 0.797071129707113 0.6052941176470589 0.04602510460251046 0.03882352941176471
0 0.9728033472803347 0.5735294117647058 0.05439330543933055 0.036470588235294116
0 0.19142259414225943 0.6705882352941176 0.01882845188284519 0.24941176470588236
0 0.8901673640167364 0.5729411764705883 0.07322175732217573 0.12470588235294118
0 0.8441422594142259 0.48294117647058826 0.1108786610878661 0.024705882352941175
0 0.2907949790794979 0.45941176470588235 0.058577405857740586 0.01764705882352941
0 0.027196652719665274 0.4958823529411765 0.05439330543933055 0.11176470588235295
0 0.034518828451882845 0.3764705882352941 0.043933054393305436 0.02588235294117647
0 0.100418410041841 0.3588235294117647 0.200836820083682 0.07294117647058823
0 0.8430962343096234 0.3129411764705882 0.07531380753138076 0.023529411764705882
0 0.6108786610878661 0.2711764705882353 0.12133891213389121 0.03176470588235294
0 0.48221757322175735 0.26588235294117646 0.12761506276150628 0.03294117647058824
0 0.9424686192468619 0.20352941176470588 0.11506276150627615 0.09411764705882353
0 0.8859832635983264 0.16294117647058823 0.10251046025104603 0.03882352941176471
0 0.9602510460251046 0.09470588235294118 0.0794979079497908 0.027058823529411764
0 0.9205020920502092 0.7 0.14644351464435146 0.01647058823529412
0 0.9780334728033473 0.61 0.043933054393305436 0.041176470588235294
0 0.797071129707113 0.6052941176470589 0.04602510460251046 0.03882352941176471
0 0.9728033472803347 0.5735294117647058 0.05439330543933055 0.036470588235294116
0 0.19142259414225943 0.6705882352941176 0.01882845188284519 0.24941176470588236
0 0.8901673640167364 0.5729411764705883 0.07322175732217573 0.12470588235294118
0 0.8441422594142259 0.48294117647058826 0.1108786610878661 0.024705882352941175
0 0.2907949790794979 0.45941176470588235 0.058577405857740586 0.01764705882352941
0 0.027196652719665274 0.4958823529411765 0.05439330543933055 0.11176470588235295
0 0.034518828451882845 0.3764705882352941 0.043933054393305436 0.02588235294117647
0 0.100418410041841 0.3588235294117647 0.200836820083682 0.07294117647058823
0 0.8430962343096234 0.3129411764705882 0.07531380753138076 0.023529411764705882
0 0.6108786610878661 0.2711764705882353 0.12133891213389121 0.03176470588235294
0 0.48221757322175735 0.26588235294117646 0.12761506276150628 0.03294117647058824
0 0.9424686192468619 0.20352941176470588 0.11506276150627615 0.09411764705882353
0 0.8859832635983264 0.16294117647058823 0.10251046025104603 0.03882352941176471
0 0.9602510460251046 0.09470588235294118 0.0794979079497908 0.027058823529411764
