0 0.9476987447698745 0.9764705882352941 0.10460251046025104 0.047058823529411764
0 0.3410041841004184 0.8194117647058824 0.03347280334728033 0.03411764705882353
0 0.4361924686192469 0.8235294117647058 0.0397489539748954 0.05411764705882353
0 0.5282426778242678 0.8282352941176471 0.09414225941422594 0.1223529411764706
0 0.9246861924686193 0.7776470588235294 0.07112970711297072 0.02823529411764706
0 0.9728033472803347 0.7652941176470588 0.05439330543933055 0.029411764705882353
0 0.850418410041841 0.7494117647058823 0.07322175732217573 0.03058823529411765
0 0.6150627615062761 0.7294117647058823 0.03347280334728033 0.018823529411764704
0 0.6652719665271967 0.8311764705882353 0.0502092050209205 0.23647058823529413
0 0.7583682008368201 0.7164705882352941 0.10251046025104603 0.042352941176470586
0 0.2719665271966527 0.7270588235294118 0.1087866108786611 0.08
0 0.7615062761506276 0.6064705882352941 0.11715481171548117 0.17294117647058824
0 0.29811715481171547 0.32588235294117646 0.05230125523012552 0.03294117647058824
0 0.036610878661087864 0.2988235294117647 0.07322175732217573 0.05411764705882353
0 0.9131799163179917 0.28647058823529414 0.1192468619246862 0.04588235294117647
0 0.9654811715481172 0.2641176470588235 0.06903765690376569 0.012941176470588235
0 0.303347280334728 0.29058823529411765 0.07112970711297072 0.0988235294117647
0 0.8043933054393305 0.24764705882352941 0.12343096234309624 0.06941176470588235
0 0.34518828451882844 0.2923529411764706 0.029288702928870293 0.2529411764705882
0 0.3106694560669456 0.20176470588235293 0.07322175732217573 0.07176470588235294
0 0.3148535564853556 0.14294117647058824 0.06485355648535565 0.010588235294117647
0 0.4801255230125523 0.13529411764705881 0.10251046025104603 0.01647058823529412
0 0.752092050209205 0.15588235294117647 0.13598326359832635 0.07647058823529412
0 0.4686192468619247 0.12 0.058577405857740586 0.011764705882352941
0 0.2698744769874477 0.10352941176470588 0.06276150627615062 0.01647058823529412
0 0.16527196652719664 0.04941176470588235 0.04602510460251046 0.03529411764705882
0 0.3786610878661088 0.07764705882352942 0.0502092050209205 0.1011764705882353
0 0.4110878661087866 0.010588235294117647 0.07740585774058577 0.021176470588235293
