0 0.37343096234309625 0.9247058823529412 0.10251046025104603 0.03764705882352941
0 0.7677824267782427 0.8464705882352941 0.03765690376569038 0.07176470588235294
0 0.9184100418410042 0.8047058823529412 0.16317991631799164 0.04941176470588235
0 0.8221757322175732 0.7441176470588236 0.06694560669456066 0.1564705882352941
0 0.9278242677824268 0.7011764705882353 0.1401673640167364 0.11529411764705882
0 0.9142259414225942 0.58 0.07112970711297072 0.03764705882352941
0 0.9675732217573222 0.3629411764705882 0.06485355648535565 0.015294117647058824
0 0.6244769874476988 0.3352941176470588 0.15690376569037656 0.08
0 0.797071129707113 0.2964705882352941 0.14644351464435146 0.04
0 0.8462343096234309 0.2876470588235294 0.043933054393305436 0.024705882352941175
0 0.9780334728033473 0.20470588235294118 0.043933054393305436 0.058823529411764705
0 0.952928870292887 0.10823529411764705 0.09414225941422594 0.04470588235294118
0 0.9612970711297071 0.02235294117647059 0.07740585774058577 0.04470588235294118
