0 0.606694560669456 0.9552941176470588 0.100418410041841 0.08941176470588236
0 0.13493723849372385 0.951764705882353 0.18619246861924685 0.09647058823529411
0 0.9864016736401674 0.7370588235294118 0.027196652719665274 0.041176470588235294
0 0.6527196652719666 0.6647058823529411 0.2594142259414226 0.01411764705882353
0 0.4476987447698745 0.5617647058823529 0.1506276150627615 0.029411764705882353
0 0.13702928870292888 0.5658823529411765 0.027196652719665274 0.05176470588235294
0 0.9665271966527197 0.5094117647058823 0.06694560669456066 0.021176470588235293
0 0.13702928870292888 0.4711764705882353 0.03138075313807531 0.036470588235294116
0 0.46548117154811713 0.19294117647058823 0.1401673640167364 0.03058823529411765
0 0.2709205020920502 0.1888235294117647 0.03556485355648536 0.029411764705882353
0 0.9780334728033473 0.19176470588235295 0.043933054393305436 0.22823529411764706
0 0.8838912133891214 0.036470588235294116 0.14435146443514643 0.07294117647058823
0 0.7709205020920502 0.03294117647058824 0.12343096234309624 0.06588235294117648
