0 0.7635983263598326 0.8029411764705883 0.14644351464435146 0.03882352941176471
0 0.5052301255230126 0.7964705882352942 0.1108786610878661 0.03058823529411765
0 0.34414225941422594 0.7358823529411764 0.10251046025104603 0.02235294117647059
0 0.5815899581589958 0.6935294117647058 0.1506276150627615 0.036470588235294116
0 0.9654811715481172 0.6852941176470588 0.06903765690376569 0.04588235294117647
0 0.33577405857740583 0.49411764705882355 0.027196652719665274 0.042352941176470586
0 0.27824267782426776 0.49470588235294116 0.07112970711297072 0.05529411764705883
0 0.5094142259414226 0.4758823529411765 0.060669456066945605 0.041176470588235294
0 0.647489539748954 0.46705882352941175 0.03556485355648536 0.02823529411764706
0 0.6705020920502092 0.4547058823529412 0.03556485355648536 0.029411764705882353
0 0.602510460251046 0.46352941176470586 0.04184100418410042 0.047058823529411764
0 0.9696652719665272 0.4288235294117647 0.043933054393305436 0.03882352941176471
0 0.4382845188284519 0.4117647058823529 0.10251046025104603 0.021176470588235293
0 0.34623430962343094 0.4117647058823529 0.06903765690376569 0.021176470588235293
