0 0.5 0.9163179916317992 1.0 0.16736401673640167
0 0.09080188679245282 0.8817991631799164 0.12735849056603774 0.11506276150627615
0 0.9775943396226415 0.7248953974895398 0.04481132075471698 0.08158995815899582
0 0.9758254716981132 0.6725941422594143 0.04834905660377359 0.06485355648535565
0 0.21580188679245282 0.7248953974895398 0.125 0.19456066945606695
0 0.9675707547169812 0.5836820083682008 0.03891509433962264 0.08786610878661087
0 0.3720518867924528 0.5575313807531381 0.1474056603773585 0.0899581589958159
0 0.5843160377358491 0.5449790794979079 0.11910377358490566 0.09832635983263599
0 0.8738207547169812 0.649581589958159 0.07311320754716981 0.3158995815899582
0 0.6073113207547169 0.3294979079497908 0.0589622641509434 0.06485355648535565
0 0.9923349056603774 0.23744769874476987 0.015330188679245283 0.04811715481171548
0 0.6774764150943396 0.22489539748953974 0.036556603773584904 0.04811715481171548
0 0.6255896226415094 0.2290794979079498 0.027122641509433963 0.056485355648535567
0 0.7122641509433962 0.22489539748953974 0.025943396226415096 0.05230125523012552
0 0.75 0.10146443514644352 0.04481132075471698 0.0899581589958159
0 0.9899764150943396 0.0397489539748954 0.020047169811320754 0.0794979079497908
0 0.9498820754716981 0.07531380753138076 0.05070754716981132 0.1506276150627615
