0 0.13179916317991633 0.9023529411764706 0.06276150627615062 0.0611764705882353
0 0.41736401673640167 0.8823529411764706 0.3117154811715481 0.05176470588235294
0 0.41422594142259417 0.8576470588235294 0.2217573221757322 0.042352941176470586
0 0.899581589958159 0.8464705882352941 0.200836820083682 0.04588235294117647
0 0.8755230125523012 0.8047058823529412 0.056485355648535567 0.011764705882352941
0 0.9079497907949791 0.8176470588235294 0.18410041841004185 0.04470588235294118
0 0.9393305439330544 0.7976470588235294 0.07112970711297072 0.01411764705882353
0 0.9299163179916318 0.6252941176470588 0.1192468619246862 0.01764705882352941
0 0.22698744769874477 0.5635294117647058 0.16108786610878661 0.08
0 0.4801255230125523 0.5323529411764706 0.1903765690376569 0.08823529411764706
0 0.07635983263598327 0.49823529411764705 0.06903765690376569 0.07882352941176471
0 0.4236401673640167 0.4464705882352941 0.10251046025104603 0.07647058823529412
0 0.2928870292887029 0.38176470588235295 0.09623430962343096 0.37058823529411766
0 0.5690376569037657 0.21352941176470588 0.05439330543933055 0.052941176470588235
