0 0.652122641509434 0.8315899581589958 0.07075471698113207 0.0899581589958159
0 0.49174528301886794 0.7949790794979079 0.06132075471698113 0.08786610878661087
0 0.9917452830188679 0.7803347280334728 0.01650943396226415 0.09205020920502092
0 0.2670990566037736 0.7259414225941423 0.08372641509433962 0.02510460251046025
0 0.46403301886792453 0.6841004184100419 0.04834905660377359 0.02092050209205021
0 0.6639150943396226 0.6234309623430963 0.0660377358490566 0.02510460251046025
0 0.7954009433962265 0.5920502092050209 0.07429245283018868 0.0502092050209205
0 0.37912735849056606 0.5188284518828452 0.0294811320754717 0.08786610878661087
0 0.03242924528301887 0.5073221757322176 0.01768867924528302 0.07322175732217573
0 0.49410377358490565 0.4790794979079498 0.04009433962264151 0.11715481171548117
0 0.6851415094339622 0.45083682008368203 0.018867924528301886 0.06903765690376569
0 0.7629716981132075 0.40690376569037656 0.06367924528301887 0.16108786610878661
0 0.7028301886792453 0.4027196652719665 0.04481132075471698 0.16108786610878661
0 0.8349056603773585 0.4393305439330544 0.014150943396226415 0.24686192468619247
0 0.17747641509433962 0.25732217573221755 0.04363207547169811 0.04602510460251046
0 0.04540094339622641 0.25732217573221755 0.0294811320754717 0.07112970711297072
0 0.21875 0.22384937238493724 0.12617924528301888 0.09623430962343096
0 0.15271226415094338 0.200836820083682 0.27240566037735847 0.0794979079497908
0 0.48879716981132076 0.008368200836820083 0.09551886792452831 0.016736401673640166
0 0.29009433962264153 0.01882845188284519 0.025943396226415096 0.03765690376569038
