0 0.9675732217573222 0.9941176470588236 0.06485355648535565 0.011764705882352941
0 0.12761506276150628 0.8623529411764705 0.1297071129707113 0.058823529411764705
0 0.37447698744769875 0.8529411764705882 0.05439330543933055 0.04941176470588235
0 0.22280334728033474 0.7976470588235294 0.04811715481171548 0.023529411764705882
0 0.03138075313807531 0.7488235294117647 0.03765690376569038 0.027058823529411764
0 0.36715481171548114 0.768235294117647 0.14435146443514643 0.11058823529411765
0 0.15376569037656904 0.7247058823529412 0.06903765690376569 0.06588235294117648
0 0.6506276150627615 0.4988235294117647 0.1799163179916318 0.10352941176470588
0 0.9748953974895398 0.4423529411764706 0.0502092050209205 0.01647058823529412
0 0.8922594142259415 0.44529411764705884 0.09414225941422594 0.03176470588235294
0 0.7175732217573222 0.4476470588235294 0.06694560669456066 0.04823529411764706
0 0.9257322175732218 0.4047058823529412 0.08158995815899582 0.01411764705882353
0 0.6956066945606695 0.39588235294117646 0.15690376569037656 0.06470588235294118
0 0.9456066945606695 0.2923529411764706 0.1087866108786611 0.05058823529411765
0 0.46338912133891214 0.23823529411764705 0.23640167364016737 0.015294117647058824
0 0.3587866108786611 0.20058823529411765 0.06485355648535565 0.041176470588235294
0 0.6035564853556485 0.21352941176470588 0.40376569037656906 0.09294117647058824
0 0.9780334728033473 0.13470588235294118 0.043933054393305436 0.03882352941176471
0 0.9382845188284519 0.06705882352941177 0.0397489539748954 0.1223529411764706
