0 0.3577405857740586 0.788235294117647 0.09623430962343096 0.01411764705882353
0 0.5585774058577406 0.7770588235294118 0.07531380753138076 0.02235294117647059
0 0.5292887029288703 0.6505882352941177 0.08786610878661087 0.04470588235294118
0 0.8891213389121339 0.5370588235294118 0.04602510460251046 0.036470588235294116
0 0.9205020920502092 0.5423529411764706 0.06276150627615062 0.05411764705882353
0 0.8326359832635983 0.5311764705882352 0.058577405857740586 0.036470588235294116
0 0.4801255230125523 0.5117647058823529 0.03556485355648536 0.04941176470588235
0 0.032426778242677826 0.32588235294117646 0.06485355648535565 0.01411764705882353
0 0.10460251046025104 0.33588235294117647 0.06694560669456066 0.03882352941176471
0 0.03556485355648536 0.2164705882352941 0.07112970711297072 0.021176470588235293
0 0.05439330543933055 0.10294117647058823 0.1087866108786611 0.02235294117647059
