0 0.029288702928870293 0.8058823529411765 0.058577405857740586 0.05411764705882353
0 0.25627615062761505 0.5982352941176471 0.09414225941422594 0.036470588235294116
0 0.7803347280334728 0.5811764705882353 0.029288702928870293 0.03764705882352941
0 0.24790794979079497 0.5552941176470588 0.09414225941422594 0.03058823529411765
0 0.35251046025104604 0.49470588235294116 0.10669456066945607 0.024705882352941175
0 0.02510460251046025 0.5641176470588235 0.0502092050209205 0.17294117647058824
0 0.2594142259414226 0.4258823529411765 0.18410041841004185 0.01411764705882353
0 0.01778242677824268 0.3452941176470588 0.03556485355648536 0.01764705882352941
0 0.06903765690376569 0.17647058823529413 0.04184100418410042 0.03058823529411765
0 0.06799163179916318 0.14352941176470588 0.043933054393305436 0.04941176470588235
