0 0.17573221757322174 0.9947058823529412 0.1799163179916318 0.010588235294117647
0 0.5083682008368201 0.7376470588235294 0.2384937238493724 0.04941176470588235
0 0.5115062761506276 0.6876470588235294 0.2280334728033473 0.05058823529411765
0 0.7092050209205021 0.6347058823529412 0.1506276150627615 0.03882352941176471
0 0.502092050209205 0.6105882352941177 0.1087866108786611 0.07764705882352942
0 0.5271966527196653 0.601764705882353 0.18828451882845187 0.08588235294117647
0 0.6558577405857741 0.4052941176470588 0.060669456066945605 0.024705882352941175
0 0.5983263598326359 0.40176470588235297 0.0794979079497908 0.03411764705882353
0 0.647489539748954 0.36764705882352944 0.06485355648535565 0.027058823529411764
0 0.2709205020920502 0.33941176470588236 0.03556485355648536 0.04352941176470588
0 0.7907949790794979 0.22411764705882353 0.06694560669456066 0.06470588235294118
