0 0.013598326359832637 0.8041176470588235 0.027196652719665274 0.03411764705882353
0 0.16631799163179917 0.8 0.1108786610878661 0.05647058823529412
0 0.17573221757322174 0.7482352941176471 0.11715481171548117 0.05411764705882353
0 0.9309623430962343 0.49823529411764705 0.13807531380753138 0.041176470588235294
0 0.23326359832635984 0.46352941176470586 0.1108786610878661 0.02823529411764706
0 0.8682008368200836 0.3911764705882353 0.058577405857740586 0.08823529411764706
0 0.702928870292887 0.32235294117647056 0.1589958158995816 0.047058823529411764
0 0.6391213389121339 0.2847058823529412 0.03556485355648536 0.023529411764705882
0 0.8472803347280334 0.24176470588235294 0.1297071129707113 0.06941176470588235
0 0.9225941422594143 0.05941176470588235 0.15481171548117154 0.036470588235294116
0 0.9414225941422594 0.02176470588235294 0.11715481171548117 0.024705882352941175
0 0.15585774058577406 0.02176470588235294 0.2280334728033473 0.03176470588235294
0 0.40585774058577406 0.011176470588235295 0.10460251046025104 0.015294117647058824
0 0.7468619246861925 0.03882352941176471 0.09623430962343096 0.07764705882352942
