0 0.6586084905660378 0.8650627615062761 0.04363207547169811 0.04811715481171548
0 0.9893867924528302 0.7060669456066946 0.02122641509433962 0.06903765690376569
0 0.02653301886792453 0.6809623430962343 0.024764150943396228 0.1108786610878661
0 0.1409198113207547 0.696652719665272 0.01768867924528302 0.19665271966527198
0 0.9823113207547169 0.5073221757322176 0.03537735849056604 0.09832635983263599
0 0.22228773584905662 0.4131799163179916 0.09316037735849056 0.06485355648535565
0 0.21933962264150944 0.3493723849372385 0.09198113207547169 0.06276150627615062
0 0.18278301886792453 0.2897489539748954 0.02358490566037736 0.056485355648535567
0 0.9587264150943396 0.2384937238493724 0.0330188679245283 0.03347280334728033
0 0.020636792452830188 0.10146443514644352 0.03419811320754717 0.12761506276150628
0 0.38620283018867924 0.03347280334728033 0.008254716981132075 0.06694560669456066
0 0.33549528301886794 0.02092050209205021 0.03419811320754717 0.04184100418410042
