0 0.6928066037735849 0.9686192468619247 0.0294811320754717 0.029288702928870293
0 0.6957547169811321 0.9341004184100419 0.02830188679245283 0.03138075313807531
0 0.8372641509433962 0.8744769874476988 0.02830188679245283 0.1589958158995816
0 0.18867924528301888 0.75418410041841 0.054245283018867926 0.0397489539748954
0 0.05601415094339623 0.7646443514644351 0.060141509433962265 0.06485355648535565
0 0.0076650943396226415 0.7207112970711297 0.015330188679245283 0.09414225941422594
0 0.13561320754716982 0.6882845188284519 0.07311320754716981 0.0794979079497908
0 0.8030660377358491 0.6820083682008368 0.02122641509433962 0.08368200836820083
0 0.808372641509434 0.5847280334728033 0.027122641509433963 0.08158995815899582
0 0.10731132075471699 0.5282426778242678 0.0589622641509434 0.07322175732217573
0 0.39917452830188677 0.48640167364016734 0.024764150943396228 0.05230125523012552
0 0.6043632075471698 0.44142259414225943 0.02240566037735849 0.0502092050209205
0 0.6149764150943396 0.22594142259414227 0.09787735849056604 0.07531380753138076
0 0.44752358490566035 0.2510460251046025 0.041273584905660375 0.1799163179916318
0 0.5430424528301887 0.18619246861924685 0.05306603773584906 0.05439330543933055
0 0.41391509433962265 0.2405857740585774 0.03537735849056604 0.1799163179916318
0 0.23349056603773585 0.14539748953974896 0.02358490566037736 0.060669456066945605
0 0.4522405660377358 0.13389121338912133 0.07193396226415094 0.0502092050209205
0 0.839622641509434 0.1788702928870293 0.018867924528301886 0.14435146443514643
0 0.19870283018867924 0.10355648535564854 0.03891509433962264 0.06485355648535565
0 0.27358490566037735 0.06694560669456066 0.08490566037735849 0.058577405857740586
0 0.6073113207547169 0.08054393305439331 0.08254716981132075 0.10251046025104603
0 0.6668632075471698 0.09205020920502092 0.05070754716981132 0.14225941422594143
0 0.5949292452830188 0.013598326359832637 0.11674528301886793 0.027196652719665274
