0 0.5251046025104602 0.9664705882352941 0.07112970711297072 0.03176470588235294
0 0.2384937238493724 0.8176470588235294 0.04602510460251046 0.02588235294117647
0 0.44037656903765693 0.8323529411764706 0.16108786610878661 0.06235294117647059
0 0.5334728033472803 0.7647058823529411 0.08786610878661087 0.04941176470588235
0 0.3054393305439331 0.721764705882353 0.04602510460251046 0.03411764705882353
0 0.6893305439330544 0.7394117647058823 0.13598326359832635 0.08823529411764706
0 0.22489539748953974 0.6864705882352942 0.06485355648535565 0.08588235294117647
0 0.11820083682008369 0.44823529411764707 0.03556485355648536 0.023529411764705882
0 0.9393305439330544 0.4505882352941176 0.12133891213389121 0.0611764705882353
0 0.15271966527196654 0.4623529411764706 0.06276150627615062 0.19058823529411764
0 0.9728033472803347 0.3352941176470588 0.03347280334728033 0.03294117647058824
0 0.9121338912133892 0.3241176470588235 0.0794979079497908 0.02
0 0.15271966527196654 0.3288235294117647 0.11715481171548117 0.12352941176470589
0 0.9131799163179917 0.17647058823529413 0.17364016736401675 0.047058823529411764
0 0.6746861924686193 0.17294117647058824 0.13179916317991633 0.04470588235294118
0 0.6600418410041841 0.1723529411764706 0.12343096234309624 0.06
0 0.08472803347280335 0.1011764705882353 0.0397489539748954 0.03764705882352941
