0 0.14748953974895398 0.9958823529411764 0.12343096234309624 0.00823529411764706
0 0.5135983263598326 0.7029411764705882 0.22384937238493724 0.03176470588235294
0 0.42677824267782427 0.6811764705882353 0.05439330543933055 0.02823529411764706
0 0.5209205020920502 0.6447058823529411 0.10460251046025104 0.04
0 0.7447698744769874 0.63 0.2217573221757322 0.06
0 0.49581589958158995 0.6064705882352941 0.09205020920502092 0.05764705882352941
0 0.5271966527196653 0.6035294117647059 0.2175732217573222 0.08235294117647059
0 0.6202928870292888 0.4041176470588235 0.15271966527196654 0.041176470588235294
0 0.27719665271966526 0.3423529411764706 0.03556485355648536 0.042352941176470586
0 0.23430962343096234 0.2664705882352941 0.16317991631799164 0.041176470588235294
0 0.23744769874476987 0.22705882352941176 0.16527196652719664 0.042352941176470586
0 0.801255230125523 0.22941176470588234 0.06694560669456066 0.06352941176470588
0 0.18200836820083682 0.18411764705882352 0.04602510460251046 0.03411764705882353
