0 0.8640167364016736 0.9664705882352941 0.2719665271966527 0.036470588235294116
0 0.8797071129707112 0.9335294117647058 0.04811715481171548 0.02235294117647059
0 0.9476987447698745 0.9164705882352941 0.06276150627615062 0.04470588235294118
0 0.5753138075313807 0.8488235294117648 0.029288702928870293 0.06470588235294118
0 0.9173640167364017 0.85 0.16527196652719664 0.08588235294117647
0 0.8682008368200836 0.8111764705882353 0.12133891213389121 0.024705882352941175
0 0.8002092050209205 0.84 0.11506276150627615 0.10588235294117647
0 0.645397489539749 0.7694117647058824 0.02301255230125523 0.04
0 0.8064853556485355 0.7547058823529412 0.056485355648535567 0.015294117647058824
0 0.9560669456066946 0.7505882352941177 0.08786610878661087 0.03529411764705882
0 0.9780334728033473 0.6988235294117647 0.043933054393305436 0.03529411764705882
0 0.8472803347280334 0.7076470588235294 0.11715481171548117 0.09294117647058824
0 0.9895397489539749 0.6052941176470589 0.02092050209205021 0.04352941176470588
0 0.9602510460251046 0.5158823529411765 0.04602510460251046 0.012941176470588235
0 0.8817991631799164 0.5141176470588236 0.07322175732217573 0.01411764705882353
0 0.9006276150627615 0.49058823529411766 0.09414225941422594 0.01411764705882353
0 0.9759414225941423 0.36764705882352944 0.04811715481171548 0.05764705882352941
0 0.9403765690376569 0.30470588235294116 0.09832635983263599 0.03294117647058824
0 0.7751046025104602 0.2535294117647059 0.07740585774058577 0.04588235294117647
0 0.6757322175732218 0.24941176470588236 0.09205020920502092 0.04
0 0.9560669456066946 0.20352941176470588 0.08786610878661087 0.04941176470588235
0 0.8734309623430963 0.008823529411764706 0.25313807531380755 0.01764705882352941
0 0.3619246861924686 0.0058823529411764705 0.27615062761506276 0.011764705882352941
