0 0.9079497907949791 0.9623529411764706 0.11715481171548117 0.058823529411764705
0 0.6820083682008368 0.7911764705882353 0.06694560669456066 0.01764705882352941
0 0.602510460251046 0.44058823529411767 0.22594142259414227 0.027058823529411764
0 0.38389121338912136 0.31823529411764706 0.03556485355648536 0.03411764705882353
0 0.2395397489539749 0.31470588235294117 0.0397489539748954 0.03176470588235294
0 0.6223849372384938 0.17705882352941177 0.32426778242677823 0.03176470588235294
0 0.33472803347280333 0.15705882352941178 0.1506276150627615 0.09294117647058824
0 0.5575313807531381 0.12823529411764706 0.23640167364016737 0.04941176470588235
0 0.7332635983263598 0.10235294117647059 0.09832635983263599 0.01647058823529412
0 0.8556485355648535 0.1111764705882353 0.0794979079497908 0.08823529411764706
0 0.17468619246861924 0.09352941176470589 0.3200836820083682 0.052941176470588235
0 0.9518828451882845 0.027647058823529413 0.09623430962343096 0.03411764705882353
0 0.5324267782426778 0.008823529411764706 0.027196652719665274 0.01764705882352941
0 0.4309623430962343 0.013529411764705882 0.03347280334728033 0.027058823529411764
0 0.3807531380753138 0.015294117647058824 0.03347280334728033 0.03058823529411765
0 0.28451882845188287 0.019411764705882354 0.029288702928870293 0.03882352941176471
0 0.24163179916317992 0.021176470588235293 0.02301255230125523 0.042352941176470586
