0 0.44142259414225943 0.9829411764705882 0.016736401673640166 0.03411764705882353
0 0.12866108786610878 0.9764705882352941 0.06903765690376569 0.047058823529411764
0 0.3619246861924686 0.9729411764705882 0.04184100418410042 0.05411764705882353
0 0.49581589958158995 0.7352941176470589 0.4769874476987448 0.0611764705882353
0 0.4665271966527197 0.638235294117647 0.2384937238493724 0.06
0 0.7332635983263598 0.5758823529411765 0.04811715481171548 0.052941176470588235
0 0.9121338912133892 0.4623529411764706 0.17573221757322174 0.06352941176470588
0 0.6997907949790795 0.42764705882352944 0.060669456066945605 0.03176470588235294
0 0.1705020920502092 0.46058823529411763 0.056485355648535567 0.18
0 0.7698744769874477 0.28 0.06276150627615062 0.021176470588235293
0 0.8817991631799164 0.20411764705882354 0.10251046025104603 0.0976470588235294
0 0.6464435146443515 0.10647058823529412 0.05439330543933055 0.041176470588235294
