0 0.6527196652719666 0.85 0.04602510460251046 0.03176470588235294
0 0.350418410041841 0.8388235294117647 0.060669456066945605 0.03764705882352941
0 0.4089958158995816 0.8382352941176471 0.043933054393305436 0.03882352941176471
0 0.29602510460251047 0.8388235294117647 0.05230125523012552 0.04
0 0.22384937238493724 0.8364705882352941 0.05439330543933055 0.04
0 0.13598326359832635 0.8311764705882353 0.06694560669456066 0.041176470588235294
0 0.2834728033472803 0.7964705882352942 0.03138075313807531 0.01647058823529412
0 0.2384937238493724 0.7947058823529412 0.03347280334728033 0.01764705882352941
0 0.2290794979079498 0.7147058823529412 0.19874476987447698 0.012941176470588235
0 0.49476987447698745 0.5841176470588235 0.043933054393305436 0.15176470588235294
0 0.2688284518828452 0.49470588235294116 0.3912133891213389 0.027058823529411764
0 0.5993723849372385 0.4158823529411765 0.16108786610878661 0.05529411764705883
0 0.6129707112970711 0.36941176470588233 0.16317991631799164 0.05647058823529412
0 0.6056485355648535 0.3905882352941176 0.19874476987447698 0.1223529411764706
0 0.8305439330543933 0.33647058823529413 0.04184100418410042 0.021176470588235293
0 0.8682008368200836 0.2447058823529412 0.09623430962343096 0.07764705882352942
0 0.8901673640167364 0.01411764705882353 0.06903765690376569 0.02823529411764706
