0 0.74581589958159 0.778235294117647 0.18200836820083682 0.17058823529411765
0 0.8859832635983264 0.6758823529411765 0.09414225941422594 0.06941176470588235
0 0.9874476987447699 0.6223529411764706 0.02510460251046025 0.03529411764705882
0 0.9654811715481172 0.5894117647058823 0.03556485355648536 0.04
0 0.698744769874477 0.5652941176470588 0.0794979079497908 0.08352941176470588
0 0.9267782426778243 0.5117647058823529 0.14644351464435146 0.08705882352941176
0 0.2301255230125523 0.4252941176470588 0.4602510460251046 0.03411764705882353
0 0.8964435146443515 0.4088235294117647 0.03138075313807531 0.03176470588235294
0 0.03347280334728033 0.41294117647058826 0.06694560669456066 0.04470588235294118
0 0.043933054393305436 0.3811764705882353 0.0502092050209205 0.05647058823529412
0 0.7615062761506276 0.17588235294117646 0.08368200836820083 0.04352941176470588
0 0.04184100418410042 0.07529411764705882 0.08368200836820083 0.021176470588235293
0 0.9612970711297071 0.051176470588235295 0.043933054393305436 0.03176470588235294
0 0.8608786610878661 0.007058823529411765 0.04811715481171548 0.01411764705882353
0 0.7594142259414226 0.02235294117647059 0.08786610878661087 0.04470588235294118
