0 0.37028301886792453 0.7154811715481172 0.07311320754716981 0.08368200836820083
0 0.9109669811320755 0.6663179916317992 0.04834905660377359 0.08158995815899582
0 0.7393867924528302 0.6422594142259415 0.03537735849056604 0.06276150627615062
0 0.7600235849056604 0.6349372384937239 0.027122641509433963 0.10251046025104603
0 0.7806603773584906 0.6401673640167364 0.0330188679245283 0.12133891213389121
0 0.7393867924528302 0.5910041841004184 0.01650943396226415 0.05230125523012552
0 0.47995283018867924 0.5972803347280334 0.02830188679245283 0.12761506276150628
0 0.13738207547169812 0.5878661087866108 0.0294811320754717 0.13389121338912133
0 0.12441037735849056 0.4665271966527197 0.015330188679245283 0.07112970711297072
0 0.4834905660377358 0.46548117154811713 0.030660377358490566 0.12343096234309624
0 0.8891509433962265 0.49372384937238495 0.05188679245283019 0.2175732217573222
0 0.21992924528301888 0.3922594142259414 0.020047169811320754 0.08577405857740586
0 0.6869103773584906 0.5115062761506276 0.08608490566037735 0.34518828451882844
0 0.14268867924528303 0.3158995815899582 0.030660377358490566 0.02092050209205021
0 0.3897405660377358 0.3054393305439331 0.045990566037735846 0.06694560669456066
0 0.9870283018867925 0.3305439330543933 0.025943396226415096 0.20502092050209206
0 0.8637971698113207 0.25523012552301255 0.04834905660377359 0.22594142259414227
0 0.16214622641509435 0.1694560669456067 0.01768867924528302 0.08786610878661087
0 0.7299528301886793 0.13702928870292888 0.02122641509433962 0.07322175732217573
0 0.8018867924528302 0.14539748953974896 0.0330188679245283 0.15690376569037656
0 0.04363207547169811 0.11192468619246862 0.04481132075471698 0.13179916317991633
0 0.7889150943396226 0.03765690376569038 0.0330188679245283 0.03347280334728033
0 0.11084905660377359 0.04079497907949791 0.06132075471698113 0.06903765690376569
0 0.9610849056603774 0.1108786610878661 0.030660377358490566 0.2217573221757322
0 0.9375 0.08368200836820083 0.02358490566037736 0.16736401673640167
0 0.8413915094339622 0.06589958158995816 0.03891509433962264 0.13179916317991633
0 0.7653301886792453 0.02092050209205021 0.06367924528301887 0.04184100418410042
