0 0.9097877358490566 0.9058577405857741 0.055424528301886794 0.100418410041841
0 0.49115566037735847 0.7573221757322176 0.10495283018867925 0.02510460251046025
0 0.9829009433962265 0.7709205020920502 0.03419811320754717 0.08158995815899582
0 0.9811320754716981 0.7165271966527197 0.03773584905660377 0.06903765690376569
0 0.10200471698113207 0.6516736401673641 0.03891509433962264 0.060669456066945605
0 0.8844339622641509 0.7280334728033473 0.07075471698113207 0.2510460251046025
0 0.9770047169811321 0.6265690376569037 0.03891509433962264 0.0899581589958159
0 0.388561320754717 0.5135983263598326 0.1615566037735849 0.12343096234309624
0 0.6987028301886793 0.2604602510460251 0.2275943396226415 0.10669456066945607
0 0.5495283018867925 0.18514644351464435 0.02358490566037736 0.060669456066945605
0 0.6727594339622641 0.18200836820083682 0.08608490566037735 0.06276150627615062
0 0.7582547169811321 0.17782426778242677 0.07783018867924528 0.06276150627615062
0 0.9551886792452831 0.09414225941422594 0.06132075471698113 0.18828451882845187
0 0.7547169811320755 0.029288702928870293 0.018867924528301886 0.058577405857740586
