0 0.8169456066945606 0.8029411764705883 0.2615062761506276 0.04352941176470588
0 0.4895397489539749 0.7941176470588235 0.1087866108786611 0.03294117647058824
0 0.33368200836820083 0.7323529411764705 0.0899581589958159 0.024705882352941175
0 0.5742677824267782 0.6929411764705883 0.16108786610878661 0.03764705882352941
0 0.9623430962343096 0.6858823529411765 0.07531380753138076 0.047058823529411764
0 0.32217573221757323 0.49176470588235294 0.02510460251046025 0.042352941176470586
0 0.26359832635983266 0.4923529411764706 0.06694560669456066 0.05529411764705883
0 0.49686192468619245 0.4723529411764706 0.060669456066945605 0.041176470588235294
0 0.6380753138075314 0.4641176470588235 0.03765690376569038 0.029411764705882353
0 0.549163179916318 0.4682352941176471 0.02301255230125523 0.04
0 0.6610878661087866 0.45294117647058824 0.03765690376569038 0.03058823529411765
0 0.5910041841004184 0.46058823529411763 0.0397489539748954 0.04823529411764706
0 0.7133891213389121 0.45176470588235296 0.0502092050209205 0.042352941176470586
0 0.7960251046025104 0.43823529411764706 0.04811715481171548 0.05058823529411765
0 0.42573221757322177 0.4088235294117647 0.10251046025104603 0.02235294117647059
0 0.502092050209205 0.1564705882352941 0.06694560669456066 0.02588235294117647
